Order,Day-Order,Time-Order,Day-Ops,Service,Type,Origin,X,Y,Early,Latest,Demand,Service Time 
,,,,,0,1,50,100,,,,0
,,,,,1,1,27,36,,,,15
,,,,,1,1,60,24,,,,15
,,,,,0,2,50,100,,,,0
,,,,,1,2,53,67,,,,15
,,,,,1,2,22,33,,,,15
,,,,,0,3,50,100,,,,0
,,,,,1,3,39,54,,,,15
,,,,,1,3,60,56,,,,15
1,1,0,1,2,3,1,73,4,300,420,1,5
2,1,0,1,1,3,2,41,35,60,180,3,5
3,1,0,1,1,3,2,8,80,60,180,1,5
4,1,0,1,2,3,1,56,52,420,540,1,5
5,1,0,1,1,3,1,3,95,60,180,1,5
6,1,0,1,1,3,2,83,64,60,180,2,5
7,1,0,1,2,3,3,89,19,60,180,2,5
8,1,0,1,1,3,1,80,80,60,180,3,5
9,1,0,1,2,3,3,61,64,180,300,1,5
10,1,0,1,1,3,1,34,78,60,180,2,5
11,1,0,1,2,3,3,2,88,0,300,3,5
12,1,0,1,2,3,2,36,20,300,600,4,5
13,1,0,1,1,3,1,3,35,60,180,4,5
14,1,0,1,2,3,3,91,98,180,300,4,5
15,1,0,1,1,3,2,69,84,60,180,4,5
16,1,0,1,1,3,2,29,75,60,180,4,5
17,1,0,1,1,3,2,16,55,60,180,4,5
18,1,0,1,1,3,3,67,12,60,180,4,5
19,1,0,1,1,3,1,69,82,60,180,4,5
20,1,0,1,1,3,3,94,34,60,180,1,5
21,1,0,1,1,3,2,87,11,60,180,3,5
22,1,0,1,1,3,1,100,84,60,180,1,5
23,1,0,1,2,3,1,5,65,420,540,2,5
24,1,0,1,1,3,2,90,5,60,180,4,5
25,1,0,1,1,3,3,32,21,60,180,3,5
26,1,0,1,1,3,3,35,81,60,180,4,5
27,1,0,1,2,3,3,86,44,420,540,2,5
28,1,0,1,2,3,2,54,35,60,180,3,5
29,1,0,1,1,3,1,45,5,60,180,2,5
30,1,0,1,2,3,1,17,48,60,180,1,5
31,1,0,1,1,3,3,13,37,60,180,3,5
32,1,0,1,2,3,2,21,93,420,540,4,5
33,1,0,1,2,3,1,41,63,180,300,2,5
34,1,0,1,2,3,2,34,52,420,540,4,5
35,1,0,1,2,3,3,42,92,0,300,4,5
36,1,0,1,1,3,2,58,80,60,180,2,5
37,1,0,1,1,3,1,29,21,60,180,4,5
38,1,0,1,2,3,1,57,19,180,300,2,5
39,1,0,1,2,3,1,0,14,60,180,2,5
40,1,0,1,1,3,1,56,100,60,180,1,5
41,1,0,1,1,3,3,77,12,60,180,3,5
42,1,0,1,1,3,1,43,98,60,180,4,5
43,1,0,1,1,3,3,17,58,60,180,4,5
44,1,0,1,1,3,3,96,7,60,180,1,5
45,1,0,1,1,3,2,16,40,60,180,2,5
46,1,0,1,1,3,3,68,7,60,180,3,5
47,1,0,1,2,3,1,57,27,60,180,3,5
48,1,0,1,1,3,1,47,47,60,180,2,5
49,1,0,1,2,3,3,9,97,60,180,2,5
50,1,0,1,1,3,3,79,48,60,180,4,5
51,1,0,1,1,3,1,5,9,60,180,4,5
52,1,0,1,2,3,1,10,78,420,540,1,5
53,1,0,1,1,3,2,79,93,60,180,2,5
54,1,0,1,2,3,1,30,51,0,300,2,5
55,1,0,1,1,3,1,25,89,60,180,3,5
56,1,0,1,1,3,3,51,73,60,180,1,5
57,1,0,1,2,3,1,10,47,0,300,3,5
58,1,0,1,1,3,1,83,47,60,180,1,5
59,1,0,1,2,3,2,30,18,0,300,3,5
60,1,0,1,1,3,1,35,81,60,180,2,5
61,1,0,1,2,3,2,93,33,60,180,4,5
62,1,0,1,2,3,1,25,53,0,300,1,5
63,1,0,1,2,3,2,35,87,0,300,4,5
64,1,0,1,1,3,1,90,94,60,180,1,5
65,1,0,1,1,3,2,36,59,60,180,4,5
66,1,0,1,1,3,1,44,69,60,180,3,5
67,1,0,1,2,3,2,5,62,180,300,2,5
68,1,0,1,2,3,1,12,37,420,540,1,5
69,1,0,1,1,3,2,27,80,60,180,1,5
70,1,0,1,2,3,2,11,94,420,540,4,5
71,1,0,1,1,3,1,91,54,60,180,4,5
72,1,0,1,1,3,3,32,55,60,180,3,5
73,1,0,1,1,3,2,71,39,60,180,1,5
74,1,0,1,1,3,1,28,6,60,180,1,5
75,1,0,1,1,3,3,79,14,60,180,2,5
76,1,0,1,2,3,2,78,75,180,300,3,5
77,1,0,1,1,3,1,86,50,60,180,1,5
78,1,0,1,1,3,1,2,32,60,180,3,5
79,1,0,1,1,3,2,85,93,60,180,4,5
80,1,0,1,1,3,3,95,72,60,180,4,5
81,1,0,1,1,3,3,10,19,60,180,4,5
82,1,0,1,2,3,3,2,50,60,180,4,5
83,1,0,1,1,3,2,1,65,60,180,3,5
84,1,0,1,1,3,1,70,67,60,180,1,5
85,1,0,1,1,3,2,15,48,60,180,2,5
86,1,0,1,2,3,2,32,56,180,300,1,5
87,1,0,1,1,3,1,73,67,60,180,3,5
88,1,0,1,2,3,3,78,45,60,180,1,5
89,1,0,1,2,3,3,53,9,420,540,1,5
90,1,0,1,1,3,2,67,36,60,180,1,5
91,1,0,1,1,3,3,77,54,60,180,1,5
92,1,0,1,1,3,2,27,25,60,180,2,5
93,1,0,1,1,3,3,71,13,60,180,2,5
94,1,0,1,1,3,3,89,21,60,180,4,5
95,1,0,1,2,3,3,39,76,180,300,4,5
96,1,0,1,2,3,2,66,48,300,600,3,5
97,1,0,1,1,3,3,35,57,60,180,2,5
98,1,0,1,1,3,2,88,26,60,180,3,5
99,1,0,1,1,3,2,26,48,60,180,4,5
100,1,0,1,1,3,3,100,17,60,180,2,5
101,1,0,1,2,3,3,91,87,0,300,1,5
102,1,0,1,1,3,3,10,71,60,180,2,5
103,1,0,1,1,3,2,69,3,60,180,1,5
104,1,0,1,1,3,2,81,72,60,180,4,5
105,1,0,1,2,3,3,96,42,300,600,3,5
106,1,0,1,2,3,3,73,19,0,300,2,5
107,1,0,1,1,3,2,63,74,60,180,1,5
108,1,0,1,2,3,2,73,45,420,540,2,5
109,1,0,1,1,3,3,31,41,60,180,4,5
110,1,0,1,1,3,3,5,95,60,180,4,5
111,1,0,1,1,3,1,9,90,60,180,1,5
112,1,0,1,1,3,2,35,27,60,180,2,5
113,1,0,1,2,3,3,57,12,60,180,2,5
114,1,0,1,1,3,3,27,50,60,180,2,5
115,1,0,1,1,3,2,58,31,60,180,3,5
116,1,0,1,2,3,1,85,9,180,300,1,5
117,1,0,1,1,3,1,71,74,60,180,2,5
118,1,0,1,1,3,3,24,88,60,180,3,5
119,1,0,1,1,3,3,17,23,60,180,1,5
120,1,0,1,2,3,1,8,52,180,300,2,5
121,1,0,1,1,3,1,84,52,60,180,4,5
122,1,0,1,1,3,3,58,73,60,180,3,5
123,1,0,1,1,3,3,88,70,60,180,4,5
124,1,0,1,1,3,2,8,81,60,180,3,5
125,1,0,1,2,3,3,6,37,0,300,3,5
126,1,0,1,1,3,1,94,92,60,180,1,5
127,1,0,1,1,3,1,43,1,60,180,1,5
128,1,0,1,1,3,1,69,59,60,180,2,5
129,1,0,1,1,3,2,27,18,60,180,2,5
130,1,0,1,1,3,1,77,14,60,180,3,5
131,1,0,1,2,3,1,99,1,0,300,3,5
132,1,0,1,2,3,2,28,75,180,300,1,5
133,1,0,1,2,3,3,27,18,60,180,4,5
134,1,0,1,2,3,2,59,89,420,540,3,5
135,1,0,1,1,3,1,76,89,60,180,2,5
136,1,0,1,1,3,1,11,44,60,180,4,5
137,1,0,1,2,3,3,43,97,420,540,1,5
138,1,0,1,2,3,2,36,82,60,180,1,5
139,1,0,1,2,3,1,38,38,0,300,1,5
140,1,0,1,2,3,3,94,23,420,540,1,5
141,1,0,1,1,3,3,18,84,60,180,1,5
142,1,0,1,2,3,2,26,9,180,300,4,5
143,1,0,1,1,3,2,72,85,60,180,2,5
144,1,0,1,1,3,1,10,79,60,180,3,5
145,1,0,1,1,3,1,37,12,60,180,1,5
146,1,0,1,2,3,1,47,10,300,420,1,5
147,1,0,1,2,3,1,8,94,180,300,4,5
148,1,0,1,2,3,3,53,94,420,540,2,5
149,1,0,1,1,3,1,21,89,60,180,2,5
150,1,0,1,2,3,1,3,88,420,540,2,5
151,1,0,1,1,3,2,48,35,60,180,1,5
152,1,0,1,1,3,2,44,63,60,180,3,5
153,1,0,1,1,3,3,23,41,60,180,2,5
154,1,0,1,1,3,2,2,81,60,180,2,5
155,1,0,1,2,3,1,30,30,300,420,2,5
156,1,0,1,1,3,3,78,31,60,180,1,5
157,1,0,1,1,3,2,15,9,60,180,1,5
158,1,0,1,2,3,3,55,29,60,180,4,5
159,1,0,1,1,3,3,56,78,60,180,2,5
160,1,0,1,1,3,2,56,59,60,180,4,5
161,1,0,1,1,3,3,97,55,60,180,4,5
162,1,0,1,1,3,3,4,6,60,180,1,5
163,1,0,1,1,3,1,59,31,60,180,4,5
164,1,0,1,2,3,2,21,87,420,540,4,5
165,1,0,1,1,3,3,96,87,60,180,4,5
166,1,0,1,1,3,1,52,6,60,180,1,5
167,1,0,1,2,3,2,12,89,0,300,3,5
168,1,0,1,1,3,1,79,98,60,180,1,5
169,1,0,1,1,3,1,27,8,60,180,3,5
170,1,0,1,1,3,2,12,23,60,180,1,5
171,1,0,1,1,3,2,88,81,60,180,4,5
172,1,0,1,1,3,3,18,21,60,180,2,5
173,1,0,1,2,3,3,85,75,300,600,3,5
174,1,0,1,1,3,2,89,63,60,180,4,5
175,1,0,1,1,3,3,56,45,60,180,3,5
176,1,0,1,2,3,2,45,25,180,300,4,5
177,1,0,1,1,3,1,50,29,60,180,2,5
178,1,0,1,1,3,3,17,85,60,180,4,5
179,1,0,1,1,3,2,89,49,60,180,2,5
180,1,0,1,1,3,2,14,9,60,180,3,5
181,1,0,1,2,3,3,79,54,180,300,2,5
182,1,0,1,2,3,3,78,50,180,300,3,5
183,1,0,1,1,3,3,96,26,60,180,1,5
184,1,0,1,1,3,2,17,33,60,180,3,5
185,1,0,1,1,3,1,84,72,60,180,1,5
186,1,0,1,1,3,1,44,77,60,180,3,5
187,1,0,1,1,3,3,40,94,60,180,2,5
188,1,0,1,2,3,2,22,85,60,180,3,5
189,1,0,1,2,3,3,73,59,420,540,3,5
190,1,0,1,2,3,2,53,29,0,300,2,5
191,1,0,1,2,3,2,79,91,180,300,1,5
192,1,0,1,2,3,3,29,81,0,300,3,5
193,1,0,1,1,3,1,10,34,60,180,4,5
194,1,0,1,1,3,3,94,71,60,180,3,5
195,1,0,1,1,3,1,54,93,60,180,1,5
196,1,0,1,1,3,2,33,32,60,180,1,5
197,1,0,1,1,3,1,46,73,60,180,1,5
198,1,0,1,1,3,3,31,97,60,180,2,5
199,1,0,1,1,3,3,41,41,60,180,4,5
200,1,0,1,1,3,1,72,16,60,180,1,5
201,1,0,1,1,3,2,36,64,60,180,4,5
202,1,0,1,1,3,2,78,16,60,180,4,5
203,1,0,1,1,3,2,88,98,60,180,3,5
204,1,0,1,1,3,3,50,31,60,180,2,5
205,1,0,1,1,3,2,98,74,60,180,4,5
206,1,0,1,1,3,2,56,70,60,180,2,5
207,1,0,1,1,3,2,67,53,60,180,4,5
208,1,0,1,1,3,3,21,47,60,180,2,5
209,1,0,1,2,3,1,22,47,180,300,4,5
210,1,0,1,2,3,3,27,65,60,180,2,5
211,1,0,1,1,3,1,61,90,60,180,4,5
212,1,0,1,2,3,1,73,82,300,420,1,5
213,1,0,1,1,3,3,95,4,60,180,1,5
214,1,0,1,2,3,1,28,71,420,540,2,5
215,1,0,1,2,3,3,71,64,0,300,4,5
216,1,0,1,1,3,3,54,55,60,180,4,5
217,1,0,1,2,3,3,1,81,180,300,4,5
218,1,0,1,1,3,3,32,56,60,180,2,5
219,1,0,1,1,3,2,59,45,60,180,2,5
220,1,0,1,1,3,1,53,32,60,180,2,5
221,1,0,1,1,3,3,55,69,60,180,2,5
222,1,0,1,1,3,1,5,47,60,180,2,5
223,1,0,1,1,3,1,15,42,60,180,2,5
224,1,0,1,1,3,2,55,77,60,180,4,5
225,1,0,1,1,3,2,19,2,60,180,1,5
226,1,0,1,1,3,3,85,77,60,180,2,5
227,1,0,1,2,3,1,65,41,300,420,2,5
228,1,0,1,2,3,3,52,31,180,300,4,5
229,1,0,1,2,3,3,76,46,300,420,4,5
230,1,0,1,2,3,2,13,30,180,300,4,5
231,1,0,1,1,3,3,12,29,60,180,4,5
232,1,0,1,2,3,2,31,55,300,420,3,5
233,1,0,1,1,3,1,24,51,60,180,4,5
234,1,0,1,1,3,2,1,30,60,180,2,5
235,1,0,1,2,3,1,90,23,180,300,4,5
236,1,0,1,1,3,3,98,26,60,180,4,5
237,1,0,1,2,3,2,87,5,300,420,3,5
238,1,0,1,2,3,2,52,38,420,540,1,5
239,1,0,1,1,3,2,36,21,60,180,3,5
240,1,0,1,1,3,3,9,81,60,180,4,5
241,1,0,1,1,3,3,42,100,60,180,1,5
242,1,0,1,1,3,2,34,51,60,180,4,5
243,1,0,1,2,3,3,87,54,60,180,1,5
244,1,0,1,1,3,3,80,7,60,180,3,5
245,1,0,1,2,3,1,70,0,60,180,1,5
246,1,0,1,1,3,1,68,1,60,180,4,5
247,1,0,1,2,3,1,56,41,0,300,2,5
248,1,0,1,1,3,2,47,28,60,180,3,5
249,1,0,1,1,3,1,4,38,60,180,1,5
250,1,0,1,1,3,2,33,48,60,180,2,5
251,1,0,1,1,3,2,89,65,60,180,2,5
252,1,0,1,1,3,3,27,20,60,180,2,5
253,1,0,1,2,3,1,9,14,60,180,1,5
254,1,0,1,1,3,2,98,99,60,180,2,5
255,1,0,1,1,3,3,50,3,60,180,1,5
256,1,0,1,1,3,1,79,62,60,180,3,5
257,1,0,1,2,3,1,25,18,300,420,4,5
258,1,0,1,1,3,2,36,1,60,180,4,5
259,1,0,1,1,3,3,17,40,60,180,3,5
260,1,0,1,1,3,2,97,97,60,180,2,5
261,1,0,1,2,3,3,18,100,60,180,1,5
262,1,0,1,1,3,2,25,60,60,180,3,5
263,1,0,1,2,3,2,26,13,300,600,3,5
264,1,0,1,1,3,1,46,49,60,180,4,5
265,1,0,1,2,3,3,40,68,300,420,2,5
266,1,0,1,2,3,2,15,69,180,300,2,5
267,1,0,1,1,3,2,28,74,60,180,1,5
268,1,0,1,2,3,3,33,24,420,540,4,5
269,1,0,1,1,3,3,52,83,60,180,4,5
270,1,0,1,2,3,3,37,95,180,300,1,5
271,1,0,1,1,3,1,2,39,60,180,1,5
272,1,0,1,2,3,2,14,79,60,180,3,5
273,1,0,1,2,3,1,91,29,180,300,4,5
274,1,0,1,1,3,2,50,99,60,180,2,5
275,1,0,1,1,3,1,30,2,60,180,3,5
276,1,0,1,2,3,3,86,77,0,300,2,5
277,1,0,1,2,3,3,16,74,300,420,4,5
278,1,0,1,1,3,2,73,68,60,180,3,5
279,1,0,1,1,3,1,57,92,60,180,3,5
280,1,0,1,1,3,2,86,57,60,180,2,5
281,1,0,1,1,3,3,60,67,60,180,2,5
282,1,0,1,1,3,2,41,47,60,180,2,5
283,1,0,1,1,3,1,72,76,60,180,4,5
284,1,0,1,2,3,2,99,54,420,540,3,5
285,1,0,1,2,3,3,81,78,60,180,3,5
286,1,0,1,1,3,3,71,28,60,180,4,5
287,1,0,1,1,3,3,68,53,60,180,1,5
288,1,0,1,2,3,3,30,66,420,540,1,5
289,1,0,1,2,3,3,63,24,300,600,2,5
290,1,0,1,1,3,3,34,82,60,180,1,5
291,1,0,1,1,3,2,54,23,60,180,4,5
292,1,0,1,1,3,1,0,51,60,180,4,5
293,1,0,1,2,3,1,99,23,180,300,2,5
294,1,0,1,2,3,2,67,47,0,300,1,5
295,1,0,1,2,3,3,52,47,60,180,4,5
296,1,0,1,1,3,3,85,29,60,180,2,5
297,1,0,1,2,3,1,36,75,0,300,4,5
298,1,0,1,1,3,1,89,97,60,180,3,5
299,1,0,1,1,3,1,50,19,60,180,4,5
300,1,0,1,2,3,2,27,12,60,180,3,5
301,1,0,1,1,3,1,2,50,60,180,2,5
302,1,0,1,2,3,3,20,87,0,300,2,5
303,1,0,1,2,3,1,15,9,420,540,4,5
304,1,0,1,1,3,2,19,50,60,180,2,5
305,1,0,1,2,3,2,42,7,420,540,3,5
306,1,0,1,1,3,2,66,26,60,180,2,5
307,1,0,1,1,3,3,37,13,60,180,4,5
308,1,0,1,1,3,2,99,12,60,180,2,5
309,1,0,1,2,3,2,60,53,0,300,4,5
310,1,0,1,1,3,1,36,16,60,180,2,5
311,1,0,1,1,3,2,58,81,60,180,1,5
312,1,0,1,1,3,2,36,49,60,180,3,5
313,1,0,1,2,3,1,54,72,300,600,4,5
314,1,0,1,2,3,2,26,94,60,180,3,5
315,1,0,1,2,3,2,65,20,420,540,4,5
316,1,0,1,1,3,3,51,41,60,180,2,5
317,1,0,1,1,3,3,96,44,60,180,2,5
318,1,0,1,1,3,2,55,80,60,180,1,5
319,1,0,1,2,3,3,71,75,0,300,4,5
320,1,0,1,2,3,2,89,49,60,180,3,5
321,1,0,1,1,3,2,9,59,60,180,1,5
322,1,0,1,1,3,3,46,77,60,180,4,5
323,1,0,1,1,3,3,96,29,60,180,2,5
324,1,0,1,1,3,2,38,0,60,180,3,5
325,1,0,1,1,3,3,98,20,60,180,1,5
326,1,0,1,2,3,2,13,5,60,180,4,5
327,1,0,1,2,3,2,58,87,180,300,4,5
328,1,0,1,2,3,3,31,31,420,540,3,5
329,1,0,1,1,3,2,98,76,60,180,2,5
330,1,0,1,1,3,2,53,7,60,180,4,5
331,1,0,1,1,3,2,3,25,60,180,2,5
332,1,0,1,2,3,2,61,97,420,540,3,5
333,1,0,1,1,3,2,51,5,60,180,2,5
334,1,0,1,2,3,1,25,56,180,300,2,5
335,1,0,1,1,3,2,11,9,60,180,4,5
336,1,258,2,2,3,3,93,15,60,180,2,5
337,1,380,2,2,3,2,47,10,180,300,4,5
338,1,519,2,1,3,2,26,62,180,300,1,5
339,1,390,2,2,3,2,74,70,300,600,2,5
340,1,159,2,2,3,1,18,4,300,600,1,5
341,1,307,2,2,3,2,57,4,0,300,1,5
342,1,467,2,1,3,1,3,39,180,300,1,5
343,1,576,2,1,3,3,62,33,60,180,4,5
344,1,415,2,2,3,3,17,41,420,540,3,5
345,1,509,2,1,3,1,65,45,180,300,2,5
346,1,526,2,2,3,2,54,31,300,420,4,5
347,1,90,2,1,3,3,50,64,0,300,3,5
348,1,18,2,2,3,1,22,64,60,180,2,5
349,1,185,2,1,3,3,65,24,60,180,1,5
350,1,492,2,1,3,2,30,52,60,180,3,5
351,1,323,2,1,3,3,91,34,180,300,3,5
352,1,154,2,1,3,3,88,58,180,300,4,5
353,1,62,2,1,3,1,60,55,0,300,4,5
354,1,120,2,2,3,2,26,61,420,540,4,5
355,1,366,2,2,3,1,68,67,0,300,1,5
356,1,97,2,1,3,2,44,40,60,180,4,5
357,1,383,2,1,3,2,72,3,180,300,4,5
358,1,282,2,1,3,1,38,57,60,180,2,5
359,1,253,2,2,3,3,8,79,420,540,2,5
360,1,93,2,2,3,2,68,67,180,300,4,5
361,1,532,2,1,3,3,63,18,0,300,3,5
362,1,558,2,2,3,1,10,1,0,300,3,5
363,1,267,2,1,3,2,37,50,180,300,1,5
364,1,556,2,1,3,3,76,25,0,300,1,5
365,1,425,2,1,3,1,42,5,0,300,3,5
366,1,278,2,1,3,2,68,74,60,180,1,5
367,1,326,2,1,3,3,27,52,180,300,1,5
368,1,292,2,1,3,3,44,37,60,180,2,5
369,1,417,2,1,3,2,20,98,180,300,3,5
370,1,90,2,1,3,1,23,9,0,300,4,5
371,1,94,2,2,3,1,9,3,180,300,3,5
372,1,595,2,1,3,3,61,67,60,180,1,5
373,1,559,2,2,3,1,64,62,300,600,1,5
374,1,372,2,2,3,2,79,17,0,300,4,5
375,1,407,2,2,3,3,15,46,180,300,4,5
376,1,553,2,1,3,2,78,30,180,300,3,5
377,1,289,2,2,3,1,72,60,180,300,4,5
378,1,197,2,1,3,2,64,22,180,300,1,5
379,1,106,2,1,3,3,10,68,180,300,3,5
380,1,120,2,2,3,3,71,67,300,600,2,5
381,1,373,2,1,3,3,64,87,0,300,1,5
382,1,250,2,1,3,1,11,10,0,300,4,5
383,1,552,2,2,3,3,98,64,300,420,4,5
384,1,10,2,2,3,1,40,77,300,600,1,5
385,1,368,2,2,3,3,85,96,180,300,4,5
386,1,140,2,1,3,3,22,86,60,180,1,5
387,1,148,2,1,3,2,17,38,60,180,1,5
388,1,544,2,2,3,1,70,52,0,300,3,5
389,1,157,2,1,3,1,43,11,0,300,3,5
390,1,65,2,1,3,1,76,0,60,180,1,5
391,1,430,2,1,3,1,54,16,0,300,2,5
392,1,324,2,2,3,1,69,82,60,180,2,5
393,1,0,2,1,3,3,78,20,180,300,1,5
394,1,379,2,1,3,2,49,40,0,300,2,5
395,1,320,2,1,3,2,6,1,0,300,4,5
396,1,589,2,2,3,2,98,90,0,300,2,5
397,1,463,2,1,3,2,18,46,180,300,1,5
398,1,28,2,1,3,2,7,19,60,180,3,5
399,1,335,2,2,3,1,40,4,0,300,3,5
400,1,139,2,2,3,2,50,85,0,300,2,5
401,1,409,2,1,3,3,0,95,60,180,3,5
402,1,435,2,1,3,2,21,82,0,300,2,5
403,1,245,2,1,3,2,36,83,180,300,4,5
404,1,594,2,1,3,1,89,65,0,300,4,5
405,1,423,2,1,3,2,17,60,0,300,3,5
406,1,340,2,1,3,2,96,96,60,180,1,5
407,1,23,2,1,3,2,4,74,60,180,3,5
408,1,494,2,1,3,1,36,6,60,180,3,5
409,1,435,2,1,3,2,14,94,60,180,3,5
410,1,484,2,2,3,3,0,1,0,300,2,5
411,1,110,2,1,3,3,86,43,60,180,1,5
412,1,312,2,2,3,3,15,76,180,300,4,5
413,1,165,2,2,3,2,24,1,0,300,3,5
414,1,324,2,2,3,3,68,10,300,600,3,5
415,1,146,2,1,3,3,89,50,0,300,4,5
416,1,478,2,1,3,1,15,32,60,180,2,5
417,1,287,2,1,3,2,69,63,60,180,1,5
418,1,554,2,1,3,1,70,30,60,180,4,5
419,1,421,2,1,3,2,52,76,60,180,1,5
420,1,272,2,2,3,2,93,63,420,540,2,5
421,1,572,2,1,3,3,91,8,60,180,3,5
422,1,348,2,1,3,3,74,65,0,300,2,5
423,1,216,2,1,3,1,3,31,60,180,1,5
424,1,55,2,2,3,1,47,25,300,600,2,5
425,1,124,2,1,3,1,64,52,180,300,2,5
426,1,402,2,2,3,2,12,17,300,600,3,5
427,1,253,2,2,3,1,39,20,420,540,2,5
428,1,112,2,2,3,3,69,54,300,600,3,5
429,1,505,2,2,3,1,11,11,60,180,1,5
430,1,54,2,2,3,2,32,64,0,300,3,5
431,1,227,2,2,3,2,11,24,60,180,1,5
432,1,270,2,1,3,1,40,61,180,300,3,5
433,1,307,2,1,3,3,44,40,0,300,3,5
434,1,95,2,1,3,2,49,69,0,300,4,5
435,1,352,2,1,3,1,6,69,180,300,1,5
436,1,24,2,1,3,2,54,81,60,180,3,5
437,1,557,2,1,3,1,72,94,0,300,3,5
438,1,108,2,2,3,3,45,91,300,420,3,5
439,1,272,2,1,3,2,51,70,0,300,4,5
440,1,418,2,1,3,2,88,22,60,180,3,5
441,1,561,2,2,3,3,30,80,0,300,1,5
442,1,465,2,1,3,1,42,88,0,300,2,5
443,1,553,2,1,3,3,47,71,60,180,4,5
444,8,276,8,2,3,2,64,64,300,600,2,5
445,8,111,8,1,3,3,21,30,180,300,4,5
446,4,99,5,2,3,3,4,67,0,300,2,5
447,8,83,8,1,3,1,15,33,180,300,4,5
448,10,23,11,2,3,2,56,64,60,180,1,5
449,11,427,13,2,3,1,66,46,180,300,4,5
450,8,178,8,2,3,2,18,98,300,420,1,5
451,14,481,16,2,3,1,56,46,60,180,4,5
452,11,193,11,2,3,1,52,50,420,540,4,5
453,8,349,8,2,3,1,85,17,420,540,3,5
454,13,42,14,2,3,2,83,62,300,420,1,5
455,8,16,9,2,3,2,89,2,0,300,1,5
456,14,28,15,2,3,1,6,32,180,300,2,5
457,3,430,5,2,3,3,51,53,180,300,1,5
458,12,113,12,2,3,3,23,32,420,540,3,5
459,8,67,8,1,3,2,11,81,180,300,3,5
460,11,290,13,2,3,1,99,3,420,540,3,5
461,11,352,11,2,3,2,48,81,420,540,2,5
462,6,327,7,1,3,3,34,21,180,300,4,5
463,10,592,11,1,3,1,93,59,180,300,2,5
464,2,53,2,2,3,1,19,31,180,300,4,5
465,3,372,3,2,3,3,75,24,420,540,1,5
466,14,1,14,2,3,1,9,50,180,300,4,5
467,10,524,12,1,3,1,29,20,60,180,1,5
468,7,63,8,1,3,3,65,90,0,300,4,5
469,4,407,4,2,3,1,5,58,420,540,3,5
470,11,355,11,2,3,2,75,95,420,540,1,5
471,10,193,11,2,3,1,5,28,0,300,1,5
472,2,477,3,1,3,2,0,94,0,300,4,5
473,13,509,14,1,3,1,44,9,0,300,4,5
474,8,438,9,2,3,2,68,18,300,420,4,5
475,9,494,10,2,3,1,90,4,420,540,1,5
476,1,73,1,1,3,3,3,34,180,300,3,5
477,9,169,10,1,3,2,10,2,60,180,4,5
478,10,384,10,2,3,2,36,29,420,540,3,5
479,9,50,9,2,3,1,63,51,420,540,4,5
480,7,253,7,2,3,1,46,100,300,420,3,5
481,5,31,6,2,3,2,70,68,0,300,3,5
482,4,319,4,2,3,3,34,23,420,540,3,5
483,2,216,2,2,3,1,21,59,420,540,3,5
484,1,452,3,1,3,1,15,21,0,300,2,5
485,13,415,13,2,3,1,58,65,420,540,2,5
486,5,299,5,2,3,1,99,73,300,420,2,5
487,8,348,9,2,3,1,75,55,180,300,3,5
488,3,491,5,1,3,3,39,10,60,180,2,5
489,5,180,5,2,3,3,65,92,180,300,1,5
490,1,343,1,2,3,2,1,57,420,540,4,5
491,1,494,3,2,3,2,72,86,60,180,3,5
492,3,427,5,1,3,3,47,15,180,300,2,5
493,13,197,13,2,3,3,84,80,420,540,2,5
494,9,340,10,1,3,2,86,35,60,180,1,5
495,8,120,8,1,3,1,94,50,180,300,3,5
496,12,503,13,1,3,2,68,98,180,300,3,5
497,8,440,10,2,3,3,82,69,0,300,3,5
498,8,460,10,2,3,1,19,100,300,420,4,5
499,7,324,7,2,3,1,20,58,420,540,3,5
500,8,479,10,2,3,1,82,61,60,180,1,5
501,8,315,8,2,3,2,53,62,420,540,3,5
502,4,106,4,1,3,3,75,97,180,300,3,5
503,10,565,12,1,3,2,14,53,60,180,1,5
504,10,98,11,2,3,2,42,34,0,300,3,5
505,9,134,9,2,3,2,100,82,180,300,4,5
506,14,181,14,2,3,2,96,90,420,540,1,5
507,5,472,7,1,3,2,43,84,180,300,2,5
508,3,332,4,2,3,3,56,58,420,540,2,5
509,4,516,6,1,3,1,85,26,0,300,4,5
510,7,125,7,1,3,1,17,45,180,300,3,5
511,6,573,8,2,3,1,90,79,60,180,2,5
512,11,191,11,2,3,1,89,59,300,600,4,5
513,14,493,15,1,3,1,65,54,180,300,3,5
514,12,196,13,2,3,3,51,54,0,300,3,5
515,11,304,11,2,3,1,92,38,420,540,1,5
516,8,500,10,1,3,3,88,58,180,300,4,5
517,3,203,4,1,3,2,39,57,60,180,2,5
518,2,313,2,2,3,1,78,1,420,540,4,5
519,13,451,14,1,3,2,89,39,180,300,1,5
520,11,172,11,2,3,2,23,59,180,300,3,5
521,7,395,7,2,3,2,31,87,420,540,4,5
522,2,360,4,2,3,1,40,16,420,540,2,5
523,9,600,11,1,3,3,66,31,0,300,4,5
524,7,249,8,2,3,1,28,55,0,300,4,5
525,6,81,6,1,3,2,55,67,180,300,3,5
526,11,14,11,2,3,3,60,40,300,600,4,5
527,13,378,14,1,3,3,77,51,60,180,3,5
528,12,559,13,2,3,1,74,10,180,300,2,5
529,8,200,9,1,3,3,84,33,180,300,4,5
530,3,409,4,1,3,3,13,49,0,300,1,5
531,7,289,8,2,3,2,70,77,420,540,3,5
532,13,433,15,1,3,1,36,71,0,300,3,5
533,14,589,15,1,3,2,61,37,0,300,2,5
534,11,78,11,1,3,1,87,31,180,300,3,5
535,4,143,4,1,3,2,79,75,180,300,1,5
536,9,581,10,2,3,1,83,71,180,300,2,5
537,4,317,4,2,3,2,95,15,420,540,3,5
538,3,3,3,2,3,1,51,8,180,300,2,5
539,11,507,13,1,3,2,57,75,60,180,4,5
540,14,150,15,1,3,1,83,10,180,300,4,5
541,12,408,12,2,3,1,21,84,420,540,4,5
542,6,340,8,1,3,1,21,59,0,300,4,5
543,6,566,8,2,3,2,76,68,180,300,3,5
544,2,119,2,1,3,1,73,96,180,300,4,5
545,9,39,9,1,3,1,91,53,60,180,1,5
546,7,372,7,2,3,2,96,44,420,540,4,5
547,6,533,8,1,3,1,58,59,60,180,4,5
548,3,519,4,1,3,2,34,15,60,180,1,5
549,8,106,8,1,3,3,27,3,180,300,1,5
550,7,365,7,2,3,1,52,17,420,540,4,5
551,13,107,13,2,3,1,91,96,300,600,1,5
552,8,476,9,2,3,3,25,85,60,180,1,5
553,13,473,15,2,3,3,95,21,0,300,3,5
554,3,385,3,2,3,2,64,62,420,540,4,5
555,3,325,4,1,3,2,80,63,180,300,1,5
556,12,119,12,1,3,3,46,96,180,300,4,5
557,2,417,2,2,3,3,20,73,420,540,1,5
558,6,579,7,1,3,3,37,6,0,300,4,5
559,4,91,5,2,3,3,93,51,420,540,2,5
560,11,379,12,1,3,3,2,27,0,300,3,5
561,4,342,5,1,3,2,79,94,180,300,2,5
562,7,295,7,2,3,2,12,56,420,540,2,5
563,3,532,4,2,3,3,53,71,300,600,1,5
564,5,507,7,1,3,3,27,13,60,180,2,5
565,12,407,12,2,3,1,64,54,420,540,4,5
566,8,206,9,1,3,3,51,59,60,180,1,5
567,9,67,9,1,3,3,15,71,180,300,4,5
568,5,27,5,1,3,2,27,0,60,180,4,5
569,12,376,12,2,3,3,80,11,420,540,3,5
570,8,425,9,1,3,2,41,77,180,300,2,5
571,11,266,12,1,3,3,51,96,180,300,4,5
572,13,393,14,2,3,3,83,25,0,300,4,5
573,5,267,5,2,3,2,47,47,420,540,3,5
574,14,535,15,2,3,3,95,42,180,300,4,5
575,3,559,5,1,3,1,69,78,60,180,1,5
576,1,233,1,2,3,1,46,59,420,540,4,5
577,12,312,12,2,3,2,74,87,420,540,4,5
578,3,564,5,1,3,1,21,28,180,300,3,5
579,9,264,9,2,3,3,97,92,300,600,2,5
580,9,497,11,1,3,1,97,88,0,300,1,5
581,9,274,9,2,3,3,98,48,420,540,2,5
582,2,265,3,2,3,2,13,15,420,540,1,5
583,5,566,7,1,3,2,22,35,0,300,4,5
584,12,500,14,1,3,1,98,61,0,300,1,5
585,5,119,5,1,3,3,81,72,180,300,4,5
586,14,428,15,1,3,2,83,53,180,300,2,5
587,8,167,8,1,3,1,59,54,180,300,2,5
588,3,201,3,2,3,2,100,95,420,540,3,5
589,2,552,4,1,3,3,19,84,60,180,3,5
590,5,71,6,2,3,1,37,93,60,180,2,5
591,13,257,13,2,3,2,70,35,300,600,4,5
592,6,244,7,2,3,1,44,96,0,300,2,5
593,3,542,5,1,3,2,68,85,60,180,1,5
594,10,134,10,1,3,1,8,10,180,300,4,5
595,10,153,11,1,3,3,0,37,0,300,1,5
596,14,230,15,2,3,2,88,66,420,540,4,5
597,9,272,9,2,3,1,10,14,300,420,4,5
598,10,222,10,2,3,3,79,76,420,540,4,5
599,8,274,9,1,3,1,30,50,60,180,1,5
600,5,152,5,1,3,1,15,52,180,300,4,5
601,11,565,13,2,3,2,74,55,60,180,2,5
602,14,368,15,2,3,3,61,62,60,180,1,5
603,5,31,6,2,3,3,93,16,60,180,1,5
604,5,461,6,1,3,2,92,60,60,180,4,5
605,5,8,5,1,3,2,74,34,60,180,3,5
606,8,567,10,1,3,3,60,69,0,300,4,5
607,6,93,7,1,3,2,54,32,0,300,1,5
608,14,461,16,1,3,3,90,23,180,300,1,5
609,1,466,3,2,3,1,1,88,300,420,4,5
610,7,361,7,2,3,1,86,90,420,540,1,5
611,10,282,10,2,3,1,83,29,420,540,2,5
612,6,585,8,1,3,3,91,7,180,300,2,5
613,3,317,3,2,3,3,22,9,420,540,2,5
614,14,30,15,1,3,1,97,44,0,300,3,5
615,5,356,7,1,3,2,23,32,60,180,3,5
616,7,549,8,1,3,2,4,84,60,180,4,5
617,4,376,4,2,3,3,73,84,420,540,1,5
618,7,392,7,2,3,1,33,91,420,540,3,5
619,12,309,12,2,3,2,91,52,420,540,3,5
620,11,416,11,2,3,2,51,70,420,540,1,5
621,14,165,15,2,3,1,13,85,0,300,3,5
622,10,147,10,2,3,3,55,42,420,540,4,5
623,6,73,6,1,3,3,77,42,180,300,4,5
624,12,93,13,2,3,1,74,89,180,300,1,5
625,7,269,7,2,3,2,95,40,420,540,2,5
626,6,274,6,2,3,1,74,28,420,540,3,5
627,7,175,7,2,3,2,94,22,180,300,2,5
628,8,382,8,2,3,1,88,9,420,540,1,5
629,12,494,14,1,3,2,70,33,60,180,2,5
630,9,31,11,2,3,2,47,97,300,420,4,5
631,4,454,5,1,3,1,50,90,0,300,3,5
632,9,288,10,2,3,2,11,49,300,600,1,5
633,14,54,14,1,3,3,50,74,60,180,4,5
634,9,75,10,1,3,3,46,15,180,300,2,5
635,7,298,7,2,3,2,7,70,420,540,4,5
636,14,560,15,1,3,2,58,57,60,180,3,5
637,6,515,7,1,3,3,42,60,0,300,2,5
638,3,388,4,1,3,3,80,94,180,300,3,5
639,10,556,12,2,3,1,89,24,420,540,3,5
640,7,44,7,1,3,2,45,1,60,180,2,5
641,4,241,5,2,3,1,12,18,0,300,4,5
642,2,280,2,2,3,3,0,54,420,540,4,5
643,2,271,3,1,3,1,45,97,60,180,4,5
644,9,508,10,1,3,3,81,65,0,300,4,5
645,12,237,12,2,3,1,65,23,420,540,2,5
646,5,4,6,2,3,1,83,48,180,300,4,5
647,2,416,3,2,3,3,90,71,60,180,1,5
648,14,233,14,2,3,3,46,72,300,600,2,5
649,7,415,7,2,3,2,97,3,420,540,3,5
650,4,335,4,2,3,2,25,48,420,540,2,5
651,7,256,7,2,3,1,14,39,300,600,2,5
652,1,269,1,2,3,1,97,45,420,540,1,5
653,6,107,6,1,3,2,6,58,180,300,1,5
654,14,322,15,1,3,1,33,2,60,180,1,5
655,2,364,3,2,3,3,94,33,60,180,1,5
656,14,537,16,2,3,3,53,91,60,180,2,5
657,4,124,5,2,3,3,39,85,180,300,3,5
658,3,428,4,2,3,3,92,10,420,540,4,5
659,3,149,3,2,3,3,73,88,180,300,2,5
660,4,269,4,2,3,3,46,30,300,420,1,5
661,14,464,16,1,3,1,85,91,180,300,3,5
662,3,98,3,1,3,2,18,46,180,300,2,5
663,4,20,4,2,3,2,26,39,180,300,2,5
664,13,520,15,2,3,3,16,77,420,540,3,5
665,1,564,3,1,3,3,99,31,180,300,3,5
666,13,458,14,1,3,1,31,6,60,180,1,5
667,4,60,4,2,3,1,6,77,60,180,2,5
668,6,461,8,1,3,3,1,70,180,300,1,5
669,5,345,5,2,3,2,26,53,420,540,1,5
670,13,18,14,2,3,2,92,1,60,180,4,5
671,5,516,7,1,3,1,82,31,180,300,4,5
672,9,52,9,1,3,3,8,71,60,180,2,5
673,11,91,12,2,3,3,18,76,0,300,3,5
674,13,49,13,1,3,2,32,82,60,180,1,5
675,9,270,9,2,3,3,74,85,300,600,1,5
676,7,267,7,2,3,2,77,0,420,540,3,5
677,1,181,1,2,3,1,86,12,300,600,4,5
678,9,134,10,1,3,1,4,56,180,300,1,5
679,12,455,13,1,3,1,27,12,180,300,3,5
680,14,584,16,1,3,2,0,68,0,300,3,5
681,6,332,7,1,3,1,65,58,60,180,4,5
682,14,239,14,2,3,1,38,52,300,420,1,5
683,12,542,13,1,3,1,74,34,0,300,4,5
684,10,181,11,1,3,2,67,96,60,180,4,5
685,3,586,4,1,3,2,83,51,0,300,1,5
686,6,142,6,1,3,3,18,7,180,300,2,5
687,6,98,6,1,3,3,8,18,180,300,2,5
688,3,564,4,2,3,1,86,69,300,600,1,5
689,9,147,11,2,3,2,91,28,300,600,2,5
690,10,133,10,2,3,1,30,83,420,540,3,5
691,1,533,2,2,3,3,61,36,60,180,3,5
692,11,492,12,1,3,2,12,84,180,300,4,5
693,1,78,1,1,3,1,84,79,180,300,3,5
694,2,501,3,2,3,2,30,48,60,180,2,5
695,8,513,10,1,3,1,1,34,0,300,4,5
696,13,389,13,2,3,2,88,75,420,540,2,5
697,11,181,12,1,3,2,98,69,0,300,3,5
698,3,440,4,2,3,2,95,53,0,300,3,5
699,12,126,12,1,3,2,74,25,180,300,4,5
700,4,156,4,1,3,3,6,3,180,300,2,5
701,10,411,10,2,3,2,7,24,420,540,1,5
702,4,541,6,2,3,2,79,96,0,300,3,5
703,14,102,14,1,3,2,90,24,180,300,2,5
704,14,573,15,2,3,2,68,13,60,180,3,5
705,9,557,11,1,3,3,99,98,60,180,1,5
706,8,523,9,1,3,2,24,89,60,180,3,5
707,10,344,11,1,3,1,8,52,0,300,4,5
708,7,136,7,2,3,3,70,42,300,600,1,5
709,12,89,13,1,3,3,89,3,180,300,4,5
710,10,416,10,2,3,3,15,36,420,540,4,5
711,3,442,5,2,3,1,4,10,300,420,4,5
712,9,479,10,1,3,1,32,14,60,180,1,5
713,5,46,6,2,3,1,34,19,420,540,1,5
714,14,307,15,1,3,2,84,17,0,300,1,5
715,7,401,7,2,3,2,75,36,420,540,3,5
716,1,467,2,1,3,2,97,86,0,300,2,5
717,9,199,10,2,3,3,39,33,420,540,4,5
718,13,387,13,2,3,1,9,3,420,540,3,5
719,10,62,10,1,3,3,0,38,180,300,1,5
720,8,333,8,2,3,3,81,93,420,540,1,5
721,12,506,14,1,3,2,63,63,180,300,3,5
722,7,501,9,1,3,2,13,85,60,180,2,5
723,11,344,11,2,3,2,54,93,420,540,2,5
724,13,348,14,1,3,1,35,51,0,300,3,5
725,14,28,14,2,3,2,77,87,420,540,1,5
726,5,554,7,1,3,2,4,36,60,180,2,5
727,5,212,5,2,3,2,2,68,420,540,1,5
728,7,65,7,1,3,2,27,39,180,300,3,5
729,12,80,12,2,3,1,94,3,300,420,3,5
730,12,583,13,1,3,1,13,56,180,300,1,5
731,1,186,1,2,3,3,28,29,300,420,2,5
732,8,88,8,1,3,1,89,100,180,300,1,5
733,6,520,8,1,3,3,39,62,0,300,4,5
734,6,575,7,2,3,3,69,66,60,180,2,5
735,7,1,8,1,3,1,13,81,180,300,2,5
736,11,142,11,1,3,3,21,73,180,300,1,5
737,8,365,8,2,3,1,58,47,420,540,1,5
738,13,179,13,2,3,3,36,54,420,540,1,5
739,13,508,14,1,3,1,86,38,180,300,1,5
740,6,86,7,1,3,3,7,45,0,300,2,5
741,3,230,3,2,3,3,23,11,300,420,1,5
742,7,321,7,2,3,2,96,61,420,540,3,5
743,7,312,8,1,3,2,87,51,60,180,3,5
744,8,377,8,2,3,1,37,6,420,540,1,5
745,13,426,15,1,3,1,34,29,180,300,3,5
746,3,110,3,2,3,1,5,28,420,540,4,5
747,12,67,14,1,3,3,48,1,0,300,3,5
748,4,337,4,2,3,3,5,72,420,540,2,5
749,2,374,2,2,3,2,19,22,420,540,2,5
750,5,502,6,1,3,2,40,90,180,300,3,5
751,13,590,15,2,3,2,52,92,180,300,2,5
752,13,145,13,1,3,1,8,21,180,300,1,5
753,1,502,2,2,3,1,39,49,180,300,4,5
754,7,466,8,1,3,2,70,22,60,180,3,5
755,3,132,4,2,3,3,80,22,420,540,2,5
756,11,149,12,1,3,3,18,64,0,300,2,5
757,2,578,3,2,3,2,20,44,60,180,3,5
758,14,478,16,1,3,1,29,52,60,180,3,5
759,2,547,3,2,3,3,59,79,0,300,4,5
760,6,15,7,2,3,3,71,61,420,540,1,5
761,10,547,11,2,3,2,12,99,60,180,2,5
762,14,482,15,2,3,3,88,75,60,180,2,5
763,14,598,15,1,3,3,5,73,180,300,2,5
764,11,214,12,1,3,3,30,86,60,180,4,5
765,1,109,1,1,3,1,7,4,180,300,4,5
766,2,550,3,2,3,3,47,5,180,300,1,5
767,11,251,11,2,3,2,34,39,300,420,4,5
768,8,434,9,1,3,2,88,81,180,300,4,5
769,6,504,8,1,3,2,97,39,60,180,4,5
770,2,191,2,2,3,1,74,34,420,540,2,5
771,1,269,1,2,3,1,50,92,420,540,4,5
772,2,336,2,2,3,2,35,6,420,540,1,5
773,13,22,13,2,3,2,67,71,60,180,1,5
774,2,401,2,2,3,1,21,100,420,540,1,5
775,7,119,8,1,3,2,45,13,0,300,4,5
776,3,435,5,1,3,1,25,41,180,300,1,5
777,12,436,13,1,3,1,85,19,0,300,4,5
778,7,442,9,1,3,3,97,82,60,180,2,5
779,8,6,8,1,3,3,96,52,60,180,4,5
780,11,183,11,2,3,3,59,26,420,540,4,5
781,2,172,3,1,3,3,70,92,180,300,4,5
782,5,181,6,2,3,2,99,53,0,300,3,5
783,6,4,7,2,3,1,32,57,60,180,4,5
784,10,444,11,2,3,2,29,67,0,300,4,5
785,2,216,2,2,3,1,96,83,420,540,1,5
786,8,222,8,2,3,1,77,18,420,540,4,5
787,2,335,3,1,3,1,54,95,60,180,4,5
788,3,78,3,1,3,3,69,96,180,300,3,5
789,11,374,11,2,3,3,59,75,420,540,3,5
790,6,148,7,2,3,1,34,14,180,300,4,5
791,1,593,2,2,3,2,85,79,300,420,2,5
792,10,474,12,1,3,1,69,99,60,180,3,5
793,9,381,9,2,3,2,49,49,420,540,1,5
794,8,518,10,1,3,2,92,91,180,300,3,5
795,2,456,3,1,3,1,11,88,180,300,2,5
796,4,330,4,2,3,1,37,36,420,540,1,5
797,6,257,6,2,3,2,55,53,420,540,4,5
798,10,426,12,1,3,2,75,58,60,180,3,5
799,9,171,9,1,3,1,91,98,180,300,2,5
800,10,366,10,2,3,2,30,88,420,540,3,5
801,11,370,11,2,3,2,62,39,420,540,4,5
802,3,360,3,2,3,1,39,91,420,540,3,5
803,2,548,3,1,3,2,48,51,60,180,1,5
804,2,245,3,1,3,3,73,16,0,300,2,5
805,12,306,13,1,3,3,43,93,60,180,1,5
806,8,447,9,1,3,2,86,76,0,300,2,5
807,4,85,5,1,3,1,85,50,0,300,2,5
808,12,371,12,2,3,3,31,96,420,540,3,5
809,9,492,10,2,3,1,41,84,420,540,1,5
810,1,73,2,1,3,3,50,100,180,300,1,5
811,10,499,11,2,3,3,50,14,300,600,1,5
812,14,406,14,2,3,2,28,83,420,540,4,5
813,12,462,14,2,3,1,21,17,300,600,1,5
814,14,475,16,1,3,2,73,13,60,180,3,5
815,3,158,5,1,3,1,68,80,180,300,4,5
816,3,530,5,2,3,1,74,79,300,600,1,5
817,9,422,11,2,3,1,66,9,60,180,4,5
818,11,102,12,1,3,3,18,42,180,300,3,5
819,1,58,1,2,3,1,32,3,180,300,3,5
820,3,64,3,1,3,1,99,69,180,300,1,5
821,1,590,3,2,3,2,10,8,180,300,1,5
822,10,48,10,1,3,2,100,70,60,180,1,5
823,12,558,13,1,3,2,95,75,60,180,4,5
824,13,90,13,2,3,1,45,55,180,300,3,5
825,1,393,1,2,3,2,38,73,420,540,2,5
826,8,363,8,2,3,2,72,40,420,540,2,5
827,13,516,14,1,3,3,7,100,180,300,3,5
828,6,62,7,1,3,1,14,38,180,300,1,5
829,4,376,5,1,3,3,96,99,60,180,4,5
830,8,484,10,2,3,1,13,21,420,540,2,5
831,9,555,10,1,3,2,18,48,0,300,1,5
832,14,169,14,1,3,1,83,76,180,300,3,5
833,5,390,6,1,3,3,25,45,60,180,2,5
834,2,177,2,1,3,3,3,59,180,300,1,5
835,14,0,14,1,3,2,7,38,60,180,2,5
836,3,297,3,2,3,1,8,17,420,540,3,5
837,9,12,10,1,3,2,43,1,60,180,4,5
838,5,425,6,2,3,2,28,51,0,300,3,5
839,3,165,4,1,3,2,35,15,60,180,1,5
840,9,327,10,1,3,1,74,30,60,180,2,5
841,10,67,10,1,3,2,18,69,180,300,3,5
842,1,563,2,1,3,2,48,5,60,180,4,5
843,8,467,9,1,3,2,49,0,180,300,4,5
844,13,166,13,2,3,3,93,93,180,300,4,5
845,4,514,6,2,3,1,4,72,60,180,1,5
846,9,286,11,1,3,3,62,79,60,180,2,5
847,8,283,9,2,3,2,67,97,180,300,4,5
848,14,461,16,2,3,1,24,14,300,420,3,5
849,2,429,4,1,3,1,43,34,0,300,3,5
850,6,559,8,2,3,3,59,64,60,180,1,5
851,1,409,2,1,3,2,35,99,0,300,2,5
852,10,132,10,1,3,3,85,26,180,300,3,5
853,9,384,9,2,3,3,11,74,420,540,3,5
854,4,239,6,2,3,1,15,2,60,180,2,5
855,8,582,10,1,3,2,59,40,0,300,1,5
856,12,314,12,2,3,3,19,71,420,540,3,5
857,13,542,15,1,3,2,79,17,180,300,2,5
858,10,483,11,2,3,1,62,85,420,540,4,5
859,5,80,5,1,3,3,36,25,180,300,3,5
860,2,520,4,2,3,3,65,8,180,300,1,5
861,9,191,9,2,3,1,3,33,420,540,1,5
862,6,250,7,1,3,2,94,23,60,180,4,5
863,6,461,8,1,3,3,92,55,60,180,2,5
864,14,454,16,2,3,2,45,45,420,540,2,5
865,12,313,12,2,3,3,2,86,420,540,4,5
866,12,494,13,1,3,3,11,96,0,300,4,5
867,11,168,11,1,3,1,64,59,180,300,3,5
868,3,195,3,2,3,1,84,79,300,600,1,5
869,9,217,9,2,3,3,24,1,300,600,2,5
870,5,473,7,2,3,3,86,34,180,300,2,5
871,1,199,1,2,3,3,7,53,420,540,1,5
872,7,188,7,2,3,3,32,56,420,540,2,5
873,10,121,10,1,3,1,40,4,180,300,1,5
874,12,582,14,1,3,3,84,68,180,300,2,5
875,9,262,9,2,3,1,53,23,300,420,4,5
876,5,74,5,1,3,3,1,73,180,300,3,5
877,4,419,5,1,3,3,1,22,180,300,2,5
878,9,331,9,2,3,2,16,50,420,540,3,5
879,1,172,2,2,3,1,26,27,180,300,4,5
880,7,401,7,2,3,3,76,38,420,540,4,5
881,5,275,5,2,3,1,1,59,300,420,1,5
882,2,57,4,1,3,2,80,20,0,300,3,5
883,5,430,7,1,3,1,78,16,60,180,4,5
884,14,593,16,1,3,3,8,87,180,300,2,5
885,7,481,8,1,3,2,25,91,0,300,4,5
886,11,50,11,2,3,2,42,59,420,540,2,5
887,13,562,15,1,3,2,24,75,180,300,1,5
888,10,401,11,1,3,2,31,51,180,300,3,5
889,1,18,1,1,3,1,100,30,60,180,1,5
890,6,5,7,1,3,3,5,0,0,300,4,5
891,10,19,10,2,3,3,49,60,0,300,4,5
892,2,48,2,1,3,2,8,36,60,180,1,5
893,9,365,9,2,3,3,35,78,420,540,3,5
894,4,313,4,2,3,3,68,85,420,540,1,5
895,14,515,15,2,3,1,4,73,180,300,2,5
896,3,27,4,2,3,1,95,26,0,300,1,5
897,1,311,1,2,3,3,79,20,420,540,4,5
898,8,492,10,2,3,1,28,48,60,180,1,5
899,13,316,13,2,3,2,8,69,420,540,4,5
900,6,336,6,2,3,3,4,76,420,540,4,5
901,14,191,14,2,3,1,31,43,300,600,3,5
902,2,509,3,2,3,1,45,7,420,540,1,5
903,2,305,2,2,3,1,46,58,420,540,2,5
904,9,576,11,1,3,3,38,48,0,300,1,5
905,3,550,5,2,3,1,13,6,0,300,2,5
906,7,64,7,2,3,3,36,47,300,600,4,5
907,8,396,8,2,3,1,6,71,420,540,3,5
908,9,8,10,1,3,1,52,29,0,300,3,5
909,3,28,3,1,3,3,45,46,60,180,4,5
910,6,183,6,2,3,3,36,60,420,540,2,5
911,13,522,14,1,3,2,37,24,180,300,2,5
912,13,91,13,1,3,3,28,55,180,300,1,5
913,6,116,6,1,3,3,7,20,180,300,4,5
914,1,568,3,2,3,3,91,41,0,300,2,5
915,10,524,12,2,3,2,72,29,60,180,3,5
916,12,387,13,1,3,3,96,44,180,300,2,5
917,14,105,14,1,3,1,69,35,180,300,2,5
918,4,479,6,1,3,2,12,43,180,300,3,5
919,2,118,3,1,3,2,85,51,60,180,3,5
920,14,27,14,2,3,2,66,28,60,180,3,5
921,10,109,10,2,3,1,31,87,420,540,1,5
922,5,521,7,2,3,3,34,80,420,540,2,5
923,10,249,10,2,3,1,10,48,300,420,3,5
924,1,560,2,1,3,1,6,85,0,300,2,5
925,6,174,7,2,3,2,41,48,0,300,2,5
926,2,265,2,2,3,1,10,62,300,420,2,5
927,9,399,9,2,3,1,55,78,420,540,2,5
928,13,441,15,2,3,2,0,85,180,300,4,5
929,13,266,14,1,3,1,87,5,60,180,2,5
930,12,552,13,1,3,2,0,55,0,300,3,5
931,1,388,1,2,3,2,45,3,420,540,4,5
932,11,570,13,2,3,1,100,48,300,600,1,5
933,12,215,12,2,3,2,29,34,300,420,4,5
934,2,475,4,1,3,3,91,49,180,300,3,5
935,12,499,13,1,3,3,61,10,180,300,3,5
936,1,174,1,1,3,1,59,79,180,300,4,5
937,6,570,7,2,3,1,7,99,0,300,2,5
938,3,128,3,1,3,2,17,48,180,300,4,5
939,14,22,14,2,3,1,77,28,0,300,4,5
940,9,252,9,2,3,3,47,56,300,420,3,5
941,1,123,1,1,3,3,12,35,180,300,3,5
942,10,309,10,2,3,1,12,73,420,540,3,5
943,9,314,9,2,3,1,74,24,420,540,4,5
944,8,399,8,2,3,3,23,12,420,540,3,5
945,13,382,13,2,3,3,94,60,420,540,2,5
946,4,46,5,2,3,3,92,60,180,300,1,5
947,2,125,3,1,3,2,20,4,60,180,1,5
948,7,108,7,1,3,3,28,20,180,300,2,5
949,12,559,14,1,3,1,24,47,0,300,3,5
950,4,470,5,2,3,3,61,5,0,300,2,5
951,1,85,2,1,3,1,15,36,0,300,2,5
952,11,397,11,2,3,3,73,9,420,540,1,5
953,8,373,8,2,3,1,82,60,420,540,2,5
954,4,295,4,2,3,2,30,49,420,540,3,5
955,13,414,14,2,3,1,44,75,180,300,1,5
956,8,388,8,2,3,3,57,23,420,540,1,5
957,3,446,5,2,3,1,57,19,300,420,1,5
958,12,13,13,2,3,2,11,59,300,420,3,5
959,9,343,9,2,3,1,36,38,420,540,4,5
960,6,299,7,1,3,3,41,9,60,180,2,5
961,7,507,9,1,3,2,53,4,180,300,1,5
962,10,321,11,2,3,3,87,14,0,300,1,5
963,3,173,4,1,3,2,30,42,0,300,3,5
964,10,548,12,1,3,1,69,94,60,180,3,5
965,3,438,5,2,3,1,26,34,0,300,3,5
966,7,314,7,2,3,3,4,16,420,540,1,5
967,9,306,9,2,3,1,49,50,420,540,4,5
968,3,149,3,1,3,2,9,51,180,300,3,5
969,14,156,14,1,3,3,68,58,180,300,2,5
970,6,184,6,2,3,2,63,91,300,600,1,5
971,1,507,2,1,3,3,96,92,180,300,1,5
972,3,369,3,2,3,3,88,43,420,540,2,5
973,8,3,8,1,3,1,82,89,60,180,3,5
974,14,483,15,1,3,3,22,47,60,180,4,5
975,5,16,6,1,3,2,9,78,0,300,1,5
976,1,29,1,1,3,3,6,59,60,180,1,5
977,14,184,14,2,3,2,97,66,420,540,1,5
978,11,26,12,1,3,1,69,38,180,300,2,5
979,2,321,3,1,3,1,77,17,60,180,4,5
980,9,412,10,2,3,3,84,93,0,300,3,5
981,10,427,11,1,3,3,91,42,60,180,3,5
982,4,161,4,1,3,2,7,10,180,300,3,5
983,12,362,14,1,3,1,57,68,60,180,1,5
984,1,357,1,2,3,3,27,42,420,540,1,5
985,6,149,8,1,3,3,99,98,180,300,1,5
986,2,409,2,2,3,2,3,22,420,540,4,5
987,10,551,12,1,3,1,66,86,0,300,4,5
988,4,542,5,1,3,2,32,84,180,300,2,5
989,2,431,3,1,3,2,33,62,0,300,1,5
990,13,166,13,1,3,2,28,27,180,300,2,5
991,12,50,12,1,3,1,25,58,60,180,3,5
992,9,315,9,2,3,3,85,6,420,540,2,5
993,12,446,14,1,3,2,71,3,60,180,4,5
994,3,123,3,1,3,2,100,6,180,300,3,5
995,13,55,13,1,3,2,49,47,60,180,4,5
996,14,130,14,2,3,3,89,92,180,300,4,5
997,13,192,13,2,3,2,84,27,300,600,2,5
998,11,424,12,1,3,2,98,73,60,180,2,5
999,9,287,9,2,3,1,18,30,420,540,4,5
1000,13,572,14,1,3,3,58,32,0,300,4,5
1001,11,361,11,2,3,2,91,80,420,540,4,5
1002,2,16,3,1,3,3,74,35,60,180,1,5
1003,13,139,13,1,3,3,76,91,180,300,3,5
1004,14,282,15,1,3,3,24,75,180,300,1,5
1005,3,76,3,1,3,3,28,70,180,300,1,5
1006,11,423,13,2,3,2,90,24,60,180,2,5
1007,10,523,11,1,3,2,56,11,180,300,1,5
1008,13,185,13,2,3,2,52,30,300,600,3,5
1009,10,38,11,2,3,3,95,12,0,300,2,5
1010,4,327,5,2,3,2,5,82,300,420,4,5
1011,6,237,8,1,3,3,9,72,60,180,3,5
1012,1,405,1,2,3,2,75,32,420,540,2,5
1013,11,39,11,1,3,2,66,0,60,180,2,5
1014,13,63,14,2,3,1,33,19,60,180,4,5
1015,8,463,9,1,3,3,43,18,180,300,3,5
1016,8,380,8,2,3,2,72,16,420,540,3,5
1017,13,274,13,2,3,2,89,84,420,540,1,5
1018,3,429,5,1,3,3,79,37,0,300,3,5
1019,13,76,14,1,3,3,50,86,180,300,2,5
1020,2,570,4,1,3,2,96,28,180,300,3,5
1021,4,427,5,2,3,3,57,19,0,300,1,5
1022,13,569,15,1,3,1,45,29,60,180,4,5
1023,4,329,4,2,3,2,33,57,420,540,3,5
1024,3,173,4,2,3,3,58,52,180,300,3,5
1025,8,143,8,2,3,3,32,88,420,540,2,5
1026,1,489,3,2,3,1,15,65,0,300,2,5
1027,13,327,14,1,3,2,79,22,180,300,3,5
1028,14,413,14,2,3,2,93,100,420,540,3,5
1029,12,417,13,2,3,3,54,41,60,180,4,5
1030,11,314,11,2,3,1,29,91,420,540,2,5
1031,14,249,15,1,3,1,40,66,0,300,3,5
1032,11,123,11,2,3,3,32,20,420,540,1,5
1033,3,405,3,2,3,1,22,65,420,540,1,5
1034,6,250,6,2,3,2,56,89,420,540,3,5
1035,5,523,7,1,3,1,65,96,180,300,2,5
1036,3,462,5,2,3,3,97,85,180,300,4,5
1037,14,340,14,2,3,1,22,67,420,540,4,5
1038,1,288,1,2,3,2,39,39,420,540,1,5
1039,2,279,2,2,3,2,75,47,420,540,4,5
1040,13,397,13,2,3,1,68,35,420,540,2,5
1041,4,598,6,1,3,3,42,36,60,180,1,5
1042,14,386,14,2,3,3,43,67,420,540,4,5
1043,3,365,4,1,3,2,59,68,0,300,2,5
1044,11,76,12,1,3,1,52,29,180,300,4,5
1045,3,201,3,2,3,3,10,19,300,420,4,5
1046,4,559,5,2,3,2,48,53,300,600,2,5
1047,9,97,9,1,3,3,78,46,180,300,2,5
1048,1,483,2,1,3,1,22,36,60,180,4,5
1049,14,348,14,2,3,3,74,79,420,540,4,5
1050,1,340,2,2,3,3,48,56,60,180,4,5
1051,12,276,12,2,3,1,36,39,420,540,3,5
1052,12,491,14,1,3,3,18,2,0,300,3,5
1053,11,425,13,2,3,1,86,94,300,420,4,5
1054,8,298,8,2,3,2,8,24,300,420,4,5
1055,14,555,16,1,3,2,34,93,0,300,1,5
1056,9,209,10,1,3,1,90,4,0,300,2,5
1057,1,231,1,2,3,3,38,97,420,540,4,5
1058,1,39,2,1,3,2,15,15,180,300,2,5
1059,14,310,15,1,3,3,65,87,0,300,4,5
1060,14,73,14,2,3,1,71,63,300,420,2,5
1061,10,160,11,1,3,2,55,65,60,180,1,5
1062,9,243,9,2,3,1,74,77,420,540,2,5
1063,6,567,7,2,3,2,65,94,420,540,1,5
1064,8,339,9,2,3,1,42,10,300,420,3,5
1065,6,208,6,2,3,1,3,13,300,600,2,5
1066,6,164,7,1,3,3,9,94,180,300,2,5
1067,12,475,14,2,3,3,88,75,0,300,3,5
1068,10,214,12,1,3,3,44,34,180,300,3,5
1069,9,333,9,2,3,1,62,83,420,540,4,5
1070,7,249,8,1,3,3,33,49,180,300,3,5
1071,9,559,11,2,3,1,49,99,420,540,2,5
1072,1,536,2,2,3,2,100,91,0,300,3,5
1073,9,461,10,1,3,1,21,59,180,300,3,5
1074,9,499,11,1,3,2,34,97,0,300,2,5
1075,8,102,8,1,3,3,51,58,180,300,3,5
1076,8,59,9,2,3,3,92,13,180,300,1,5
1077,2,219,3,2,3,1,22,20,60,180,1,5
1078,12,357,13,1,3,2,4,19,180,300,1,5
1079,2,149,2,2,3,3,62,60,300,600,2,5
1080,6,440,8,1,3,2,27,4,0,300,3,5
1081,9,73,10,2,3,3,2,16,0,300,2,5
1082,6,187,7,2,3,2,18,37,60,180,3,5
1083,9,260,10,1,3,2,94,100,180,300,2,5
1084,7,594,8,2,3,3,1,82,300,600,3,5
1085,5,65,5,1,3,3,83,63,180,300,4,5
1086,8,48,9,2,3,2,71,36,0,300,2,5
1087,5,415,6,1,3,2,20,32,0,300,2,5
1088,9,9,9,1,3,1,4,7,60,180,1,5
1089,12,239,12,2,3,2,19,24,300,600,2,5
1090,1,28,1,1,3,2,33,70,60,180,2,5
1091,14,502,15,1,3,3,27,72,180,300,3,5
1092,14,461,15,1,3,1,69,85,0,300,1,5
1093,3,551,4,1,3,1,81,0,60,180,2,5
1094,9,58,9,1,3,2,92,92,60,180,3,5
1095,11,253,12,1,3,1,27,69,0,300,3,5
1096,7,293,7,2,3,3,3,97,300,600,2,5
1097,5,403,5,2,3,3,53,99,420,540,4,5
1098,2,292,2,2,3,3,53,65,420,540,1,5
1099,14,127,14,1,3,2,4,41,180,300,3,5
1100,14,123,15,2,3,1,2,28,0,300,4,5
1101,7,75,8,2,3,1,93,73,300,420,2,5
1102,11,392,11,2,3,3,39,12,420,540,2,5
1103,9,389,9,2,3,3,19,20,420,540,3,5
1104,12,230,12,2,3,2,4,70,420,540,3,5
1105,1,141,2,2,3,1,97,67,60,180,4,5
1106,2,427,3,1,3,3,21,2,0,300,1,5
1107,11,167,12,1,3,2,21,93,180,300,3,5
1108,11,291,12,1,3,3,75,94,60,180,3,5
1109,13,412,13,2,3,2,36,6,420,540,2,5
1110,5,269,5,2,3,2,64,2,420,540,4,5
1111,5,444,6,1,3,3,48,89,180,300,4,5
1112,9,127,10,2,3,1,26,37,0,300,1,5
1113,7,367,7,2,3,1,96,51,420,540,1,5
1114,6,125,6,1,3,3,98,74,180,300,4,5
1115,1,589,3,1,3,3,55,45,180,300,3,5
1116,7,127,7,1,3,3,75,98,180,300,4,5
1117,9,310,9,2,3,1,0,90,420,540,4,5
1118,11,237,11,2,3,1,65,40,300,420,4,5
1119,4,60,4,2,3,3,57,3,420,540,4,5
1120,11,135,11,2,3,1,52,83,180,300,1,5
1121,11,308,12,2,3,1,4,16,420,540,4,5
1122,11,200,11,2,3,2,8,61,300,420,1,5
1123,6,54,6,2,3,2,6,61,420,540,1,5
1124,4,595,5,2,3,2,54,88,300,600,1,5
1125,11,424,12,1,3,1,25,54,60,180,1,5
1126,4,569,5,1,3,2,77,72,60,180,1,5
1127,9,18,10,2,3,2,8,45,300,420,2,5
1128,3,391,4,1,3,1,41,56,0,300,2,5
1129,5,546,7,2,3,2,83,75,300,420,4,5
1130,3,93,3,1,3,1,32,53,180,300,4,5
1131,12,496,14,1,3,3,9,49,60,180,1,5
1132,8,189,8,2,3,2,6,93,420,540,4,5
1133,1,331,2,1,3,2,32,90,0,300,1,5
1134,1,206,1,2,3,1,11,30,420,540,1,5
1135,2,184,2,2,3,1,98,7,300,600,3,5
1136,5,53,5,2,3,2,17,92,180,300,3,5
1137,4,567,5,1,3,1,19,64,180,300,2,5
1138,9,66,9,1,3,2,1,70,180,300,1,5
1139,9,276,9,2,3,1,54,85,300,600,3,5
1140,2,595,4,1,3,2,32,8,0,300,1,5
1141,9,262,9,2,3,2,88,37,300,420,1,5
1142,9,120,9,1,3,2,46,66,180,300,2,5
1143,8,376,8,2,3,1,58,81,420,540,3,5
1144,7,352,7,2,3,2,13,82,420,540,3,5
1145,9,255,11,2,3,2,70,84,60,180,4,5
1146,4,427,6,1,3,3,10,32,180,300,4,5
1147,9,6,10,1,3,3,45,23,60,180,1,5
1148,2,106,3,1,3,3,64,48,0,300,3,5
1149,10,180,10,1,3,3,99,61,180,300,1,5
1150,2,497,3,2,3,1,36,48,0,300,2,5
1151,4,99,5,2,3,2,3,51,420,540,3,5
1152,6,93,7,1,3,2,39,58,180,300,4,5
1153,13,478,15,1,3,3,26,63,0,300,2,5
1154,14,113,15,1,3,1,33,61,60,180,2,5
1155,12,467,13,2,3,3,67,1,420,540,3,5
1156,10,97,10,2,3,3,47,50,300,420,3,5
1157,12,35,14,1,3,3,21,89,60,180,4,5
1158,14,271,14,2,3,1,38,68,300,600,3,5
1159,9,441,10,1,3,3,38,31,180,300,3,5
1160,9,125,10,2,3,2,56,52,0,300,4,5
1161,2,191,2,2,3,2,14,17,420,540,2,5
1162,11,253,12,1,3,1,59,40,60,180,4,5
1163,12,221,13,1,3,3,76,17,60,180,4,5
1164,2,358,2,2,3,1,54,7,420,540,2,5
1165,3,51,3,2,3,3,96,71,180,300,2,5
1166,10,584,11,2,3,3,33,61,420,540,2,5
1167,9,116,9,2,3,3,33,57,300,420,3,5
1168,5,161,5,1,3,2,12,85,180,300,2,5
1169,5,61,6,1,3,1,64,73,180,300,2,5
1170,7,125,8,1,3,1,77,52,0,300,2,5
1171,1,303,1,2,3,2,68,40,420,540,3,5
1172,2,473,3,1,3,3,68,97,0,300,2,5
1173,14,322,14,2,3,1,39,41,420,540,2,5
1174,2,464,4,1,3,3,7,84,60,180,3,5
1175,8,68,8,1,3,2,79,55,180,300,3,5
1176,9,376,9,2,3,3,93,49,420,540,4,5
1177,10,8,12,2,3,1,57,61,60,180,4,5
1178,11,156,11,1,3,3,27,30,180,300,1,5
1179,11,108,11,1,3,1,50,72,180,300,2,5
1180,8,460,9,1,3,1,30,95,60,180,3,5
1181,13,358,14,1,3,3,20,68,60,180,1,5
1182,7,192,7,2,3,2,58,50,300,420,1,5
1183,8,420,8,2,3,3,28,39,420,540,1,5
1184,7,466,9,2,3,2,39,55,420,540,4,5
1185,9,402,10,2,3,3,6,3,180,300,2,5
1186,7,242,7,2,3,1,50,90,300,420,1,5
1187,13,55,13,2,3,3,50,26,0,300,4,5
1188,12,446,13,1,3,3,62,2,0,300,4,5
1189,7,543,8,2,3,3,0,37,300,420,1,5
1190,11,548,13,2,3,3,37,60,60,180,1,5
1191,2,427,3,1,3,2,24,57,180,300,4,5
1192,4,264,5,2,3,1,26,33,60,180,1,5
1193,10,447,11,1,3,3,21,32,60,180,4,5
1194,10,174,11,2,3,2,0,75,180,300,3,5
1195,11,170,12,1,3,1,75,100,60,180,3,5
1196,8,524,10,1,3,2,25,95,60,180,3,5
1197,14,566,16,2,3,3,73,9,60,180,1,5
1198,9,479,11,2,3,3,48,99,60,180,2,5
1199,5,298,6,1,3,1,100,27,60,180,2,5
1200,13,591,14,1,3,2,69,64,0,300,3,5
1201,11,239,12,2,3,1,86,82,180,300,2,5
1202,12,133,13,1,3,3,81,46,0,300,4,5
1203,12,430,13,2,3,1,54,19,300,600,4,5
1204,14,324,14,2,3,2,63,68,420,540,4,5
1205,14,251,15,1,3,2,100,49,60,180,4,5
1206,2,372,2,2,3,2,14,73,420,540,3,5
1207,8,115,9,2,3,2,12,61,180,300,3,5
1208,12,175,13,2,3,2,91,13,60,180,4,5
1209,9,383,9,2,3,1,35,7,420,540,2,5
1210,11,578,13,1,3,2,84,84,0,300,4,5
1211,3,478,4,1,3,1,64,5,180,300,4,5
1212,11,125,12,1,3,2,37,62,180,300,2,5
1213,3,512,4,1,3,2,74,81,180,300,3,5
1214,9,467,11,2,3,2,94,81,300,600,2,5
1215,2,197,3,2,3,1,47,39,180,300,3,5
1216,11,568,13,1,3,2,6,13,0,300,1,5
1217,1,85,1,2,3,2,27,57,180,300,2,5
1218,8,384,10,2,3,2,30,98,300,420,1,5
1219,14,464,15,1,3,2,76,72,0,300,4,5
1220,13,36,13,2,3,3,56,71,60,180,3,5
1221,2,463,4,2,3,1,28,89,180,300,4,5
1222,3,30,5,1,3,3,84,46,0,300,3,5
1223,10,279,10,2,3,1,44,63,420,540,1,5
1224,14,348,14,2,3,3,97,71,420,540,3,5
1225,6,215,6,2,3,3,13,69,300,420,1,5
1226,4,272,6,1,3,1,60,43,60,180,4,5
1227,12,187,13,1,3,1,57,91,0,300,3,5
1228,4,317,6,1,3,3,4,8,60,180,1,5
1229,7,26,7,1,3,1,55,24,60,180,1,5
1230,4,261,4,2,3,3,67,4,300,600,3,5
1231,4,374,5,1,3,2,89,24,180,300,3,5
1232,11,540,12,1,3,3,53,52,180,300,1,5
1233,10,342,10,2,3,2,45,82,420,540,3,5
1234,7,340,7,2,3,1,84,92,420,540,3,5
1235,8,107,8,2,3,2,52,57,300,420,4,5
1236,2,189,2,2,3,3,21,41,420,540,2,5
1237,13,195,13,2,3,1,66,94,420,540,3,5
1238,14,507,16,1,3,2,67,63,60,180,3,5
1239,5,484,7,2,3,1,25,13,0,300,1,5
1240,9,301,9,2,3,1,60,61,420,540,1,5
1241,12,362,12,2,3,3,16,17,420,540,3,5
1242,9,76,10,1,3,1,35,46,180,300,3,5
1243,9,600,11,1,3,2,26,55,0,300,1,5
1244,7,405,7,2,3,3,90,57,420,540,4,5
1245,13,186,14,2,3,2,84,60,180,300,4,5
1246,11,238,12,2,3,3,69,3,420,540,4,5
1247,6,217,7,1,3,3,52,74,60,180,2,5
1248,1,367,2,1,3,1,46,12,180,300,2,5
1249,10,580,11,2,3,2,37,42,420,540,2,5
1250,5,316,6,2,3,1,42,53,0,300,3,5
1251,5,585,7,1,3,1,22,24,0,300,4,5
1252,10,239,10,2,3,3,34,29,420,540,3,5
1253,12,504,14,2,3,1,62,6,60,180,1,5
1254,2,184,2,2,3,3,76,22,300,600,1,5
1255,12,451,13,1,3,1,97,78,60,180,1,5
1256,6,241,6,2,3,2,68,16,300,420,1,5
1257,14,361,14,2,3,1,77,91,420,540,4,5
1258,7,443,9,1,3,2,37,6,180,300,1,5
1259,3,174,3,2,3,1,43,14,300,420,1,5
1260,1,196,1,2,3,2,74,29,300,420,3,5
1261,3,257,4,2,3,2,46,86,0,300,1,5
1262,13,29,14,1,3,2,7,70,180,300,4,5
1263,13,403,13,2,3,1,58,32,420,540,4,5
1264,6,110,6,1,3,1,17,72,180,300,1,5
1265,5,488,7,1,3,2,9,16,180,300,2,5
1266,1,368,2,1,3,3,22,87,0,300,3,5
1267,6,553,8,1,3,1,58,52,0,300,2,5
1268,7,223,7,2,3,2,15,54,300,600,1,5
1269,4,197,4,2,3,2,7,28,420,540,1,5
1270,3,161,3,1,3,2,24,31,180,300,2,5
1271,11,86,11,1,3,3,3,39,180,300,3,5
1272,1,347,1,2,3,1,28,34,420,540,4,5
1273,8,438,9,2,3,2,22,13,0,300,4,5
1274,7,421,9,1,3,1,34,25,60,180,3,5
1275,9,591,11,1,3,2,93,55,180,300,2,5
1276,8,265,8,2,3,1,91,38,420,540,4,5
1277,6,10,7,2,3,2,45,50,60,180,3,5
1278,8,332,8,2,3,2,32,94,420,540,1,5
1279,2,32,3,1,3,3,49,10,60,180,4,5
1280,1,83,1,1,3,2,72,90,180,300,3,5
1281,3,213,3,2,3,1,87,70,300,600,4,5
1282,6,82,6,2,3,2,28,17,420,540,4,5
1283,12,445,13,1,3,3,16,5,0,300,4,5
1284,7,208,7,2,3,1,14,98,420,540,1,5
1285,11,263,12,1,3,2,7,47,0,300,3,5
1286,4,459,5,2,3,1,6,92,180,300,2,5
1287,8,549,9,2,3,1,66,45,180,300,2,5
1288,6,468,8,1,3,3,53,62,180,300,3,5
1289,7,357,7,2,3,1,62,49,420,540,3,5
1290,7,139,7,1,3,3,80,63,180,300,2,5
1291,2,417,3,2,3,2,73,38,420,540,2,5
1292,13,135,13,1,3,3,22,37,180,300,4,5
1293,10,380,10,2,3,1,63,100,420,540,1,5
1294,5,113,5,1,3,3,56,12,180,300,3,5
1295,11,150,11,1,3,3,98,90,180,300,2,5
1296,4,533,6,1,3,1,40,51,0,300,3,5
1297,9,75,10,2,3,3,8,13,300,600,3,5
1298,12,169,13,2,3,1,80,61,420,540,4,5
1299,6,406,6,2,3,2,19,36,420,540,1,5
1300,1,127,1,1,3,2,39,31,180,300,2,5
1301,11,399,11,2,3,1,100,12,420,540,1,5
1302,9,117,10,2,3,3,82,40,60,180,2,5
1303,11,246,11,2,3,3,98,53,420,540,3,5
1304,13,418,13,2,3,3,20,91,420,540,1,5
1305,2,262,2,2,3,3,78,40,420,540,4,5
1306,13,317,13,2,3,1,72,97,420,540,3,5
1307,2,365,3,1,3,2,94,54,60,180,3,5
1308,4,17,4,1,3,2,65,9,60,180,2,5
1309,7,108,8,1,3,2,99,77,60,180,4,5
1310,5,479,7,1,3,2,84,53,180,300,4,5
1311,3,400,3,2,3,2,3,34,420,540,4,5
1312,9,141,9,1,3,3,5,12,180,300,4,5
1313,12,131,13,1,3,2,5,30,180,300,2,5
1314,11,371,12,2,3,1,92,74,420,540,2,5
1315,5,462,6,2,3,2,42,98,300,420,2,5
1316,7,103,7,1,3,3,85,27,180,300,4,5
1317,3,397,3,2,3,3,28,22,420,540,4,5
1318,10,183,10,2,3,1,96,9,420,540,1,5
1319,6,301,7,1,3,2,4,14,60,180,4,5
1320,2,348,2,2,3,1,72,64,420,540,1,5
1321,13,595,14,1,3,2,100,91,0,300,3,5
1322,10,129,10,2,3,1,48,52,300,600,2,5
1323,14,529,15,1,3,3,62,66,0,300,4,5
1324,11,267,12,1,3,3,29,93,180,300,1,5
1325,1,71,1,1,3,2,46,40,180,300,2,5
1326,4,273,5,2,3,3,71,71,180,300,3,5
1327,2,108,2,1,3,1,35,57,180,300,4,5
1328,4,459,6,1,3,1,39,53,60,180,1,5
1329,12,395,13,1,3,3,48,55,180,300,4,5
1330,1,255,1,2,3,3,1,87,420,540,3,5
1331,6,183,6,2,3,1,35,83,420,540,4,5
1332,13,81,13,2,3,2,39,51,180,300,1,5
1333,9,192,9,2,3,3,24,51,300,600,4,5
1334,12,229,13,2,3,1,37,17,60,180,2,5
1335,13,223,13,2,3,3,68,66,420,540,3,5
1336,8,291,8,2,3,3,38,77,300,420,2,5
1337,6,295,6,2,3,1,34,94,420,540,3,5
1338,10,267,10,2,3,1,82,3,300,600,3,5
1339,13,513,14,2,3,3,7,62,300,420,3,5
1340,11,13,12,1,3,3,42,90,60,180,4,5
1341,11,138,11,1,3,1,37,61,180,300,3,5
1342,4,448,5,2,3,3,38,17,300,600,2,5
1343,4,251,4,2,3,1,70,40,300,420,4,5
1344,6,419,6,2,3,1,53,95,420,540,4,5
1345,8,0,9,1,3,3,46,58,180,300,1,5
1346,9,52,9,2,3,2,14,0,420,540,3,5
1347,6,492,8,2,3,3,89,33,420,540,1,5
1348,1,19,1,1,3,3,68,100,60,180,2,5
1349,3,5,3,1,3,2,90,97,60,180,1,5
1350,5,391,5,2,3,2,18,29,420,540,3,5
1351,9,167,9,1,3,3,15,69,180,300,3,5
1352,3,48,3,1,3,2,68,26,60,180,3,5
1353,2,224,3,2,3,2,93,62,300,420,2,5
1354,9,85,10,2,3,3,55,57,420,540,3,5
1355,8,402,8,2,3,1,37,52,420,540,4,5
1356,9,69,9,2,3,3,5,46,180,300,2,5
1357,9,188,9,2,3,3,71,23,420,540,4,5
1358,2,411,3,1,3,3,71,15,0,300,3,5
1359,13,409,14,1,3,2,58,61,60,180,4,5
1360,9,217,9,2,3,1,9,14,420,540,2,5
1361,14,399,16,1,3,3,17,79,0,300,4,5
1362,5,549,7,1,3,2,8,22,60,180,4,5
1363,5,166,5,1,3,2,19,28,180,300,3,5
1364,8,63,8,2,3,3,89,6,180,300,3,5
1365,7,422,9,1,3,2,26,52,60,180,1,5
1366,4,261,4,2,3,2,8,13,300,420,2,5
1367,1,595,3,1,3,3,0,12,180,300,4,5
1368,4,425,5,2,3,2,35,51,0,300,4,5
1369,5,6,6,2,3,1,58,86,180,300,4,5
1370,11,31,11,2,3,2,51,64,0,300,4,5
1371,5,328,5,2,3,3,48,29,420,540,4,5
1372,6,94,7,2,3,1,93,98,60,180,4,5
1373,11,563,12,1,3,3,33,13,60,180,4,5
1374,4,59,5,1,3,3,39,75,60,180,3,5
1375,14,110,14,1,3,2,5,93,180,300,1,5
1376,6,278,6,2,3,3,68,91,300,600,1,5
1377,7,464,8,2,3,2,6,29,60,180,4,5
1378,3,211,3,2,3,1,8,27,420,540,3,5
1379,5,196,5,2,3,1,95,80,300,420,1,5
1380,1,133,1,2,3,1,77,31,420,540,3,5
1381,5,236,5,2,3,2,72,22,300,420,1,5
1382,5,305,6,1,3,3,72,39,180,300,3,5
1383,13,107,13,1,3,1,59,72,180,300,4,5
1384,12,130,14,1,3,1,73,45,180,300,3,5
1385,1,577,2,1,3,1,57,74,0,300,1,5
1386,5,300,6,1,3,2,67,1,180,300,2,5
1387,5,100,5,1,3,3,21,48,180,300,1,5
1388,10,508,11,1,3,1,68,26,180,300,4,5
1389,6,206,7,1,3,1,16,53,180,300,1,5
1390,3,229,4,1,3,3,61,61,60,180,4,5
1391,7,395,7,2,3,2,14,47,420,540,1,5
1392,7,510,9,2,3,1,55,71,300,420,1,5
1393,9,375,10,1,3,1,51,88,0,300,3,5
1394,10,53,11,1,3,3,89,32,60,180,4,5
1395,3,153,3,1,3,1,34,15,180,300,1,5
1396,7,344,7,2,3,1,29,63,420,540,2,5
1397,6,503,7,2,3,2,52,31,0,300,1,5
1398,11,497,12,1,3,1,11,17,0,300,2,5
1399,8,414,8,2,3,3,80,86,420,540,1,5
1400,14,276,14,2,3,3,3,26,300,420,3,5
1401,4,359,4,2,3,1,71,69,420,540,3,5
1402,13,514,14,1,3,2,52,35,180,300,4,5
1403,10,267,11,1,3,1,39,93,180,300,2,5
1404,11,401,12,1,3,1,37,22,60,180,2,5
1405,9,38,10,1,3,1,84,3,60,180,4,5
1406,10,121,11,1,3,1,56,16,60,180,3,5
1407,11,162,12,1,3,2,53,65,0,300,4,5
1408,2,186,3,1,3,2,91,11,60,180,2,5
1409,8,295,9,2,3,1,25,38,180,300,3,5
1410,10,189,10,2,3,3,5,35,420,540,4,5
1411,10,536,12,1,3,1,34,6,180,300,3,5
1412,1,32,1,1,3,2,58,20,60,180,2,5
1413,3,111,3,1,3,3,41,2,180,300,3,5
1414,4,252,4,2,3,2,44,49,300,420,3,5
1415,2,183,2,2,3,2,93,42,300,420,3,5
1416,2,432,3,1,3,1,45,98,60,180,4,5
1417,10,176,10,1,3,3,80,79,180,300,1,5
1418,14,505,15,1,3,3,54,27,180,300,1,5
1419,14,452,16,1,3,1,20,26,180,300,1,5
1420,8,447,10,2,3,1,76,95,0,300,1,5
1421,12,148,12,1,3,3,31,86,180,300,2,5
1422,8,362,9,1,3,2,27,83,60,180,3,5
1423,9,224,10,2,3,1,71,23,300,420,2,5
1424,14,293,14,2,3,2,44,67,420,540,1,5
1425,2,87,2,1,3,2,100,8,180,300,2,5
1426,10,367,10,2,3,3,55,44,420,540,1,5
1427,4,50,4,2,3,3,91,2,180,300,3,5
1428,5,371,5,2,3,1,88,66,420,540,4,5
1429,11,80,12,1,3,3,6,73,60,180,4,5
1430,9,18,9,1,3,2,36,50,60,180,1,5
1431,8,497,9,1,3,3,83,90,180,300,2,5
1432,8,564,9,1,3,1,53,47,180,300,2,5
1433,1,222,1,2,3,3,12,64,420,540,3,5
1434,3,599,5,1,3,1,94,55,180,300,2,5
1435,4,106,4,1,3,3,24,42,180,300,1,5
1436,12,371,12,2,3,3,55,13,420,540,1,5
1437,9,105,9,1,3,1,69,89,180,300,3,5
1438,14,377,15,2,3,2,19,26,60,180,4,5
1439,12,455,14,1,3,2,25,31,180,300,4,5
1440,4,501,5,1,3,2,87,57,0,300,3,5
1441,4,104,5,2,3,3,99,13,420,540,1,5
1442,13,469,15,1,3,1,27,4,180,300,3,5
1443,13,560,15,2,3,2,72,2,420,540,1,5
1444,10,293,10,2,3,3,80,94,300,600,4,5
1445,10,214,11,1,3,2,86,0,60,180,4,5
1446,4,417,4,2,3,3,98,47,420,540,3,5
1447,6,198,7,1,3,2,62,41,60,180,2,5
1448,14,502,15,1,3,3,56,94,180,300,4,5
1449,5,566,7,1,3,2,32,21,180,300,3,5
1450,12,580,14,1,3,1,39,40,180,300,3,5
1451,1,51,1,1,3,2,43,66,60,180,4,5
1452,11,65,11,2,3,3,17,93,300,600,1,5
1453,10,183,11,2,3,3,53,98,300,600,2,5
1454,1,222,1,2,3,3,66,59,420,540,3,5
1455,2,200,3,1,3,2,73,43,60,180,4,5
1456,14,198,14,2,3,1,46,32,420,540,2,5
1457,4,358,4,2,3,1,15,43,420,540,1,5
1458,11,217,11,2,3,1,26,34,420,540,1,5
1459,1,49,2,2,3,3,44,58,180,300,3,5
1460,4,474,5,1,3,3,36,20,60,180,2,5
1461,10,297,10,2,3,3,81,64,300,420,3,5
1462,9,518,10,2,3,3,7,33,420,540,2,5
1463,8,522,9,1,3,3,65,20,60,180,3,5
1464,7,491,9,1,3,3,2,18,180,300,4,5
1465,8,87,9,1,3,2,55,63,60,180,2,5
1466,8,186,8,2,3,3,88,45,300,600,3,5
1467,8,491,10,1,3,2,57,90,60,180,3,5
1468,11,93,11,1,3,2,34,3,180,300,4,5
1469,7,218,8,1,3,1,97,96,60,180,3,5
1470,9,473,10,1,3,3,23,69,60,180,3,5
1471,1,358,1,2,3,2,74,8,420,540,4,5
1472,9,429,10,1,3,2,49,88,180,300,1,5
1473,3,586,4,2,3,2,82,91,180,300,1,5
1474,8,206,8,2,3,1,29,25,300,420,3,5
1475,10,275,10,2,3,3,100,89,420,540,2,5
1476,1,427,3,1,3,3,61,6,180,300,1,5
1477,3,28,3,2,3,3,24,63,420,540,3,5
1478,11,464,12,1,3,2,61,39,60,180,1,5
1479,7,261,7,2,3,3,29,20,420,540,3,5
1480,4,69,4,2,3,3,100,52,180,300,3,5
1481,14,460,16,1,3,3,92,40,0,300,2,5
1482,5,338,5,2,3,1,56,20,420,540,2,5
1483,13,384,14,2,3,3,44,44,300,420,1,5
1484,2,184,4,1,3,2,49,91,60,180,2,5
1485,1,218,2,2,3,3,64,50,300,420,3,5
1486,3,400,3,2,3,3,59,51,420,540,4,5
1487,5,585,7,2,3,3,70,11,60,180,4,5
1488,8,423,9,1,3,3,43,24,180,300,2,5
1489,4,494,6,2,3,1,91,7,180,300,2,5
1490,14,443,16,2,3,3,14,53,180,300,4,5
1491,2,439,3,1,3,3,82,41,180,300,1,5
1492,13,116,13,1,3,2,91,55,180,300,1,5
1493,7,328,7,2,3,3,59,6,420,540,2,5
1494,7,448,9,1,3,1,80,29,0,300,3,5
1495,7,331,8,1,3,3,98,85,180,300,2,5
1496,9,451,10,2,3,2,22,20,60,180,4,5
1497,8,235,8,2,3,2,4,12,420,540,4,5
1498,1,346,1,2,3,2,27,56,420,540,1,5
1499,14,485,15,1,3,1,56,50,180,300,2,5
1500,7,587,8,1,3,2,98,32,180,300,3,5
1501,7,433,8,1,3,1,94,6,60,180,4,5
1502,3,460,5,2,3,3,98,59,420,540,4,5
1503,3,382,4,1,3,1,49,77,0,300,1,5
1504,3,31,4,1,3,3,51,13,180,300,2,5
1505,8,95,9,1,3,2,39,70,180,300,1,5
1506,9,550,11,1,3,1,76,83,60,180,2,5
1507,8,494,10,2,3,3,29,15,180,300,3,5
1508,13,38,14,1,3,1,34,32,60,180,4,5
1509,6,478,8,1,3,2,38,78,180,300,4,5
1510,10,399,10,2,3,2,69,13,420,540,4,5
1511,1,26,1,1,3,2,52,53,60,180,4,5
1512,3,213,3,2,3,2,86,77,420,540,1,5
1513,5,295,7,1,3,2,44,3,60,180,3,5
1514,14,266,14,2,3,2,0,31,300,420,4,5
1515,1,59,1,1,3,3,11,58,60,180,1,5
1516,5,311,5,2,3,3,37,70,420,540,3,5
1517,3,336,3,2,3,2,74,29,420,540,3,5
1518,11,63,12,1,3,3,94,44,0,300,3,5
1519,4,372,5,1,3,2,56,11,60,180,1,5
1520,5,173,5,2,3,2,71,87,180,300,4,5
1521,2,397,2,2,3,1,18,1,420,540,1,5
1522,12,425,13,1,3,1,86,76,0,300,4,5
1523,5,470,7,2,3,3,30,19,300,600,4,5
1524,1,224,1,2,3,1,89,54,420,540,3,5
1525,9,368,9,2,3,3,99,42,420,540,4,5
1526,1,524,3,1,3,2,51,58,60,180,4,5
1527,8,87,8,1,3,2,86,81,180,300,1,5
1528,7,254,7,2,3,3,48,53,420,540,4,5
1529,1,225,2,1,3,2,20,9,180,300,2,5
1530,14,39,15,1,3,1,33,2,180,300,1,5
1531,5,128,6,1,3,2,68,82,60,180,2,5
1532,7,496,9,1,3,3,59,80,0,300,3,5
1533,7,495,9,1,3,3,80,53,0,300,2,5
1534,14,475,16,1,3,2,35,33,0,300,3,5
1535,9,414,9,2,3,3,65,29,420,540,3,5
1536,4,599,5,1,3,2,84,96,0,300,4,5
1537,8,169,8,1,3,1,13,86,180,300,3,5
1538,10,34,10,2,3,3,3,67,180,300,1,5
1539,10,524,11,2,3,2,27,56,420,540,1,5
1540,12,11,12,1,3,2,17,61,60,180,1,5
1541,7,409,8,1,3,1,43,48,180,300,1,5
1542,7,30,7,1,3,3,59,26,60,180,3,5
1543,14,588,15,1,3,1,24,26,0,300,1,5
1544,1,94,1,1,3,2,66,52,180,300,3,5
1545,8,238,8,2,3,2,66,57,300,600,2,5
1546,12,489,14,1,3,2,77,10,0,300,3,5
1547,11,18,11,1,3,1,78,89,60,180,3,5
1548,5,329,6,1,3,1,74,63,60,180,1,5
1549,9,583,11,1,3,1,30,33,180,300,2,5
1550,12,430,13,2,3,3,93,19,420,540,4,5
1551,2,245,3,1,3,3,31,51,0,300,4,5
1552,4,581,5,1,3,1,93,4,60,180,3,5
1553,7,511,8,1,3,3,57,42,180,300,3,5
1554,4,344,4,2,3,2,66,38,420,540,2,5
1555,8,363,9,1,3,2,71,29,0,300,3,5
1556,13,90,14,1,3,2,15,19,60,180,4,5
1557,13,558,14,1,3,1,71,9,0,300,4,5
1558,8,410,8,2,3,1,8,88,420,540,4,5
1559,9,356,9,2,3,2,37,90,420,540,3,5
1560,11,124,12,1,3,1,88,62,180,300,1,5
1561,14,102,14,1,3,1,99,38,180,300,4,5
1562,12,57,12,2,3,2,45,80,420,540,1,5
1563,10,238,10,2,3,1,84,91,420,540,3,5
1564,13,144,13,2,3,3,92,79,420,540,4,5
1565,12,339,12,2,3,1,50,34,420,540,1,5
1566,3,211,3,2,3,2,37,71,300,420,2,5
1567,5,104,5,1,3,1,97,72,180,300,1,5
1568,11,11,12,2,3,3,45,48,420,540,2,5
1569,10,133,10,2,3,2,64,36,180,300,2,5
1570,11,290,11,2,3,2,4,62,300,420,1,5
1571,4,92,5,1,3,3,29,15,180,300,2,5
1572,11,63,13,2,3,1,83,57,60,180,2,5
1573,3,346,3,2,3,1,33,56,420,540,2,5
1574,1,345,1,2,3,2,4,100,420,540,2,5
1575,2,304,2,2,3,3,5,9,420,540,3,5
1576,1,430,3,1,3,2,38,41,180,300,2,5
1577,9,386,9,2,3,2,50,76,420,540,4,5
1578,6,183,6,2,3,3,8,56,420,540,1,5
1579,6,574,7,1,3,1,15,21,60,180,4,5
1580,6,116,7,2,3,1,18,1,420,540,4,5
1581,12,600,13,1,3,1,74,20,180,300,1,5
1582,8,124,8,1,3,2,54,6,180,300,2,5
1583,2,51,2,1,3,1,23,53,60,180,1,5
1584,4,134,5,1,3,3,76,2,180,300,1,5
1585,8,503,9,1,3,3,68,91,0,300,4,5
1586,1,570,2,2,3,2,93,52,0,300,1,5
1587,4,557,6,1,3,3,30,98,60,180,3,5
1588,7,468,9,1,3,1,40,46,0,300,4,5
1589,13,75,14,1,3,3,86,98,60,180,3,5
1590,5,415,5,2,3,1,73,42,420,540,2,5
1591,9,240,11,2,3,2,91,95,420,540,3,5
1592,9,481,10,1,3,3,84,14,60,180,2,5
1593,10,161,11,1,3,2,70,25,180,300,4,5
1594,10,291,10,2,3,2,7,90,300,600,1,5
1595,12,14,13,1,3,1,7,82,180,300,2,5
1596,12,152,12,2,3,3,72,79,420,540,4,5
1597,7,497,8,2,3,1,63,48,420,540,4,5
1598,10,31,10,2,3,3,50,9,60,180,1,5
1599,1,283,1,2,3,1,89,23,300,420,4,5
1600,4,507,6,2,3,2,16,16,60,180,1,5
1601,7,264,8,1,3,3,70,25,0,300,1,5
1602,9,522,10,2,3,2,13,7,180,300,2,5
1603,8,431,10,2,3,2,24,59,180,300,2,5
1604,1,441,3,1,3,2,0,55,60,180,3,5
1605,14,449,16,1,3,3,99,89,180,300,2,5
1606,3,141,3,1,3,3,14,13,180,300,1,5
1607,9,455,10,1,3,2,75,99,180,300,1,5
1608,14,542,15,1,3,2,34,66,0,300,1,5
1609,4,456,6,1,3,3,60,14,0,300,1,5
1610,5,152,5,1,3,3,54,38,180,300,1,5
1611,7,536,8,1,3,3,23,88,60,180,1,5
1612,2,135,2,1,3,2,10,73,180,300,4,5
1613,13,150,13,1,3,1,82,15,180,300,1,5
1614,8,352,8,2,3,3,83,42,420,540,3,5
1615,13,21,13,1,3,1,96,27,60,180,1,5
1616,1,134,2,1,3,1,48,39,180,300,2,5
1617,6,446,7,2,3,2,40,30,0,300,2,5
1618,4,511,6,2,3,2,72,9,180,300,2,5
1619,12,514,13,1,3,3,86,13,180,300,3,5
1620,5,534,6,1,3,3,78,8,60,180,2,5
1621,5,368,5,2,3,3,89,69,420,540,1,5
1622,8,399,9,1,3,3,5,17,0,300,1,5
1623,13,224,14,2,3,1,16,95,60,180,1,5
1624,5,104,7,2,3,3,84,38,60,180,4,5
1625,12,107,12,1,3,1,33,33,180,300,2,5
1626,9,237,9,2,3,2,89,43,300,420,3,5
1627,2,194,2,2,3,3,33,5,420,540,4,5
1628,12,137,12,1,3,1,12,85,180,300,1,5
1629,6,292,6,2,3,1,77,36,420,540,1,5
1630,13,286,13,2,3,1,11,29,300,420,1,5
1631,1,57,1,1,3,3,49,77,60,180,3,5
1632,2,353,3,2,3,3,46,18,180,300,2,5
1633,8,41,9,2,3,1,87,55,420,540,2,5
1634,1,540,2,2,3,3,74,35,420,540,2,5
1635,9,145,10,1,3,3,82,20,60,180,4,5
1636,1,432,2,2,3,1,54,44,180,300,2,5
1637,9,364,9,2,3,1,82,25,420,540,4,5
1638,1,69,2,1,3,2,9,30,60,180,3,5
1639,3,566,4,1,3,1,2,37,180,300,1,5
1640,12,32,13,1,3,2,37,95,0,300,4,5
1641,14,559,16,2,3,2,96,5,60,180,2,5
1642,5,545,7,1,3,2,42,18,180,300,4,5
1643,4,304,4,2,3,1,32,84,420,540,1,5
1644,10,193,11,1,3,3,56,31,0,300,1,5
1645,8,261,9,1,3,1,60,56,180,300,1,5
1646,3,592,5,2,3,3,32,34,420,540,3,5
1647,6,70,8,1,3,1,100,91,0,300,2,5
1648,6,390,7,2,3,3,75,49,0,300,2,5
1649,1,273,1,2,3,2,92,27,300,600,3,5
1650,4,319,4,2,3,2,25,28,420,540,1,5
1651,4,35,4,2,3,1,20,62,420,540,4,5
1652,7,296,8,1,3,1,80,90,0,300,1,5
1653,9,316,9,2,3,1,78,94,420,540,2,5
1654,10,239,11,2,3,1,35,68,60,180,2,5
1655,8,270,8,2,3,3,5,9,420,540,4,5
1656,3,72,5,1,3,2,15,39,60,180,4,5
1657,1,240,1,2,3,1,98,53,300,600,2,5
1658,2,273,2,2,3,1,72,50,420,540,3,5
1659,8,203,8,2,3,1,55,19,420,540,4,5
1660,6,478,7,1,3,1,63,56,60,180,1,5
1661,11,314,11,2,3,1,80,13,420,540,3,5
1662,2,596,3,1,3,2,48,68,0,300,3,5
1663,6,514,7,1,3,1,91,63,60,180,2,5
1664,3,304,3,2,3,2,76,94,420,540,4,5
1665,6,511,7,1,3,2,29,21,180,300,2,5
1666,8,90,9,2,3,3,5,85,60,180,1,5
1667,8,477,9,2,3,1,88,24,60,180,3,5
1668,9,169,9,1,3,1,1,25,180,300,3,5
1669,9,450,10,1,3,2,55,38,180,300,4,5
1670,8,419,8,2,3,3,6,98,420,540,4,5
1671,12,290,13,1,3,2,65,39,0,300,2,5
1672,4,355,4,2,3,1,1,55,420,540,3,5
1673,8,516,10,1,3,2,75,78,60,180,4,5
1674,9,199,9,2,3,3,7,21,420,540,4,5
1675,9,160,9,2,3,3,56,33,300,600,4,5
1676,6,9,6,2,3,2,77,78,0,300,4,5
1677,2,372,2,2,3,1,78,2,420,540,3,5
1678,9,237,9,2,3,2,74,15,300,420,4,5
1679,13,84,14,2,3,2,68,15,60,180,4,5
1680,8,3,9,1,3,3,42,34,180,300,2,5
1681,14,390,14,2,3,2,23,38,420,540,1,5
1682,3,410,3,2,3,2,1,8,420,540,3,5
1683,10,343,11,2,3,2,12,65,420,540,3,5
1684,12,396,12,2,3,2,6,42,420,540,4,5
1685,3,306,4,2,3,2,32,14,180,300,3,5
1686,2,417,2,2,3,3,55,70,420,540,4,5
1687,4,348,4,2,3,2,75,88,420,540,3,5
1688,8,580,10,1,3,3,16,1,60,180,4,5
1689,11,499,12,1,3,3,17,17,180,300,1,5
1690,12,552,13,1,3,3,49,10,60,180,1,5
1691,8,548,9,1,3,1,62,86,0,300,3,5
1692,5,528,7,1,3,2,95,98,0,300,2,5
1693,9,219,9,2,3,3,51,13,300,420,2,5
1694,7,161,8,2,3,3,45,65,420,540,2,5
1695,9,511,10,2,3,2,81,5,0,300,1,5
1696,6,31,6,1,3,2,31,29,60,180,1,5
1697,6,539,8,1,3,1,82,78,0,300,4,5
1698,12,540,14,1,3,3,32,89,0,300,1,5
1699,4,391,4,2,3,1,94,56,420,540,2,5
1700,6,28,8,2,3,3,32,35,60,180,2,5
1701,13,84,13,2,3,1,77,11,300,420,3,5
1702,2,298,3,2,3,1,5,79,60,180,4,5
1703,8,583,9,1,3,1,50,96,0,300,4,5
1704,8,383,8,2,3,3,68,87,420,540,4,5
1705,5,427,7,1,3,3,45,49,180,300,1,5
1706,1,6,1,2,3,1,9,69,0,300,2,5
1707,1,441,2,1,3,1,23,1,0,300,2,5
1708,14,244,14,2,3,3,61,53,300,420,3,5
1709,8,462,10,1,3,2,7,74,180,300,3,5
1710,9,542,11,1,3,2,55,95,0,300,2,5
1711,5,512,6,1,3,3,54,16,180,300,4,5
1712,9,235,10,1,3,3,72,76,60,180,1,5
1713,3,274,3,2,3,1,31,6,420,540,2,5
1714,10,335,11,2,3,2,92,3,180,300,3,5
1715,2,545,3,1,3,1,44,1,180,300,1,5
1716,3,26,3,1,3,2,94,76,60,180,2,5
1717,12,422,14,1,3,1,15,7,60,180,4,5
1718,9,187,9,2,3,2,43,88,300,420,4,5
1719,3,218,3,2,3,2,10,88,300,420,4,5
1720,14,228,14,2,3,3,6,13,300,600,3,5
1721,11,385,12,1,3,3,80,25,180,300,4,5
1722,7,301,8,2,3,2,26,20,420,540,2,5
1723,2,96,2,2,3,3,9,34,420,540,2,5
1724,4,266,5,1,3,1,86,78,180,300,2,5
1725,4,25,5,1,3,1,49,13,0,300,2,5
1726,10,270,10,2,3,3,21,70,420,540,3,5
1727,8,335,8,2,3,3,73,2,420,540,4,5
1728,2,108,2,2,3,2,83,35,180,300,4,5
1729,10,582,11,1,3,3,55,97,60,180,4,5
1730,2,540,3,2,3,3,82,74,180,300,2,5
1731,9,402,9,2,3,3,64,43,420,540,4,5
1732,2,347,3,1,3,1,100,99,60,180,3,5
1733,2,309,3,1,3,1,58,38,0,300,3,5
1734,2,530,4,1,3,2,77,92,180,300,2,5
1735,14,336,14,2,3,2,12,19,420,540,1,5
1736,5,342,5,2,3,3,27,14,420,540,1,5
1737,14,168,15,1,3,3,68,97,0,300,4,5
1738,3,485,4,2,3,2,42,21,180,300,3,5
1739,4,369,4,2,3,3,90,89,420,540,4,5
1740,10,198,10,2,3,2,5,91,300,420,2,5
1741,12,460,14,1,3,1,16,85,180,300,1,5
1742,11,369,12,1,3,3,65,54,60,180,4,5
1743,10,193,12,1,3,2,28,23,0,300,4,5
1744,5,200,5,2,3,1,100,27,300,600,1,5
1745,8,224,9,1,3,1,68,39,60,180,3,5
1746,14,426,16,2,3,3,11,72,60,180,4,5
1747,8,270,8,2,3,1,41,60,420,540,3,5
1748,8,101,8,1,3,2,35,27,180,300,2,5
1749,12,332,12,2,3,3,81,41,420,540,1,5
1750,8,474,10,2,3,1,90,7,180,300,1,5
1751,14,488,16,2,3,2,26,42,0,300,2,5
1752,1,247,1,2,3,3,22,34,300,420,1,5
1753,14,369,14,2,3,1,16,43,420,540,3,5
1754,5,471,6,1,3,3,38,19,180,300,4,5
1755,14,499,15,1,3,1,38,5,60,180,3,5
1756,9,380,9,2,3,3,60,9,420,540,3,5
1757,13,383,14,1,3,1,30,33,60,180,3,5
1758,11,335,11,2,3,2,80,36,420,540,4,5
1759,2,208,2,2,3,1,57,27,420,540,2,5
1760,11,0,12,1,3,3,43,11,0,300,3,5
1761,5,544,6,1,3,2,35,44,180,300,4,5
1762,6,87,6,2,3,3,99,98,420,540,3,5
1763,10,374,10,2,3,3,62,74,420,540,2,5
1764,6,125,6,1,3,2,28,81,180,300,1,5
1765,7,470,8,1,3,1,44,55,60,180,2,5
1766,8,184,9,1,3,3,54,63,180,300,3,5
1767,14,583,15,2,3,2,49,69,300,600,3,5
1768,1,474,3,1,3,1,21,6,60,180,1,5
1769,5,348,6,1,3,1,58,100,180,300,1,5
1770,12,88,12,1,3,3,65,68,180,300,2,5
1771,3,353,3,2,3,1,8,58,420,540,1,5
1772,1,579,2,2,3,1,100,90,300,600,4,5
1773,7,27,8,2,3,3,69,8,0,300,4,5
1774,14,488,16,1,3,3,51,30,60,180,2,5
1775,11,482,13,1,3,1,81,98,0,300,1,5
1776,13,451,14,1,3,3,60,43,60,180,1,5
1777,4,267,4,2,3,2,13,91,420,540,1,5
1778,4,356,4,2,3,3,96,0,420,540,3,5
1779,9,20,10,1,3,2,45,99,0,300,1,5
1780,13,594,14,2,3,1,95,24,300,600,2,5
1781,11,288,12,1,3,1,3,30,60,180,2,5
1782,9,202,11,1,3,1,56,66,60,180,3,5
1783,8,113,9,2,3,2,52,82,0,300,4,5
1784,4,297,4,2,3,3,87,42,420,540,4,5
1785,6,279,6,2,3,3,58,29,420,540,3,5
1786,1,378,1,2,3,2,6,60,420,540,3,5
1787,5,438,6,1,3,2,79,48,60,180,2,5
1788,10,341,11,1,3,1,2,9,0,300,2,5
1789,10,557,11,2,3,1,1,72,60,180,2,5
1790,14,50,14,2,3,2,21,81,0,300,3,5
1791,7,22,7,1,3,1,50,91,60,180,1,5
1792,8,29,8,2,3,3,18,65,300,600,4,5
1793,3,238,3,2,3,3,44,41,420,540,4,5
1794,7,483,8,2,3,3,49,65,180,300,1,5
1795,12,384,12,2,3,2,2,83,420,540,3,5
1796,11,359,11,2,3,2,65,52,420,540,2,5
1797,11,529,13,2,3,2,38,20,420,540,3,5
1798,13,246,13,2,3,2,60,39,300,600,4,5
1799,2,371,2,2,3,3,55,99,420,540,3,5
1800,6,411,6,2,3,3,1,99,420,540,2,5
1801,14,378,14,2,3,1,51,78,420,540,4,5
1802,14,226,15,1,3,1,92,95,0,300,2,5
1803,10,183,10,2,3,3,64,73,420,540,3,5
1804,12,492,13,1,3,1,10,32,0,300,4,5
1805,4,492,6,1,3,3,10,37,180,300,2,5
1806,10,73,11,2,3,2,86,85,60,180,3,5
1807,7,481,8,1,3,2,23,63,180,300,3,5
1808,3,73,3,1,3,3,10,87,180,300,3,5
1809,10,152,10,1,3,1,52,16,180,300,3,5
1810,10,484,11,2,3,2,11,38,300,600,4,5
1811,8,541,9,2,3,1,84,13,0,300,4,5
1812,1,289,2,1,3,1,74,91,0,300,3,5
1813,4,586,6,1,3,3,75,32,60,180,4,5
1814,11,345,11,2,3,1,41,22,420,540,3,5
1815,1,365,1,2,3,3,65,46,420,540,2,5
1816,7,426,9,2,3,3,37,60,60,180,4,5
1817,10,138,10,2,3,2,87,2,300,600,1,5
1818,6,2,7,1,3,2,6,77,180,300,3,5
1819,7,547,8,1,3,1,76,5,0,300,3,5
1820,1,306,1,2,3,2,15,27,420,540,3,5
1821,8,515,9,1,3,1,80,90,180,300,1,5
1822,7,445,9,2,3,2,81,27,60,180,4,5
1823,10,335,10,2,3,1,33,96,420,540,4,5
1824,4,297,4,2,3,1,37,36,420,540,1,5
1825,11,86,11,1,3,3,66,84,180,300,1,5
1826,13,44,14,2,3,1,15,65,300,600,4,5
1827,14,519,15,2,3,2,27,95,60,180,3,5
1828,10,346,11,2,3,2,55,59,60,180,2,5
1829,1,211,1,2,3,2,42,48,420,540,3,5
1830,9,341,10,1,3,2,57,19,180,300,4,5
1831,9,29,10,2,3,2,17,15,420,540,3,5
1832,5,239,5,2,3,2,14,23,300,420,3,5
1833,8,507,9,1,3,2,56,64,60,180,4,5
1834,14,163,16,1,3,3,81,27,180,300,1,5
1835,6,489,8,2,3,3,49,36,300,600,1,5
1836,5,94,5,2,3,3,55,35,300,600,1,5
1837,3,588,4,1,3,2,39,28,180,300,4,5
1838,5,23,5,1,3,2,31,2,60,180,3,5
1839,5,37,5,1,3,1,84,37,60,180,4,5
1840,1,214,2,1,3,2,82,78,60,180,4,5
1841,12,307,13,2,3,1,14,19,60,180,1,5
1842,13,339,13,2,3,2,54,93,420,540,4,5
1843,12,479,13,1,3,1,66,27,180,300,4,5
1844,9,333,9,2,3,2,15,90,420,540,1,5
1845,11,532,13,2,3,3,82,6,180,300,4,5
1846,13,342,13,2,3,1,68,67,420,540,4,5
1847,5,284,5,2,3,1,97,4,300,600,3,5
1848,5,365,5,2,3,3,18,57,420,540,4,5
1849,6,431,7,1,3,2,75,54,180,300,2,5
1850,2,404,2,2,3,2,78,81,420,540,1,5
1851,14,252,16,2,3,2,23,54,180,300,4,5
1852,12,70,12,1,3,1,74,28,180,300,2,5
1853,3,215,4,1,3,3,4,55,60,180,1,5
1854,13,384,13,2,3,2,37,28,420,540,3,5
1855,6,384,6,2,3,2,81,90,420,540,4,5
1856,11,460,13,2,3,2,21,10,300,420,4,5
1857,8,366,8,2,3,3,22,1,420,540,1,5
1858,10,46,10,1,3,3,18,79,60,180,3,5
1859,5,100,5,1,3,2,31,22,180,300,1,5
1860,2,455,3,1,3,3,11,54,60,180,3,5
1861,7,176,7,1,3,1,33,12,180,300,3,5
1862,1,93,1,1,3,3,28,37,180,300,1,5
1863,9,484,10,1,3,1,18,49,60,180,3,5
1864,3,332,4,2,3,2,4,53,180,300,3,5
1865,7,55,7,1,3,2,77,64,60,180,3,5
1866,12,432,14,1,3,3,4,59,180,300,3,5
1867,4,438,6,2,3,2,28,93,420,540,4,5
1868,14,9,14,1,3,3,83,49,60,180,3,5
1869,1,110,2,1,3,2,19,49,180,300,2,5
1870,8,6,8,1,3,1,65,4,60,180,2,5
1871,2,349,3,2,3,3,36,46,60,180,4,5
1872,11,13,11,2,3,3,22,31,180,300,2,5
1873,10,311,10,2,3,1,90,60,420,540,4,5
1874,6,225,7,2,3,2,72,13,60,180,3,5
1875,1,118,2,1,3,3,87,36,0,300,1,5
1876,8,422,10,1,3,1,3,83,180,300,4,5
1877,4,353,4,2,3,3,1,64,420,540,3,5
1878,12,228,13,1,3,2,68,29,180,300,2,5
1879,12,474,14,2,3,3,56,63,180,300,4,5
1880,8,94,8,1,3,1,39,22,180,300,2,5
1881,3,8,3,2,3,2,5,95,180,300,3,5
1882,4,218,4,2,3,2,12,24,300,600,2,5
1883,4,167,4,1,3,2,83,46,180,300,3,5
1884,9,52,9,1,3,3,17,95,60,180,1,5
1885,4,101,4,1,3,2,55,44,180,300,2,5
1886,5,375,5,2,3,2,27,84,420,540,4,5
1887,4,38,4,1,3,1,6,62,60,180,1,5
1888,1,95,1,1,3,2,88,51,180,300,3,5
1889,9,248,9,2,3,1,82,98,420,540,3,5
1890,1,83,2,2,3,3,93,47,180,300,3,5
1891,8,27,8,1,3,2,60,63,60,180,3,5
1892,2,84,2,1,3,3,81,92,180,300,4,5
1893,6,89,6,1,3,2,30,50,180,300,1,5
1894,11,136,11,1,3,2,83,73,180,300,1,5
1895,6,587,7,1,3,2,25,96,60,180,4,5
1896,5,458,7,2,3,1,83,96,300,600,2,5
1897,1,399,1,2,3,1,97,54,420,540,3,5
1898,14,594,15,2,3,3,61,79,300,600,2,5
1899,14,125,14,2,3,1,95,84,180,300,3,5
1900,1,182,1,2,3,2,40,73,420,540,4,5
1901,9,234,9,2,3,3,10,75,420,540,2,5
1902,10,357,11,2,3,1,4,80,60,180,3,5
1903,8,158,8,1,3,2,14,5,180,300,4,5
1904,13,425,15,1,3,2,60,15,60,180,3,5
1905,8,3,8,1,3,3,9,23,60,180,2,5
1906,5,231,6,1,3,1,62,29,0,300,3,5
1907,13,398,13,2,3,2,1,41,420,540,3,5
1908,2,112,2,1,3,2,59,79,180,300,2,5
1909,12,227,12,2,3,3,17,49,420,540,4,5
1910,9,135,9,2,3,2,30,42,300,600,1,5
1911,6,445,8,2,3,1,12,82,420,540,1,5
1912,14,399,15,1,3,1,46,84,180,300,2,5
1913,4,301,4,2,3,3,57,17,420,540,2,5
1914,13,208,13,2,3,2,63,27,420,540,1,5
1915,5,87,5,2,3,2,47,5,300,420,4,5
1916,6,488,7,1,3,3,95,8,180,300,2,5
1917,2,298,2,2,3,2,53,81,300,600,2,5
1918,13,451,14,1,3,2,31,82,0,300,1,5
1919,7,35,7,1,3,2,61,75,60,180,3,5
1920,8,23,8,1,3,3,50,14,60,180,1,5
1921,5,481,6,1,3,3,4,67,180,300,1,5
1922,9,18,9,1,3,1,32,19,60,180,1,5
1923,9,111,10,1,3,1,62,28,180,300,3,5
1924,13,404,14,1,3,1,47,96,0,300,4,5
1925,9,95,9,1,3,1,64,0,180,300,3,5
1926,10,83,10,1,3,2,97,74,180,300,3,5
1927,1,19,2,2,3,2,44,42,180,300,3,5
1928,1,530,3,1,3,3,17,79,0,300,3,5
1929,1,483,3,1,3,1,76,19,180,300,1,5
1930,13,459,14,1,3,1,18,63,180,300,1,5
1931,7,157,8,1,3,2,80,81,0,300,3,5
1932,10,75,10,1,3,1,52,22,180,300,4,5
1933,2,382,3,2,3,1,29,85,60,180,2,5
1934,13,79,13,2,3,3,97,41,420,540,3,5
1935,3,145,3,1,3,2,97,93,180,300,1,5
1936,5,379,5,2,3,1,59,36,420,540,3,5
1937,14,334,14,2,3,1,48,79,420,540,2,5
1938,4,414,5,2,3,2,55,81,60,180,2,5
1939,1,594,3,2,3,2,53,95,420,540,3,5
1940,10,39,10,1,3,1,83,96,60,180,1,5
1941,10,342,11,1,3,3,79,38,180,300,2,5
1942,7,306,8,1,3,3,16,27,0,300,4,5
1943,9,443,10,1,3,3,100,65,60,180,4,5
1944,7,443,8,1,3,1,12,87,180,300,2,5
1945,11,575,12,1,3,2,79,41,180,300,1,5
1946,12,478,14,2,3,2,60,19,180,300,1,5
1947,9,309,9,2,3,1,94,25,420,540,3,5
1948,2,361,2,2,3,1,66,29,420,540,4,5
1949,3,140,3,2,3,1,95,30,420,540,3,5
1950,10,482,11,2,3,1,41,23,300,600,2,5
1951,3,216,3,2,3,2,46,26,420,540,4,5
1952,14,416,14,2,3,1,33,78,420,540,1,5
1953,11,222,11,2,3,3,33,49,420,540,1,5
1954,8,194,8,2,3,1,41,64,420,540,4,5
1955,14,171,14,1,3,3,38,79,180,300,4,5
1956,4,121,4,2,3,3,77,92,420,540,1,5
1957,2,565,3,2,3,3,76,18,420,540,3,5
1958,4,437,6,2,3,1,32,67,60,180,4,5
1959,14,37,14,1,3,2,3,20,60,180,2,5
1960,12,406,12,2,3,1,58,24,420,540,2,5
1961,10,259,10,2,3,2,40,64,300,420,1,5
1962,4,247,5,1,3,2,28,66,60,180,2,5
1963,7,157,7,1,3,1,68,22,180,300,1,5
1964,4,521,5,1,3,2,67,23,0,300,4,5
1965,14,164,15,1,3,3,52,48,60,180,1,5
1966,10,507,11,1,3,1,48,33,180,300,1,5
1967,1,96,1,2,3,1,51,47,300,420,2,5
1968,12,84,12,1,3,3,48,35,180,300,2,5
1969,14,259,15,1,3,3,29,0,0,300,4,5
1970,3,336,4,1,3,3,80,67,0,300,1,5
1971,5,123,5,1,3,3,50,83,180,300,1,5
1972,12,185,12,2,3,1,35,64,300,420,2,5
1973,13,554,15,1,3,3,37,7,180,300,2,5
1974,8,0,8,1,3,3,12,97,60,180,2,5
1975,3,6,3,2,3,1,70,26,420,540,3,5
1976,13,236,14,2,3,3,67,49,420,540,1,5
1977,7,6,8,1,3,2,55,98,0,300,4,5
1978,10,38,11,2,3,1,13,69,180,300,1,5
1979,2,594,4,2,3,2,41,84,300,420,2,5
1980,2,343,2,2,3,1,95,14,420,540,2,5
1981,13,487,15,1,3,2,21,57,60,180,1,5
1982,2,486,4,1,3,3,96,53,60,180,2,5
1983,1,492,2,2,3,3,72,18,0,300,1,5
1984,3,135,4,1,3,3,84,14,0,300,3,5
1985,12,578,14,2,3,1,35,73,180,300,2,5
1986,11,536,13,1,3,2,38,68,0,300,3,5
1987,14,479,15,1,3,3,11,64,60,180,4,5
1988,9,425,10,1,3,3,67,33,180,300,1,5
1989,13,247,13,2,3,1,56,78,300,600,3,5
1990,12,394,13,1,3,2,38,77,0,300,2,5
1991,2,147,3,1,3,2,3,22,60,180,2,5
1992,14,322,15,1,3,3,80,2,60,180,2,5
1993,7,433,9,1,3,1,3,71,0,300,2,5
1994,10,252,10,2,3,2,51,67,420,540,3,5
1995,7,503,8,2,3,3,53,9,300,420,4,5
1996,1,583,2,1,3,3,62,54,60,180,2,5
1997,14,455,15,1,3,2,69,69,0,300,1,5
1998,5,458,6,1,3,3,93,33,180,300,2,5
1999,1,536,2,1,3,2,95,77,180,300,4,5
2000,5,542,7,2,3,1,15,74,420,540,3,5
2001,12,150,13,1,3,3,61,73,180,300,2,5
2002,13,80,13,2,3,2,2,30,180,300,3,5
2003,14,22,14,1,3,1,68,27,60,180,2,5
2004,11,313,12,2,3,3,74,94,180,300,4,5
2005,14,128,14,1,3,1,4,39,180,300,4,5
2006,2,152,3,1,3,3,97,86,180,300,2,5
2007,7,335,7,2,3,2,59,33,420,540,4,5
2008,5,519,7,1,3,2,41,44,0,300,2,5
2009,8,170,9,1,3,3,92,85,180,300,2,5
2010,6,406,6,2,3,3,95,93,420,540,4,5
2011,5,388,5,2,3,2,69,70,420,540,4,5
2012,11,350,11,2,3,1,34,65,420,540,1,5
2013,11,597,12,1,3,2,30,80,0,300,3,5
2014,13,544,15,2,3,2,20,95,180,300,4,5
2015,2,86,3,2,3,1,6,93,420,540,3,5
2016,2,46,4,1,3,1,15,56,0,300,2,5
2017,14,183,14,2,3,2,23,63,300,420,3,5
2018,5,247,6,1,3,2,13,74,0,300,1,5
2019,6,334,6,2,3,2,83,6,420,540,1,5
2020,8,235,9,1,3,3,38,24,60,180,4,5
2021,7,594,9,1,3,3,7,82,0,300,4,5
2022,3,95,4,1,3,1,70,41,0,300,3,5
2023,11,10,12,1,3,1,65,85,180,300,1,5
2024,10,211,11,1,3,1,3,88,180,300,4,5
2025,8,340,8,2,3,3,52,28,420,540,4,5
2026,12,353,12,2,3,3,40,55,420,540,1,5
2027,10,599,11,2,3,2,26,72,0,300,4,5
2028,1,582,2,1,3,3,52,0,60,180,2,5
2029,7,37,7,2,3,2,65,84,300,420,1,5
2030,3,59,3,1,3,1,44,81,60,180,2,5
2031,1,169,1,1,3,1,42,55,180,300,3,5
2032,9,126,9,2,3,1,30,26,300,420,4,5
2033,2,488,3,1,3,2,11,36,60,180,3,5
2034,9,227,9,2,3,3,44,100,420,540,1,5
2035,1,37,2,1,3,3,55,63,0,300,3,5
2036,12,238,12,2,3,2,70,16,420,540,3,5
2037,3,335,3,2,3,2,17,74,420,540,1,5
2038,6,441,8,2,3,1,10,77,420,540,2,5
2039,2,354,2,2,3,1,27,44,420,540,4,5
2040,1,520,3,1,3,2,85,83,60,180,1,5
2041,8,360,9,1,3,3,11,85,0,300,1,5
2042,3,342,3,2,3,1,3,53,420,540,3,5
2043,14,172,14,2,3,2,7,76,180,300,4,5
2044,11,592,13,1,3,3,29,27,60,180,3,5
2045,3,361,4,1,3,2,86,8,0,300,1,5
2046,14,563,15,2,3,2,71,33,300,420,3,5
2047,4,444,6,2,3,2,70,24,180,300,1,5
2048,6,441,8,1,3,2,1,87,60,180,1,5
2049,12,195,12,2,3,1,23,50,300,600,4,5
2050,3,117,3,2,3,1,13,35,420,540,1,5
2051,3,16,3,1,3,3,26,20,60,180,1,5
2052,2,498,3,2,3,2,28,68,300,420,3,5
2053,9,202,10,1,3,2,62,87,60,180,1,5
2054,12,87,12,1,3,2,69,68,180,300,4,5
2055,10,11,11,2,3,3,26,58,420,540,2,5
2056,13,71,14,2,3,1,50,93,420,540,4,5
2057,6,61,6,1,3,1,41,86,180,300,1,5
2058,11,583,12,1,3,1,95,19,60,180,1,5
2059,12,361,13,1,3,1,71,41,180,300,2,5
2060,8,34,9,1,3,1,99,15,0,300,2,5
2061,14,543,15,2,3,3,64,69,0,300,1,5
2062,6,534,7,1,3,3,32,96,180,300,4,5
2063,5,63,5,2,3,2,9,18,180,300,2,5
2064,7,278,7,2,3,2,53,61,300,600,3,5
2065,2,560,3,2,3,1,45,47,60,180,2,5
2066,12,77,12,2,3,2,6,29,300,600,1,5
2067,10,194,12,1,3,3,43,77,60,180,3,5
2068,14,87,14,1,3,3,82,77,180,300,4,5
2069,14,483,16,1,3,2,73,42,180,300,2,5
2070,6,204,6,2,3,2,67,48,420,540,4,5
2071,13,133,14,1,3,3,54,56,0,300,3,5
2072,5,446,7,2,3,2,94,99,420,540,1,5
2073,10,447,12,1,3,3,11,61,60,180,4,5
2074,13,57,13,1,3,3,67,89,60,180,2,5
2075,10,86,11,2,3,1,5,43,180,300,4,5
2076,3,422,4,2,3,3,46,67,0,300,1,5
2077,8,358,10,1,3,3,85,37,60,180,2,5
2078,12,220,13,1,3,1,7,67,180,300,3,5
2079,14,358,15,1,3,1,19,20,0,300,1,5
2080,14,182,14,2,3,1,85,63,420,540,3,5
2081,8,164,8,2,3,1,80,8,180,300,4,5
2082,9,523,11,2,3,2,22,30,0,300,2,5
2083,5,195,5,2,3,2,77,76,300,420,3,5
2084,5,337,6,1,3,3,36,89,180,300,2,5
2085,8,262,9,1,3,2,52,23,180,300,3,5
2086,1,402,1,2,3,2,31,53,420,540,2,5
2087,13,29,13,2,3,1,23,47,60,180,2,5
2088,1,69,2,1,3,2,0,30,60,180,4,5
2089,8,590,10,2,3,3,35,49,420,540,2,5
2090,2,356,2,2,3,1,59,42,420,540,3,5
2091,10,367,11,1,3,2,52,84,60,180,4,5
2092,5,141,5,1,3,2,31,5,180,300,3,5
2093,9,499,11,2,3,1,98,25,180,300,4,5
2094,4,2,4,2,3,1,17,89,180,300,2,5
2095,9,220,9,2,3,1,57,30,420,540,4,5
2096,7,579,8,1,3,2,61,97,60,180,1,5
2097,3,375,4,2,3,1,26,63,300,600,2,5
2098,5,376,5,2,3,2,98,93,420,540,1,5
2099,1,216,1,2,3,3,22,54,300,420,3,5
2100,5,328,5,2,3,1,79,38,420,540,2,5
2101,7,275,7,2,3,3,73,3,420,540,4,5
2102,2,353,2,2,3,3,76,30,420,540,1,5
2103,3,570,5,1,3,1,68,55,0,300,1,5
2104,13,302,14,1,3,2,4,2,180,300,4,5
2105,3,420,4,1,3,3,10,13,180,300,2,5
2106,5,96,5,2,3,2,12,60,420,540,1,5
2107,8,411,8,2,3,2,84,5,420,540,1,5
2108,4,441,5,1,3,1,82,55,60,180,1,5
2109,6,124,6,1,3,2,63,100,180,300,1,5
2110,7,208,7,2,3,3,86,97,420,540,3,5
2111,13,435,14,1,3,1,95,45,0,300,4,5
2112,11,570,13,1,3,3,2,31,60,180,4,5
2113,12,295,14,2,3,2,31,17,60,180,2,5
2114,14,66,15,1,3,3,4,65,180,300,2,5
2115,11,373,13,2,3,3,86,42,420,540,1,5
2116,12,346,13,2,3,3,64,75,300,600,4,5
2117,6,305,7,1,3,3,51,53,0,300,2,5
2118,11,308,11,2,3,1,2,18,420,540,2,5
2119,12,594,14,1,3,3,17,64,180,300,3,5
2120,1,200,2,1,3,3,13,39,0,300,4,5
2121,10,131,10,1,3,2,69,93,180,300,3,5
2122,7,215,7,2,3,2,72,18,420,540,3,5
2123,7,494,9,1,3,1,33,35,0,300,1,5
2124,6,57,7,2,3,1,7,93,180,300,3,5
2125,12,333,12,2,3,2,80,63,420,540,3,5
2126,10,559,11,1,3,3,28,10,0,300,1,5
2127,1,113,1,2,3,3,73,29,180,300,4,5
2128,1,299,2,1,3,2,90,32,180,300,4,5
2129,4,186,5,1,3,1,91,3,180,300,1,5
2130,5,61,6,1,3,2,83,23,60,180,1,5
2131,4,132,4,1,3,1,99,13,180,300,3,5
2132,14,379,15,2,3,2,65,70,0,300,4,5
2133,1,423,3,1,3,1,74,70,60,180,2,5
2134,13,22,13,1,3,3,72,76,60,180,4,5
2135,5,339,5,2,3,2,42,40,420,540,1,5
2136,10,54,10,2,3,2,55,50,0,300,2,5
2137,6,466,8,2,3,3,81,89,180,300,1,5
2138,9,413,9,2,3,3,21,95,420,540,1,5
2139,14,265,15,1,3,1,100,28,180,300,1,5
2140,3,178,4,2,3,2,44,51,300,600,2,5
2141,10,33,11,2,3,2,55,68,0,300,4,5
2142,6,441,8,2,3,3,31,43,180,300,3,5
2143,11,145,11,1,3,1,46,58,180,300,2,5
2144,8,334,8,2,3,1,73,32,420,540,1,5
2145,5,189,6,1,3,1,35,49,60,180,2,5
2146,4,122,4,1,3,3,92,70,180,300,2,5
2147,6,405,6,2,3,3,16,41,420,540,3,5
2148,14,344,15,2,3,3,18,9,420,540,4,5
2149,10,587,11,2,3,3,30,2,300,600,1,5
2150,7,41,8,1,3,2,61,53,0,300,1,5
2151,11,359,12,1,3,3,45,99,60,180,4,5
2152,10,197,10,2,3,2,81,66,420,540,2,5
2153,3,324,3,2,3,2,6,49,420,540,1,5
2154,4,480,6,1,3,3,98,88,60,180,2,5
2155,1,415,1,2,3,2,3,58,420,540,3,5
2156,11,298,12,1,3,1,89,57,0,300,3,5
2157,7,80,8,1,3,3,15,56,60,180,1,5
2158,10,181,10,2,3,1,99,45,300,600,2,5
2159,14,521,15,1,3,1,5,5,180,300,1,5
2160,13,288,13,2,3,2,4,95,300,420,3,5
2161,8,343,8,2,3,3,97,21,420,540,3,5
2162,11,367,11,2,3,1,29,19,420,540,4,5
2163,9,495,11,1,3,1,79,36,60,180,2,5
2164,14,561,15,1,3,2,54,35,0,300,1,5
2165,1,529,3,2,3,1,1,79,180,300,2,5
2166,2,522,4,2,3,3,28,19,180,300,3,5
2167,8,578,10,1,3,2,41,55,60,180,4,5
2168,7,457,9,1,3,1,8,57,180,300,4,5
2169,12,306,12,2,3,2,99,14,420,540,1,5
2170,11,552,13,2,3,2,43,29,60,180,2,5
2171,10,358,12,2,3,2,59,74,0,300,3,5
2172,4,197,4,2,3,3,62,90,300,600,1,5
2173,9,403,10,2,3,3,26,41,420,540,1,5
2174,2,598,3,1,3,1,99,74,60,180,1,5
2175,4,14,4,1,3,1,90,95,60,180,2,5
2176,5,83,5,1,3,2,83,65,180,300,4,5
2177,3,453,4,2,3,3,78,4,180,300,1,5
2178,2,243,2,2,3,2,63,45,420,540,1,5
2179,6,397,6,2,3,3,95,94,420,540,4,5
2180,6,536,8,1,3,1,61,97,0,300,3,5
2181,8,181,9,1,3,2,30,76,60,180,3,5
2182,7,304,8,2,3,3,80,90,180,300,1,5
2183,12,501,13,1,3,1,57,99,180,300,1,5
2184,8,434,10,2,3,2,42,98,420,540,3,5
2185,1,578,3,2,3,2,25,13,60,180,4,5
2186,1,99,1,2,3,2,55,74,300,420,4,5
2187,11,349,12,2,3,2,15,3,300,600,3,5
2188,1,577,3,1,3,3,57,16,60,180,4,5
2189,5,497,6,2,3,2,40,83,300,420,1,5
2190,10,171,10,1,3,1,95,88,180,300,1,5
2191,10,62,10,1,3,3,86,81,180,300,1,5
2192,6,131,6,2,3,3,15,70,180,300,4,5
2193,9,465,11,1,3,3,51,42,0,300,2,5
2194,7,507,9,2,3,3,90,80,0,300,3,5
2195,4,240,4,2,3,3,24,74,300,600,4,5
2196,1,506,3,1,3,2,17,1,0,300,4,5
2197,7,389,7,2,3,2,0,86,420,540,2,5
2198,9,32,10,1,3,2,31,89,0,300,1,5
2199,14,345,15,2,3,3,87,46,60,180,3,5
2200,9,53,9,1,3,3,3,29,60,180,1,5
2201,11,10,11,2,3,2,66,47,180,300,2,5
2202,8,158,9,2,3,2,58,38,300,420,3,5
2203,4,341,4,2,3,3,89,99,420,540,3,5
2204,4,332,4,2,3,2,96,70,420,540,2,5
2205,5,286,5,2,3,2,84,86,420,540,2,5
2206,3,130,4,2,3,3,16,16,420,540,2,5
2207,7,260,8,1,3,1,33,89,180,300,1,5
2208,8,296,10,1,3,2,90,41,180,300,4,5
2209,13,23,13,1,3,1,44,43,60,180,2,5
2210,13,126,13,1,3,3,11,40,180,300,2,5
2211,9,572,10,1,3,2,52,9,60,180,4,5
2212,2,320,2,2,3,1,42,34,420,540,3,5
2213,9,99,9,1,3,3,54,14,180,300,4,5
2214,11,402,13,1,3,2,39,88,60,180,4,5
2215,12,1,12,1,3,2,92,28,60,180,2,5
2216,3,274,3,2,3,1,31,24,300,420,1,5
2217,3,410,3,2,3,1,42,87,420,540,1,5
2218,7,460,8,2,3,2,94,28,0,300,2,5
2219,12,277,12,2,3,1,91,90,300,420,2,5
2220,12,343,12,2,3,1,23,95,420,540,2,5
2221,14,391,15,2,3,2,38,46,60,180,1,5
2222,11,310,11,2,3,3,35,43,420,540,2,5
2223,2,293,2,2,3,3,26,49,420,540,1,5
2224,9,346,9,2,3,3,43,55,420,540,4,5
2225,14,53,15,1,3,1,16,29,60,180,2,5
2226,2,92,2,2,3,2,82,79,300,600,3,5
2227,2,573,4,2,3,1,81,99,420,540,2,5
2228,10,494,11,1,3,3,9,28,0,300,4,5
2229,14,246,15,1,3,2,55,16,60,180,3,5
2230,1,70,1,1,3,3,5,28,180,300,4,5
2231,4,260,5,1,3,3,11,23,180,300,1,5
2232,5,272,6,1,3,3,83,82,0,300,1,5
2233,11,592,13,2,3,3,70,87,420,540,1,5
2234,7,214,7,2,3,2,38,1,300,420,4,5
2235,6,3,7,2,3,2,37,3,420,540,3,5
2236,8,346,8,2,3,1,40,43,420,540,3,5
2237,11,485,13,2,3,2,56,60,420,540,3,5
2238,2,168,3,1,3,1,23,11,180,300,1,5
2239,14,56,14,1,3,3,91,7,60,180,3,5
2240,8,269,8,2,3,1,8,20,300,600,1,5
2241,10,259,10,2,3,3,36,70,300,600,4,5
2242,14,228,14,2,3,1,1,95,420,540,3,5
2243,11,440,12,1,3,3,81,16,0,300,4,5
2244,10,241,11,2,3,3,36,40,420,540,3,5
2245,2,302,2,2,3,2,91,94,420,540,3,5
2246,1,594,3,1,3,3,80,46,0,300,3,5
2247,5,561,6,1,3,1,31,17,180,300,4,5
2248,7,364,7,2,3,2,30,49,420,540,4,5
2249,6,546,7,1,3,2,57,77,60,180,3,5
2250,3,76,4,1,3,3,68,17,180,300,4,5
2251,12,93,14,1,3,1,44,48,0,300,1,5
2252,11,289,12,1,3,2,45,77,0,300,4,5
2253,11,435,12,1,3,3,66,64,180,300,3,5
2254,8,561,10,2,3,3,19,14,0,300,3,5
2255,11,63,11,2,3,1,37,6,180,300,4,5
2256,5,327,5,2,3,2,40,34,420,540,4,5
2257,9,195,10,1,3,2,19,62,0,300,2,5
2258,6,180,6,1,3,2,31,52,180,300,3,5
2259,13,545,14,2,3,3,52,36,60,180,2,5
2260,10,435,12,1,3,1,91,14,0,300,3,5
2261,9,562,10,1,3,2,82,29,180,300,4,5
2262,12,16,12,1,3,1,90,30,60,180,1,5
2263,3,102,4,1,3,1,50,42,0,300,3,5
2264,4,254,5,2,3,3,95,36,0,300,2,5
2265,12,174,14,1,3,2,50,44,60,180,1,5
2266,13,14,14,2,3,3,69,47,300,420,4,5
2267,9,225,9,2,3,1,48,59,300,600,2,5
2268,5,131,5,2,3,2,50,56,420,540,1,5
2269,9,597,10,2,3,3,8,85,300,600,4,5
2270,14,167,14,1,3,3,72,78,180,300,1,5
2271,9,186,10,2,3,2,50,26,60,180,2,5
2272,3,395,4,1,3,2,6,68,180,300,1,5
2273,7,494,8,2,3,2,34,9,180,300,2,5
2274,6,490,7,2,3,1,21,33,0,300,4,5
2275,1,232,2,2,3,3,12,21,0,300,4,5
2276,2,412,2,2,3,3,39,93,420,540,1,5
2277,10,134,12,1,3,1,34,30,60,180,1,5
2278,9,435,11,1,3,3,33,62,180,300,1,5
2279,4,528,5,2,3,1,50,86,420,540,2,5
2280,2,318,2,2,3,2,74,61,420,540,3,5
2281,5,321,5,2,3,3,47,48,420,540,2,5
2282,12,421,14,1,3,3,61,66,0,300,3,5
2283,12,23,13,1,3,2,80,72,60,180,2,5
2284,13,43,13,1,3,1,60,58,60,180,2,5
2285,8,420,9,1,3,1,74,37,180,300,3,5
2286,5,24,5,2,3,3,74,60,180,300,3,5
2287,10,524,12,1,3,2,85,9,60,180,3,5
2288,12,24,12,2,3,1,88,95,180,300,1,5
2289,3,565,5,1,3,2,10,15,180,300,2,5
2290,8,409,9,2,3,3,47,74,60,180,1,5
2291,5,244,5,2,3,3,86,54,420,540,1,5
2292,6,225,6,2,3,3,32,16,300,420,2,5
2293,1,544,2,1,3,3,91,11,180,300,2,5
2294,4,31,4,1,3,1,42,79,60,180,2,5
2295,8,582,10,1,3,2,55,75,0,300,4,5
2296,6,92,6,2,3,3,60,48,420,540,2,5
2297,9,208,10,1,3,3,22,70,60,180,2,5
2298,7,219,9,1,3,1,83,41,60,180,3,5
2299,8,48,8,1,3,2,42,74,60,180,3,5
2300,13,134,13,1,3,2,91,95,180,300,3,5
2301,6,487,7,1,3,3,43,24,180,300,4,5
2302,3,57,3,2,3,1,9,74,0,300,2,5
2303,3,449,4,1,3,2,58,85,60,180,4,5
2304,2,269,3,2,3,1,34,37,300,600,1,5
2305,13,293,13,2,3,1,15,89,420,540,2,5
2306,13,541,14,2,3,1,97,8,420,540,3,5
2307,10,158,11,1,3,2,65,98,60,180,2,5
2308,12,74,12,1,3,1,20,9,180,300,3,5
2309,2,472,4,1,3,1,8,7,180,300,4,5
2310,7,358,7,2,3,3,40,12,420,540,3,5
2311,4,83,4,1,3,2,56,20,180,300,1,5
2312,9,522,10,1,3,1,8,7,60,180,1,5
2313,12,384,13,2,3,2,88,27,180,300,1,5
2314,10,532,11,1,3,3,29,54,60,180,4,5
2315,9,269,9,2,3,1,68,16,420,540,3,5
2316,11,259,12,2,3,3,10,21,60,180,2,5
2317,10,382,11,2,3,2,93,94,0,300,1,5
2318,14,180,14,2,3,2,66,95,180,300,1,5
2319,11,134,11,1,3,1,70,50,180,300,4,5
2320,8,261,8,2,3,3,0,83,300,600,4,5
2321,8,21,8,1,3,2,63,36,60,180,2,5
2322,3,239,4,2,3,1,73,92,420,540,4,5
2323,12,19,12,1,3,3,21,10,60,180,4,5
2324,12,134,12,1,3,2,25,9,180,300,4,5
2325,5,120,5,2,3,1,14,1,300,420,2,5
2326,11,511,12,1,3,1,35,48,60,180,3,5
2327,5,559,7,1,3,1,61,40,180,300,3,5
2328,14,357,14,2,3,1,28,90,420,540,1,5
2329,5,481,7,1,3,2,54,63,0,300,1,5
2330,9,21,9,2,3,1,72,94,420,540,4,5
2331,10,20,10,1,3,2,40,7,60,180,2,5
2332,6,15,7,1,3,3,37,66,180,300,4,5
2333,13,305,15,1,3,1,77,70,0,300,4,5
2334,14,197,14,2,3,2,64,15,300,420,2,5
2335,8,533,10,1,3,1,25,96,60,180,1,5
2336,9,190,10,2,3,3,82,91,0,300,3,5
2337,6,491,7,1,3,3,34,99,60,180,2,5
2338,14,543,15,1,3,1,18,13,180,300,3,5
2339,2,98,2,1,3,3,20,79,180,300,1,5
2340,4,540,5,1,3,2,11,98,0,300,4,5
2341,8,549,9,2,3,3,87,100,180,300,4,5
2342,10,267,10,2,3,3,75,78,300,600,1,5
2343,2,0,2,1,3,1,58,70,60,180,4,5
2344,14,364,14,2,3,2,19,53,420,540,1,5
2345,13,567,15,2,3,1,77,5,300,420,4,5
2346,7,353,8,1,3,2,83,48,180,300,3,5
2347,14,429,15,1,3,2,43,96,60,180,3,5
2348,12,406,13,2,3,1,82,81,180,300,1,5
2349,5,249,6,1,3,3,35,90,180,300,4,5
2350,8,170,9,1,3,3,24,97,0,300,3,5
2351,5,334,7,1,3,1,90,51,0,300,2,5
2352,13,457,14,1,3,2,89,24,180,300,2,5
2353,14,483,16,1,3,3,58,24,180,300,2,5
2354,7,513,9,1,3,1,64,80,180,300,1,5
2355,2,266,2,2,3,3,84,27,300,420,2,5
2356,3,97,3,1,3,3,19,68,180,300,4,5
2357,5,331,6,1,3,3,7,54,60,180,2,5
2358,12,9,12,2,3,3,20,3,300,420,1,5
2359,1,396,1,2,3,1,100,17,420,540,1,5
2360,10,5,10,1,3,2,90,84,60,180,4,5
2361,4,132,4,2,3,3,56,87,180,300,4,5
2362,14,206,14,2,3,2,10,45,300,420,4,5
2363,10,597,12,1,3,3,5,18,0,300,4,5
2364,14,2,14,2,3,2,66,79,420,540,3,5
2365,14,27,14,1,3,2,92,50,60,180,3,5
2366,7,29,7,1,3,2,4,24,60,180,4,5
2367,10,170,10,1,3,2,28,82,180,300,4,5
2368,4,202,5,1,3,1,46,18,60,180,3,5
2369,14,548,15,1,3,2,87,54,180,300,3,5
2370,13,257,14,1,3,2,61,98,0,300,2,5
2371,3,171,3,1,3,2,61,50,180,300,1,5
2372,13,344,14,2,3,2,35,73,0,300,2,5
2373,2,286,3,2,3,3,96,50,0,300,3,5
2374,10,117,10,1,3,2,40,82,180,300,4,5
2375,8,366,8,2,3,3,1,11,420,540,2,5
2376,3,91,5,1,3,3,70,54,180,300,2,5
2377,10,478,12,1,3,1,11,96,180,300,2,5
2378,13,130,14,1,3,2,43,66,0,300,1,5
2379,7,62,8,1,3,2,26,36,0,300,4,5
2380,12,10,13,1,3,3,70,53,60,180,3,5
2381,7,464,8,1,3,3,13,71,60,180,2,5
2382,6,311,6,2,3,3,19,71,420,540,2,5
2383,5,495,6,2,3,2,91,64,420,540,3,5
2384,8,122,8,2,3,3,88,47,180,300,4,5
2385,12,454,13,2,3,2,67,100,60,180,1,5
2386,13,498,15,2,3,2,51,41,420,540,4,5
2387,5,506,6,2,3,3,61,62,300,600,2,5
2388,12,13,12,2,3,2,54,11,0,300,2,5
2389,7,56,7,2,3,1,1,29,420,540,1,5
2390,13,513,14,2,3,3,26,77,300,600,2,5
2391,3,408,3,2,3,3,85,66,420,540,2,5
2392,12,556,14,1,3,3,75,47,0,300,1,5
2393,13,287,13,2,3,1,26,78,300,420,2,5
2394,11,342,11,2,3,1,40,66,420,540,4,5
2395,11,1,11,1,3,1,64,40,60,180,1,5
2396,13,177,15,1,3,3,75,40,60,180,1,5
2397,14,226,15,1,3,3,64,7,180,300,2,5
2398,14,348,15,1,3,2,50,3,180,300,1,5
2399,14,244,15,1,3,3,76,85,180,300,2,5
2400,12,396,12,2,3,1,30,80,420,540,3,5
2401,13,506,15,1,3,3,54,87,60,180,2,5
2402,10,269,11,1,3,1,95,19,0,300,2,5
2403,1,45,2,2,3,1,37,77,300,420,3,5
2404,1,513,2,1,3,1,85,53,60,180,2,5
2405,3,597,4,1,3,1,51,77,180,300,4,5
2406,9,282,10,1,3,3,66,26,0,300,4,5
2407,1,139,1,1,3,1,27,56,180,300,4,5
2408,2,252,2,2,3,1,17,50,300,420,1,5
2409,5,325,5,2,3,2,31,73,420,540,1,5
2410,8,233,8,2,3,3,77,71,420,540,1,5
2411,8,81,8,1,3,2,27,30,180,300,4,5
2412,6,598,7,1,3,3,26,77,60,180,4,5
2413,2,555,4,1,3,2,18,52,180,300,1,5
2414,1,479,3,2,3,3,51,57,60,180,2,5
2415,6,228,6,2,3,2,34,56,300,420,4,5
2416,11,337,11,2,3,3,26,23,420,540,2,5
2417,2,470,3,2,3,2,86,15,0,300,1,5
2418,3,547,5,2,3,2,47,92,420,540,4,5
2419,3,555,4,2,3,1,43,37,60,180,1,5
2420,1,459,2,2,3,3,20,41,60,180,3,5
2421,3,50,4,2,3,3,7,61,180,300,2,5
2422,8,50,8,2,3,3,59,3,180,300,3,5
2423,12,26,12,1,3,3,54,33,60,180,3,5
2424,1,498,2,1,3,1,59,43,0,300,2,5
2425,8,8,9,1,3,2,81,62,0,300,3,5
2426,7,333,8,1,3,1,80,45,180,300,4,5
2427,5,464,7,1,3,2,66,38,180,300,1,5
2428,2,397,3,1,3,1,97,95,60,180,1,5
2429,6,221,6,2,3,3,79,37,420,540,2,5
2430,1,7,1,2,3,3,69,45,420,540,1,5
2431,7,478,9,2,3,1,21,51,420,540,1,5
2432,11,114,12,1,3,2,35,80,180,300,4,5
2433,4,278,4,2,3,2,75,11,420,540,2,5
2434,7,480,9,1,3,3,8,57,180,300,2,5
2435,10,188,11,1,3,1,12,94,60,180,4,5
2436,12,559,14,1,3,1,81,76,60,180,3,5
2437,10,143,11,1,3,3,78,84,180,300,3,5
2438,10,152,10,1,3,3,51,51,180,300,2,5
2439,8,12,8,2,3,1,77,47,60,180,3,5
2440,12,596,14,1,3,3,46,57,0,300,4,5
2441,1,197,3,2,3,3,62,9,60,180,2,5
2442,11,302,11,2,3,3,81,77,420,540,2,5
2443,4,555,5,1,3,2,94,2,60,180,4,5
2444,12,442,14,2,3,1,100,38,180,300,2,5
2445,11,192,12,1,3,2,34,73,60,180,1,5
2446,11,324,11,2,3,1,96,15,420,540,3,5
2447,1,20,1,2,3,3,5,63,0,300,4,5
2448,13,193,13,2,3,1,47,57,300,420,4,5
2449,11,595,12,1,3,3,5,81,60,180,2,5
2450,12,86,13,1,3,2,11,35,180,300,1,5
2451,12,253,12,2,3,3,82,31,420,540,3,5
2452,7,285,8,1,3,3,29,39,180,300,1,5
2453,11,385,12,1,3,1,2,72,60,180,2,5
2454,4,562,5,2,3,3,13,9,60,180,2,5
2455,3,465,4,2,3,1,81,35,180,300,3,5
2456,9,307,10,1,3,3,41,26,0,300,1,5
2457,1,485,2,2,3,2,34,46,60,180,3,5
2458,8,452,9,1,3,1,76,18,180,300,2,5
2459,7,140,8,2,3,3,17,17,0,300,1,5
2460,10,560,11,2,3,2,13,20,60,180,4,5
2461,2,501,4,2,3,1,28,4,300,600,3,5
2462,6,186,6,2,3,1,95,18,420,540,1,5
2463,8,528,9,1,3,3,4,75,60,180,2,5
2464,1,562,2,2,3,2,65,68,60,180,3,5
2465,7,171,8,2,3,1,13,7,180,300,3,5
2466,4,175,4,1,3,3,62,92,180,300,4,5
2467,8,398,8,2,3,3,60,14,420,540,4,5
2468,3,108,3,1,3,1,44,43,180,300,4,5
2469,14,122,14,1,3,1,66,17,180,300,4,5
2470,9,85,9,1,3,3,59,69,180,300,4,5
2471,14,52,15,1,3,2,73,39,180,300,2,5
2472,12,290,13,2,3,1,48,91,300,600,4,5
2473,8,38,8,1,3,1,61,0,60,180,1,5
2474,8,486,10,2,3,3,87,82,420,540,2,5
2475,5,410,6,1,3,2,76,31,0,300,4,5
2476,9,288,9,2,3,2,81,21,420,540,4,5
2477,12,42,12,1,3,1,93,63,60,180,2,5
2478,9,23,11,1,3,2,61,75,0,300,1,5
2479,12,599,13,1,3,1,44,54,60,180,3,5
2480,12,251,12,2,3,1,79,97,420,540,3,5
2481,7,379,7,2,3,2,67,87,420,540,4,5
2482,2,194,2,2,3,3,82,24,420,540,3,5
2483,12,480,14,1,3,1,81,59,60,180,2,5
2484,10,108,11,2,3,1,97,45,420,540,4,5
2485,9,452,11,1,3,1,20,12,60,180,3,5
2486,14,227,15,1,3,1,1,48,60,180,1,5
2487,13,22,15,1,3,1,83,82,60,180,1,5
2488,4,53,4,1,3,1,78,41,60,180,4,5
2489,8,230,8,2,3,1,90,40,420,540,2,5
2490,6,599,8,2,3,1,43,70,0,300,2,5
2491,1,394,1,2,3,3,2,77,420,540,4,5
2492,2,425,4,1,3,3,40,99,60,180,3,5
2493,2,418,2,2,3,1,44,72,420,540,1,5
2494,14,232,15,2,3,2,93,73,60,180,3,5
2495,13,447,15,1,3,3,92,85,180,300,1,5
2496,7,422,9,1,3,3,10,14,60,180,4,5
2497,8,149,9,1,3,3,91,49,60,180,1,5
2498,8,363,9,2,3,2,52,34,60,180,3,5
2499,1,109,2,1,3,3,55,71,0,300,2,5
2500,2,474,3,1,3,3,94,50,60,180,4,5
2501,4,159,5,2,3,2,72,56,180,300,4,5
2502,6,73,6,1,3,1,99,50,180,300,3,5
2503,4,353,5,2,3,1,73,7,300,600,1,5
2504,7,251,7,2,3,1,57,64,300,420,4,5
2505,2,452,4,2,3,2,69,9,0,300,1,5
2506,7,179,8,1,3,3,63,58,180,300,3,5
2507,2,173,2,1,3,3,65,43,180,300,4,5
2508,7,28,7,1,3,1,1,99,60,180,1,5
2509,9,467,10,1,3,3,97,14,60,180,1,5
2510,14,438,16,1,3,1,93,91,60,180,2,5
2511,14,72,14,1,3,1,93,49,180,300,2,5
2512,4,16,4,1,3,2,46,9,60,180,3,5
2513,3,178,3,1,3,2,51,46,180,300,2,5
2514,13,542,14,2,3,3,83,10,0,300,3,5
2515,13,43,15,1,3,3,5,70,60,180,1,5
2516,8,223,9,2,3,2,72,5,300,420,4,5
2517,9,491,11,1,3,2,69,64,60,180,4,5
2518,4,432,6,1,3,3,77,35,60,180,4,5
2519,12,556,13,2,3,3,40,36,300,420,3,5
2520,8,311,8,2,3,2,78,97,420,540,2,5
2521,14,546,15,1,3,2,65,23,0,300,3,5
2522,4,64,5,1,3,1,5,13,60,180,2,5
2523,7,572,8,2,3,1,73,48,420,540,3,5
2524,4,536,6,1,3,1,47,78,60,180,4,5
2525,3,264,4,1,3,3,96,67,180,300,1,5
2526,13,313,13,2,3,3,44,74,420,540,2,5
2527,2,383,2,2,3,3,84,17,420,540,4,5
2528,2,167,2,1,3,1,16,24,180,300,4,5
2529,6,509,8,1,3,3,13,42,180,300,3,5
2530,9,257,9,2,3,3,68,5,420,540,3,5
2531,3,289,3,2,3,2,55,45,300,600,4,5
2532,14,599,15,2,3,2,89,63,180,300,1,5
2533,8,224,8,2,3,3,24,83,300,420,2,5
2534,2,81,2,2,3,1,18,5,300,420,1,5
2535,5,318,5,2,3,2,21,36,420,540,4,5
2536,7,43,7,1,3,1,48,27,60,180,2,5
2537,10,474,12,1,3,2,69,31,0,300,1,5
2538,5,449,6,2,3,1,96,34,0,300,3,5
2539,10,410,10,2,3,3,79,14,420,540,4,5
2540,7,194,7,2,3,3,19,57,300,420,2,5
2541,9,265,10,2,3,2,46,36,180,300,3,5
2542,3,517,5,1,3,1,10,52,180,300,2,5
2543,11,146,12,2,3,3,52,37,0,300,2,5
2544,13,101,14,2,3,3,2,51,0,300,2,5
2545,6,41,8,1,3,1,92,29,180,300,1,5
2546,11,513,13,1,3,3,59,36,180,300,2,5
2547,8,267,9,1,3,2,87,58,0,300,4,5
2548,12,470,14,1,3,2,36,92,60,180,4,5
2549,7,419,7,2,3,1,36,5,420,540,3,5
2550,3,75,4,1,3,2,24,68,180,300,3,5
2551,14,190,14,2,3,1,21,38,420,540,3,5
2552,13,193,13,2,3,2,5,4,300,420,1,5
2553,2,570,4,2,3,1,79,33,180,300,2,5
2554,9,564,11,1,3,3,55,16,60,180,2,5
2555,7,103,8,2,3,2,5,98,60,180,4,5
2556,1,235,2,1,3,1,24,2,0,300,2,5
2557,3,288,5,2,3,3,4,29,60,180,1,5
2558,12,290,12,2,3,2,77,0,420,540,2,5
2559,10,380,10,2,3,1,62,54,420,540,3,5
2560,14,336,14,2,3,2,87,61,420,540,3,5
2561,10,549,12,2,3,1,47,30,0,300,4,5
2562,9,209,9,2,3,3,97,71,420,540,4,5
2563,1,103,1,1,3,3,7,12,180,300,3,5
2564,12,536,13,2,3,3,28,19,300,420,4,5
2565,14,451,16,2,3,3,15,60,60,180,2,5
2566,4,295,4,2,3,2,5,16,420,540,3,5
2567,8,58,9,2,3,3,71,64,60,180,3,5
2568,9,507,10,1,3,1,40,18,180,300,4,5
2569,2,384,2,2,3,2,92,32,420,540,3,5
2570,5,93,5,2,3,2,32,23,420,540,1,5
2571,1,526,2,2,3,2,54,67,0,300,2,5
2572,4,258,5,1,3,1,49,2,60,180,2,5
2573,11,121,11,2,3,2,20,75,300,420,2,5
2574,7,137,7,1,3,1,14,0,180,300,3,5
2575,3,595,5,1,3,2,59,6,180,300,4,5
2576,9,455,11,2,3,2,22,63,0,300,4,5
2577,10,305,10,2,3,3,25,5,420,540,4,5
2578,4,319,5,1,3,1,9,28,180,300,2,5
2579,1,396,2,1,3,3,16,28,60,180,4,5
2580,11,586,12,2,3,2,66,35,420,540,4,5
2581,3,252,4,1,3,3,52,89,0,300,2,5
2582,6,185,7,1,3,2,11,70,60,180,4,5
2583,13,566,15,1,3,3,3,44,0,300,4,5
2584,8,246,8,2,3,3,28,44,420,540,4,5
2585,14,122,14,2,3,2,4,58,180,300,1,5
2586,9,439,10,1,3,1,74,81,180,300,1,5
2587,13,88,13,1,3,1,65,51,180,300,2,5
2588,12,439,14,1,3,1,17,68,0,300,1,5
2589,6,298,8,1,3,1,8,51,180,300,1,5
2590,7,332,7,2,3,1,39,54,420,540,2,5
2591,11,428,13,1,3,1,29,83,0,300,2,5
2592,9,213,9,2,3,3,21,15,300,420,3,5
2593,13,180,13,1,3,2,92,47,180,300,4,5
2594,11,277,11,2,3,3,67,24,300,420,3,5
2595,4,236,5,2,3,1,80,71,180,300,1,5
2596,14,263,14,2,3,1,45,2,300,600,4,5
2597,11,113,11,1,3,3,9,44,180,300,1,5
2598,9,308,10,1,3,1,6,60,180,300,3,5
2599,13,269,13,2,3,3,91,53,300,600,4,5
2600,8,66,9,1,3,2,77,14,60,180,4,5
2601,8,14,8,1,3,1,2,8,60,180,4,5
2602,10,416,10,2,3,1,81,98,420,540,3,5
2603,4,259,4,2,3,3,51,81,300,600,4,5
2604,2,429,3,1,3,2,7,19,180,300,3,5
2605,14,158,15,1,3,2,93,58,0,300,2,5
2606,1,354,2,1,3,1,76,6,180,300,1,5
2607,1,303,2,2,3,1,100,92,300,600,4,5
2608,8,397,8,2,3,1,40,79,420,540,4,5
2609,11,37,11,1,3,2,14,54,60,180,4,5
2610,12,408,12,2,3,1,21,15,420,540,1,5
2611,13,469,14,2,3,2,14,43,300,600,2,5
2612,10,299,11,1,3,3,54,21,0,300,4,5
2613,5,366,6,1,3,2,95,58,0,300,1,5
2614,2,62,3,2,3,1,7,26,180,300,3,5
2615,8,291,9,2,3,3,99,77,180,300,3,5
2616,4,90,5,2,3,1,43,54,0,300,4,5
2617,4,138,5,1,3,1,6,59,180,300,1,5
2618,1,40,2,1,3,1,88,4,0,300,4,5
2619,6,24,7,2,3,1,83,76,420,540,1,5
2620,2,287,3,1,3,1,62,29,60,180,2,5
2621,5,499,6,1,3,1,17,32,60,180,1,5
2622,11,368,11,2,3,1,68,39,420,540,2,5
2623,11,496,12,2,3,2,86,29,0,300,4,5
2624,12,481,14,2,3,3,90,46,420,540,1,5
2625,9,390,9,2,3,1,7,5,420,540,2,5
2626,2,41,3,1,3,3,50,72,60,180,1,5
2627,10,333,10,2,3,3,16,95,420,540,3,5
2628,13,585,15,2,3,1,80,4,60,180,3,5
2629,12,344,13,1,3,1,83,83,60,180,2,5
2630,4,516,6,1,3,3,88,24,60,180,1,5
2631,10,122,10,2,3,2,53,32,420,540,3,5
2632,10,67,10,2,3,1,91,98,300,600,2,5
2633,6,150,6,1,3,1,99,12,180,300,1,5
2634,11,72,12,1,3,2,48,57,60,180,3,5
2635,14,544,15,1,3,3,25,36,180,300,4,5
2636,6,590,7,1,3,1,97,8,180,300,4,5
2637,4,570,5,1,3,2,67,73,180,300,2,5
2638,14,242,15,1,3,2,13,29,60,180,2,5
2639,11,465,13,2,3,3,81,68,420,540,4,5
2640,7,206,7,2,3,3,9,80,420,540,4,5
2641,6,90,6,2,3,1,41,86,180,300,1,5
2642,14,7,14,1,3,1,89,100,60,180,3,5
2643,14,219,14,2,3,1,20,94,420,540,2,5
2644,1,556,2,2,3,2,33,24,420,540,4,5
2645,12,353,13,2,3,2,4,76,180,300,3,5
2646,11,145,13,1,3,3,60,45,60,180,3,5
2647,3,261,5,1,3,1,97,75,60,180,3,5
2648,5,425,7,1,3,2,24,50,60,180,2,5
2649,3,494,5,1,3,2,61,21,180,300,3,5
2650,13,445,15,2,3,1,85,45,180,300,2,5
2651,7,340,8,1,3,3,69,77,60,180,3,5
2652,6,12,7,1,3,3,62,45,0,300,2,5
2653,10,306,11,1,3,3,27,11,60,180,3,5
2654,8,125,8,2,3,3,45,57,180,300,1,5
2655,10,165,10,2,3,2,46,70,180,300,2,5
2656,5,384,6,2,3,3,47,74,300,420,3,5
2657,10,549,11,2,3,1,54,34,0,300,3,5
2658,8,476,10,1,3,3,33,31,180,300,3,5
2659,12,137,13,1,3,1,50,46,60,180,4,5
2660,12,582,14,1,3,3,71,18,60,180,3,5
2661,14,595,16,1,3,3,94,45,0,300,1,5
2662,5,117,6,2,3,3,84,80,60,180,2,5
2663,3,27,5,2,3,1,10,52,0,300,3,5
2664,10,102,10,2,3,3,67,62,300,600,3,5
2665,9,429,11,1,3,3,68,12,0,300,1,5
2666,11,401,12,1,3,1,17,69,60,180,4,5
2667,3,38,4,1,3,2,65,91,0,300,1,5
2668,6,281,6,2,3,3,23,8,420,540,2,5
2669,10,490,12,1,3,2,95,60,180,300,3,5
2670,4,545,5,1,3,3,19,95,180,300,2,5
2671,1,305,2,1,3,3,8,22,180,300,2,5
2672,13,73,14,2,3,1,28,21,60,180,2,5
2673,2,423,4,1,3,2,12,47,60,180,4,5
2674,13,87,14,1,3,1,80,53,60,180,1,5
2675,11,535,12,1,3,3,87,77,60,180,2,5
2676,4,437,5,2,3,3,52,10,180,300,1,5
2677,11,456,12,1,3,3,85,5,60,180,2,5
2678,6,213,6,2,3,1,5,75,300,420,2,5
2679,8,553,9,2,3,3,34,16,420,540,4,5
2680,8,274,8,2,3,1,50,27,420,540,3,5
2681,9,513,10,1,3,3,37,88,180,300,2,5
2682,8,519,10,2,3,3,4,35,300,600,1,5
2683,8,512,10,2,3,3,21,65,420,540,3,5
2684,8,61,9,2,3,1,95,54,300,600,1,5
2685,14,201,14,2,3,2,55,77,300,600,1,5
2686,1,272,1,2,3,2,19,63,420,540,4,5
2687,10,41,10,1,3,3,63,66,60,180,2,5
2688,11,245,11,2,3,3,14,73,420,540,1,5
2689,14,294,14,2,3,2,5,48,300,420,2,5
2690,5,394,7,1,3,2,92,0,180,300,1,5
2691,12,214,12,2,3,1,56,27,420,540,2,5
2692,5,501,6,2,3,1,13,30,0,300,4,5
2693,13,89,13,1,3,3,6,46,180,300,4,5
2694,11,351,12,1,3,2,76,70,60,180,1,5
2695,4,254,4,2,3,1,37,61,300,420,2,5
2696,2,459,3,2,3,2,9,21,60,180,3,5
2697,12,79,13,1,3,2,30,36,60,180,1,5
2698,5,338,6,1,3,1,87,81,60,180,4,5
2699,12,336,12,2,3,1,8,34,420,540,2,5
2700,6,163,6,2,3,3,96,49,420,540,1,5
2701,1,71,1,2,3,1,86,1,180,300,1,5
2702,3,357,3,2,3,1,87,11,420,540,4,5
2703,5,31,5,1,3,2,48,48,60,180,1,5
2704,8,77,9,1,3,1,99,92,180,300,3,5
2705,1,390,3,1,3,1,20,25,60,180,3,5
2706,3,13,4,1,3,3,93,54,180,300,4,5
2707,5,165,5,1,3,1,75,100,180,300,1,5
2708,6,92,7,1,3,2,79,87,0,300,4,5
2709,1,569,3,2,3,3,3,8,420,540,4,5
2710,11,96,12,1,3,3,47,14,180,300,4,5
2711,5,438,6,1,3,2,20,93,60,180,1,5
2712,9,567,10,1,3,2,23,14,180,300,1,5
2713,3,321,3,2,3,3,83,37,420,540,3,5
2714,1,555,2,1,3,1,38,39,60,180,2,5
2715,6,328,6,2,3,1,57,6,420,540,2,5
2716,11,466,13,1,3,1,34,93,0,300,1,5
2717,7,521,8,2,3,3,35,49,300,600,1,5
2718,2,96,2,1,3,1,94,95,180,300,3,5
2719,2,555,4,1,3,3,82,30,60,180,4,5
2720,3,442,5,1,3,2,66,52,180,300,4,5
2721,2,58,2,2,3,2,4,9,420,540,4,5
2722,7,203,8,1,3,3,23,96,180,300,2,5
2723,14,443,15,1,3,3,35,98,180,300,4,5
2724,6,530,7,1,3,1,72,9,180,300,1,5
2725,12,93,13,1,3,2,29,58,0,300,3,5
2726,2,61,2,1,3,3,55,25,180,300,4,5
2727,3,340,4,2,3,2,83,87,60,180,2,5
2728,8,483,9,2,3,3,92,98,180,300,3,5
2729,4,65,4,1,3,1,53,75,180,300,4,5
2730,13,239,13,2,3,1,19,74,300,420,1,5
2731,1,536,2,1,3,1,80,72,0,300,3,5
2732,4,442,6,1,3,2,34,78,60,180,2,5
2733,9,22,9,2,3,2,20,16,300,600,4,5
2734,13,501,15,1,3,1,51,39,180,300,4,5
2735,11,453,13,1,3,3,81,76,0,300,4,5
2736,14,23,14,1,3,2,21,47,60,180,3,5
2737,7,349,7,2,3,1,10,80,420,540,1,5
2738,9,468,11,1,3,3,17,29,180,300,3,5
2739,4,75,5,2,3,3,51,6,0,300,1,5
2740,1,142,1,1,3,1,17,15,180,300,4,5
2741,8,455,10,1,3,1,65,1,0,300,4,5
2742,1,106,2,2,3,2,72,0,60,180,4,5
2743,2,210,3,1,3,3,21,13,180,300,3,5
2744,10,585,11,2,3,1,24,1,180,300,4,5
2745,6,4,7,1,3,3,82,86,60,180,3,5
2746,3,366,4,1,3,3,32,64,60,180,1,5
2747,3,28,3,1,3,2,71,22,60,180,1,5
2748,11,249,11,2,3,1,81,39,420,540,1,5
2749,4,65,4,1,3,1,12,9,180,300,3,5
2750,9,199,9,2,3,2,37,63,420,540,2,5
2751,9,443,11,2,3,3,47,72,180,300,4,5
2752,10,120,10,2,3,1,13,76,180,300,1,5
2753,7,14,8,2,3,2,21,30,180,300,4,5
2754,13,68,13,1,3,2,74,88,180,300,2,5
2755,1,364,1,2,3,2,41,66,420,540,4,5
2756,11,326,12,1,3,2,62,99,0,300,2,5
2757,13,256,13,2,3,3,88,50,300,600,3,5
2758,6,489,8,2,3,2,27,47,300,600,2,5
2759,8,574,10,1,3,1,18,33,60,180,1,5
2760,3,184,3,2,3,2,60,60,420,540,1,5
2761,4,420,4,2,3,2,14,30,420,540,2,5
2762,12,540,14,2,3,2,4,65,300,600,4,5
2763,1,481,2,1,3,2,47,99,180,300,2,5
2764,9,531,11,2,3,1,91,76,0,300,1,5
2765,6,111,6,1,3,2,96,13,180,300,3,5
2766,2,351,2,2,3,1,66,25,420,540,2,5
2767,12,491,13,1,3,3,70,68,180,300,4,5
2768,6,119,7,2,3,2,27,7,300,600,1,5
2769,3,70,4,1,3,2,4,57,0,300,2,5
2770,2,377,3,1,3,3,43,26,180,300,3,5
2771,2,22,3,1,3,2,77,90,180,300,3,5
2772,10,154,11,1,3,3,48,44,0,300,3,5
2773,11,123,11,2,3,1,18,31,180,300,1,5
2774,5,414,5,2,3,1,48,33,420,540,2,5
2775,9,492,10,1,3,3,73,90,0,300,2,5
2776,6,559,7,1,3,1,70,52,0,300,2,5
2777,12,364,12,2,3,1,28,63,420,540,3,5
2778,10,569,12,1,3,1,76,56,60,180,2,5
2779,13,213,13,2,3,1,85,58,300,600,1,5
2780,12,421,13,1,3,3,25,58,0,300,1,5
2781,1,384,1,2,3,2,93,22,420,540,2,5
2782,14,591,16,1,3,1,34,18,180,300,3,5
2783,11,545,13,2,3,1,37,70,300,600,3,5
2784,14,352,15,1,3,2,9,18,0,300,3,5
2785,3,461,4,1,3,3,58,66,60,180,1,5
2786,1,592,2,1,3,2,48,68,0,300,4,5
2787,10,194,10,2,3,2,47,45,300,420,3,5
2788,13,565,14,2,3,2,82,26,300,420,2,5
2789,5,565,7,1,3,1,92,7,60,180,1,5
2790,14,91,15,2,3,2,17,69,60,180,2,5
2791,11,71,12,1,3,1,43,87,60,180,4,5
2792,8,332,8,2,3,1,23,78,420,540,1,5
2793,8,409,10,2,3,3,37,19,60,180,1,5
2794,3,172,3,1,3,1,74,71,180,300,2,5
2795,13,520,15,1,3,3,94,81,60,180,1,5
2796,10,423,11,2,3,1,35,81,180,300,2,5
2797,1,133,1,1,3,1,43,95,180,300,1,5
2798,2,232,2,2,3,2,46,82,420,540,2,5
2799,6,539,7,1,3,1,94,17,60,180,2,5
2800,10,129,10,1,3,3,15,3,180,300,2,5
2801,5,88,6,1,3,2,12,45,0,300,1,5
2802,2,562,4,1,3,3,4,62,60,180,2,5
2803,12,212,13,1,3,2,55,97,60,180,3,5
2804,4,285,4,2,3,2,42,79,420,540,3,5
2805,10,72,10,1,3,3,37,28,180,300,2,5
2806,8,46,9,2,3,1,100,100,300,600,3,5
2807,14,294,16,1,3,2,26,70,60,180,2,5
2808,3,415,3,2,3,3,56,83,420,540,2,5
2809,4,128,4,2,3,3,72,32,180,300,4,5
2810,10,350,10,2,3,3,41,51,420,540,4,5
2811,14,368,15,2,3,3,75,69,180,300,3,5
2812,1,325,1,2,3,1,83,48,420,540,1,5
2813,9,378,9,2,3,1,67,36,420,540,4,5
2814,5,86,7,1,3,3,19,21,60,180,3,5
2815,7,73,7,1,3,2,95,25,180,300,3,5
2816,5,434,7,1,3,2,49,34,60,180,1,5
2817,6,575,7,1,3,2,10,80,180,300,4,5
2818,6,96,6,1,3,2,95,76,180,300,3,5
2819,10,511,12,2,3,3,58,44,420,540,2,5
2820,8,550,9,1,3,2,40,85,60,180,1,5
2821,4,158,4,2,3,2,9,69,420,540,2,5
2822,7,98,7,1,3,3,20,78,180,300,1,5
2823,13,539,14,1,3,2,77,20,60,180,1,5
2824,10,474,11,1,3,3,68,23,180,300,2,5
2825,12,377,12,2,3,1,27,70,420,540,2,5
2826,1,356,1,2,3,1,98,35,420,540,1,5
2827,14,498,15,2,3,1,63,22,420,540,2,5
2828,1,178,3,1,3,1,32,98,0,300,2,5
2829,7,158,7,1,3,3,15,54,180,300,1,5
2830,2,575,4,2,3,3,60,74,0,300,2,5
2831,4,80,4,2,3,2,63,10,420,540,2,5
2832,3,297,3,2,3,3,71,8,300,600,3,5
2833,6,496,8,1,3,1,75,99,60,180,3,5
2834,3,488,4,1,3,2,84,98,0,300,1,5
2835,13,484,15,1,3,2,68,42,180,300,2,5
2836,6,239,7,1,3,1,34,67,0,300,4,5
2837,11,252,11,2,3,2,15,10,420,540,1,5
2838,14,570,16,1,3,1,93,84,0,300,1,5
2839,13,339,13,2,3,3,23,93,420,540,2,5
2840,14,337,14,2,3,2,33,27,420,540,4,5
2841,3,159,3,1,3,1,1,84,180,300,2,5
2842,4,0,4,2,3,3,32,65,60,180,2,5
2843,9,185,9,2,3,2,32,88,420,540,1,5
2844,6,230,8,2,3,2,96,33,0,300,3,5
2845,7,433,8,1,3,1,4,61,180,300,4,5
2846,9,493,11,2,3,1,3,58,300,600,3,5
2847,4,408,5,1,3,3,83,0,0,300,4,5
2848,7,544,8,2,3,2,71,79,300,600,2,5
2849,8,408,8,2,3,3,26,23,420,540,1,5
2850,12,209,12,2,3,2,49,61,300,600,2,5
2851,9,332,9,2,3,3,70,86,420,540,3,5
2852,9,429,11,2,3,2,85,64,300,420,2,5
2853,1,377,1,2,3,2,19,1,420,540,1,5
2854,6,590,7,1,3,1,20,78,60,180,4,5
2855,12,168,13,1,3,2,16,34,180,300,4,5
2856,6,511,8,1,3,3,28,75,60,180,4,5
2857,7,134,8,2,3,3,41,55,0,300,4,5
2858,11,367,11,2,3,2,87,48,420,540,4,5
2859,12,112,12,2,3,1,36,7,420,540,3,5
2860,1,19,1,1,3,2,87,76,60,180,1,5
2861,11,184,11,2,3,2,38,73,420,540,1,5
2862,3,1,3,1,3,3,90,69,60,180,1,5
2863,2,327,4,1,3,2,89,81,60,180,4,5
2864,7,45,9,1,3,2,100,52,0,300,1,5
2865,13,240,13,2,3,2,5,70,420,540,2,5
2866,14,305,14,2,3,1,44,4,420,540,3,5
2867,10,175,10,1,3,3,60,82,180,300,3,5
2868,12,500,13,1,3,1,61,82,60,180,1,5
2869,8,37,8,1,3,2,56,86,60,180,2,5
2870,8,95,10,2,3,1,85,32,60,180,1,5
2871,13,297,15,2,3,2,59,3,0,300,4,5
2872,10,251,10,2,3,3,40,41,300,420,4,5
2873,9,515,10,1,3,2,26,86,180,300,3,5
2874,1,409,2,1,3,1,21,17,60,180,4,5
2875,8,248,9,2,3,2,51,85,420,540,2,5
2876,12,437,13,1,3,2,55,63,180,300,3,5
2877,4,498,5,2,3,3,88,71,300,600,1,5
2878,14,166,15,1,3,1,88,46,60,180,3,5
2879,12,395,12,2,3,2,63,80,420,540,2,5
2880,5,295,5,2,3,3,30,32,420,540,2,5
2881,12,25,13,1,3,2,7,23,0,300,2,5
2882,8,384,8,2,3,3,25,33,420,540,4,5
2883,11,345,11,2,3,1,22,44,420,540,1,5
2884,13,63,13,1,3,3,53,6,180,300,3,5
2885,12,264,12,2,3,3,38,79,300,600,2,5
2886,14,437,15,1,3,2,77,18,60,180,3,5
2887,3,413,3,2,3,2,1,86,420,540,1,5
2888,10,197,10,2,3,3,70,78,420,540,3,5
2889,13,290,13,2,3,3,82,29,300,420,4,5
2890,1,45,2,2,3,3,46,5,60,180,3,5
2891,6,491,8,2,3,3,7,8,420,540,1,5
2892,3,347,3,2,3,2,62,69,420,540,4,5
2893,10,233,10,2,3,2,75,15,420,540,3,5
2894,4,553,5,1,3,2,20,100,60,180,4,5
2895,10,527,12,1,3,2,51,63,60,180,4,5
2896,4,370,5,1,3,3,52,0,60,180,2,5
2897,4,31,5,1,3,1,27,95,180,300,1,5
2898,7,586,9,1,3,1,78,9,0,300,2,5
2899,2,70,2,1,3,2,4,88,180,300,1,5
2900,13,58,13,2,3,3,43,72,180,300,1,5
2901,2,469,3,1,3,3,61,0,60,180,4,5
2902,1,431,3,1,3,3,8,9,0,300,2,5
2903,6,548,7,2,3,1,70,33,60,180,4,5
2904,2,202,3,1,3,1,64,79,0,300,4,5
2905,13,357,14,2,3,2,86,22,0,300,4,5
2906,10,225,10,2,3,3,1,25,300,600,3,5
2907,1,499,2,1,3,1,27,42,60,180,1,5
2908,12,204,13,2,3,2,24,13,60,180,4,5
2909,1,146,1,2,3,3,40,80,420,540,2,5
2910,7,393,7,2,3,3,76,87,420,540,4,5
2911,2,18,2,2,3,1,18,53,0,300,3,5
2912,9,240,9,2,3,3,68,73,420,540,3,5
2913,10,384,10,2,3,2,24,86,420,540,4,5
2914,1,516,2,1,3,1,47,84,60,180,2,5
2915,11,122,11,1,3,2,87,89,180,300,4,5
2916,6,229,6,2,3,3,13,72,300,600,1,5
2917,2,445,4,1,3,3,91,41,0,300,4,5
2918,8,206,8,2,3,2,26,78,420,540,2,5
2919,10,84,11,2,3,3,83,83,0,300,3,5
2920,11,334,11,2,3,2,5,54,420,540,1,5
2921,8,84,8,2,3,1,36,12,180,300,1,5
2922,9,508,11,2,3,3,74,57,0,300,3,5
2923,4,351,5,1,3,1,86,16,180,300,4,5
2924,7,162,8,2,3,2,96,19,0,300,4,5
2925,2,255,2,2,3,1,63,77,420,540,2,5
2926,6,102,7,1,3,1,14,95,60,180,1,5
2927,12,509,13,1,3,1,86,16,0,300,3,5
2928,8,181,8,2,3,3,5,81,300,420,2,5
2929,13,111,13,2,3,2,28,82,180,300,1,5
2930,13,171,13,1,3,1,88,32,180,300,1,5
2931,12,404,12,2,3,2,26,53,420,540,3,5
2932,1,472,3,1,3,2,40,97,180,300,2,5
2933,5,249,5,2,3,3,69,77,300,420,3,5
2934,12,256,13,1,3,2,73,6,0,300,4,5
2935,9,65,9,1,3,2,73,77,180,300,2,5
2936,13,409,13,2,3,3,44,83,420,540,4,5
2937,7,322,8,1,3,2,23,66,60,180,2,5
2938,10,413,11,1,3,1,50,4,60,180,3,5
2939,13,550,14,1,3,2,64,87,60,180,2,5
2940,2,15,3,1,3,1,9,43,0,300,4,5
2941,14,200,15,1,3,1,41,21,0,300,1,5
2942,5,578,6,2,3,2,77,100,420,540,2,5
2943,2,297,2,2,3,2,61,1,300,600,4,5
2944,2,442,3,1,3,3,18,76,60,180,1,5
2945,11,486,13,1,3,2,88,6,0,300,3,5
2946,3,582,5,1,3,3,18,53,180,300,4,5
2947,4,514,6,1,3,1,35,49,180,300,3,5
2948,3,389,3,2,3,1,31,15,420,540,2,5
2949,11,306,11,2,3,2,47,60,420,540,2,5
2950,8,537,10,1,3,1,36,80,180,300,4,5
2951,4,524,5,2,3,1,53,97,60,180,2,5
2952,5,55,6,1,3,3,53,88,180,300,4,5
2953,3,444,4,1,3,2,28,24,180,300,4,5
2954,12,230,12,2,3,2,39,14,420,540,4,5
2955,6,334,6,2,3,3,54,16,420,540,2,5
2956,13,579,15,1,3,2,0,25,60,180,3,5
2957,11,241,12,1,3,2,88,2,180,300,3,5
2958,5,260,6,2,3,3,94,17,180,300,1,5
2959,14,73,15,1,3,1,23,7,60,180,2,5
2960,6,27,7,2,3,2,1,91,300,600,2,5
2961,9,348,9,2,3,2,12,16,420,540,3,5
2962,12,443,13,2,3,1,39,59,60,180,2,5
2963,12,506,13,1,3,3,50,63,60,180,4,5
2964,10,66,11,1,3,2,65,65,0,300,2,5
2965,13,94,13,1,3,2,60,97,180,300,2,5
2966,6,145,6,2,3,2,26,100,300,600,1,5
2967,12,143,13,1,3,3,81,62,60,180,2,5
2968,12,11,13,1,3,2,72,42,0,300,3,5
2969,2,11,2,2,3,3,77,31,420,540,4,5
2970,8,175,8,2,3,2,49,67,300,600,2,5
2971,9,488,10,1,3,3,78,0,0,300,3,5
2972,11,556,12,1,3,1,66,37,60,180,3,5
2973,14,199,14,2,3,3,56,2,300,420,1,5
2974,2,336,2,2,3,1,35,82,420,540,3,5
2975,12,537,14,1,3,2,16,43,0,300,4,5
2976,9,571,11,2,3,1,71,71,420,540,1,5
2977,5,28,5,2,3,2,64,69,420,540,3,5
2978,1,258,1,2,3,3,71,100,420,540,4,5
2979,6,514,8,2,3,1,70,6,300,420,1,5
2980,13,208,13,2,3,2,79,20,300,420,4,5
2981,6,450,7,1,3,2,7,61,180,300,1,5
2982,9,286,10,1,3,1,80,51,0,300,2,5
2983,2,541,4,1,3,3,97,82,0,300,2,5
2984,13,254,13,2,3,1,70,29,300,420,1,5
2985,9,446,10,2,3,1,60,96,420,540,1,5
2986,6,520,8,2,3,2,11,0,0,300,1,5
2987,9,139,9,1,3,2,29,95,180,300,1,5
2988,10,418,10,2,3,1,29,12,420,540,3,5
2989,6,126,6,1,3,1,4,0,180,300,4,5
2990,6,96,6,1,3,2,24,50,180,300,2,5
2991,1,158,2,1,3,2,30,11,0,300,1,5
2992,2,449,3,1,3,1,26,97,60,180,1,5
2993,8,340,8,2,3,1,48,26,420,540,2,5
2994,3,85,3,1,3,2,63,70,180,300,1,5
2995,2,270,2,2,3,2,40,30,420,540,3,5
2996,5,203,5,2,3,2,55,77,420,540,2,5
2997,11,350,11,2,3,1,53,13,420,540,3,5
2998,13,255,15,2,3,1,39,27,60,180,3,5
2999,1,577,3,1,3,1,6,37,180,300,4,5
3000,2,76,2,1,3,3,90,55,180,300,3,5
3001,14,118,14,1,3,3,8,100,180,300,2,5
3002,14,213,15,2,3,1,1,5,180,300,3,5
3003,9,351,9,2,3,3,76,49,420,540,3,5
3004,10,599,11,1,3,2,49,30,60,180,3,5
3005,9,26,9,2,3,3,92,31,420,540,3,5
3006,11,364,11,2,3,2,77,16,420,540,2,5
3007,2,126,2,2,3,3,79,16,300,420,1,5
3008,13,39,14,1,3,2,38,60,0,300,4,5
3009,9,296,9,2,3,1,79,73,420,540,3,5
3010,2,52,3,2,3,1,39,31,60,180,1,5
3011,7,304,7,2,3,3,12,30,420,540,2,5
3012,6,369,6,2,3,3,74,40,420,540,3,5
3013,10,150,11,1,3,3,73,3,0,300,4,5
3014,7,23,7,1,3,1,23,84,60,180,2,5
3015,12,413,13,1,3,2,86,4,0,300,1,5
3016,6,531,8,1,3,2,53,61,0,300,1,5
3017,6,139,7,2,3,3,73,17,300,600,1,5
3018,8,252,8,2,3,2,10,37,300,600,3,5
3019,1,398,2,2,3,2,25,56,60,180,4,5
3020,10,304,10,2,3,3,71,68,420,540,2,5
3021,13,492,14,2,3,1,80,98,60,180,2,5
3022,12,266,12,2,3,1,33,98,300,420,2,5
3023,10,140,11,1,3,3,91,65,60,180,1,5
3024,7,102,7,2,3,2,6,40,300,420,3,5
3025,5,563,6,1,3,2,76,56,0,300,4,5
3026,14,278,14,2,3,1,18,87,300,420,3,5
3027,8,519,9,2,3,1,25,52,300,420,1,5
3028,2,316,2,2,3,1,12,32,420,540,3,5
3029,14,137,16,2,3,2,26,19,60,180,3,5
3030,8,319,8,2,3,2,39,45,420,540,4,5
3031,9,586,11,2,3,3,37,51,180,300,3,5
3032,1,508,3,1,3,2,56,44,60,180,1,5
3033,5,115,6,2,3,1,43,51,420,540,3,5
3034,9,250,9,2,3,2,72,46,420,540,2,5
3035,9,554,10,1,3,2,82,30,0,300,4,5
3036,9,476,11,1,3,1,78,32,0,300,4,5
3037,6,539,7,2,3,3,12,50,180,300,2,5
3038,3,369,4,2,3,1,70,39,300,600,4,5
3039,8,77,8,2,3,2,82,23,300,600,1,5
3040,14,580,15,1,3,3,9,43,180,300,3,5
3041,14,109,15,1,3,1,55,18,0,300,2,5
3042,14,362,15,1,3,2,5,85,0,300,3,5
3043,10,388,11,2,3,2,60,92,420,540,2,5
3044,7,50,7,2,3,3,54,35,420,540,4,5
3045,9,569,11,1,3,1,31,90,60,180,4,5
3046,13,178,14,1,3,2,0,9,180,300,4,5
3047,13,328,14,2,3,3,57,90,60,180,3,5
3048,5,135,5,1,3,1,96,62,180,300,4,5
3049,1,419,1,2,3,1,73,67,420,540,1,5
3050,2,322,2,2,3,3,26,30,420,540,1,5
3051,9,254,9,2,3,1,16,33,300,600,4,5
3052,6,534,8,1,3,1,52,67,60,180,3,5
3053,11,584,12,1,3,1,16,53,180,300,3,5
3054,10,436,12,1,3,3,3,19,0,300,1,5
3055,4,340,4,2,3,1,74,83,420,540,3,5
3056,6,200,7,1,3,1,29,9,60,180,3,5
3057,14,483,16,1,3,3,40,14,180,300,1,5
3058,5,108,5,1,3,1,92,43,180,300,1,5
3059,11,158,12,2,3,2,43,48,60,180,3,5
3060,13,217,13,2,3,1,97,75,300,420,1,5
3061,12,426,13,2,3,1,83,17,300,420,3,5
3062,6,30,7,2,3,2,3,77,60,180,2,5
3063,10,177,11,1,3,3,90,95,60,180,4,5
3064,14,175,14,1,3,3,99,56,180,300,2,5
3065,12,342,12,2,3,2,21,56,420,540,2,5
3066,9,500,10,1,3,1,18,96,60,180,2,5
3067,6,32,7,2,3,3,14,2,420,540,4,5
3068,2,513,4,1,3,1,71,16,60,180,2,5
3069,14,488,16,2,3,3,17,77,60,180,3,5
3070,13,345,13,2,3,1,57,54,420,540,1,5
3071,5,228,5,2,3,2,79,26,420,540,4,5
3072,1,98,2,1,3,3,79,14,180,300,4,5
3073,13,365,13,2,3,3,38,59,420,540,1,5
3074,7,276,7,2,3,3,29,55,420,540,4,5
3075,4,379,4,2,3,3,23,35,420,540,3,5
3076,11,268,12,1,3,3,53,75,180,300,3,5
3077,3,312,4,1,3,2,98,34,60,180,3,5
3078,10,334,11,2,3,3,94,1,60,180,3,5
3079,2,403,3,1,3,2,79,93,0,300,1,5
3080,7,95,7,2,3,2,100,49,420,540,3,5
3081,12,227,12,2,3,1,43,48,300,600,2,5
3082,6,216,7,1,3,2,3,42,180,300,3,5
3083,3,150,5,1,3,2,25,75,60,180,2,5
3084,7,67,7,1,3,1,20,36,180,300,4,5
3085,9,159,9,2,3,1,79,73,300,420,1,5
3086,1,540,3,1,3,2,16,41,60,180,2,5
3087,9,117,9,2,3,2,19,39,420,540,4,5
3088,5,158,5,2,3,3,24,56,300,600,1,5
3089,8,70,8,1,3,2,75,15,180,300,2,5
3090,12,370,13,1,3,1,75,30,60,180,1,5
3091,2,278,2,2,3,3,47,31,420,540,4,5
3092,13,189,13,2,3,3,72,86,300,600,4,5
3093,6,266,6,2,3,2,28,70,420,540,1,5
3094,8,461,9,1,3,2,91,49,60,180,4,5
3095,10,250,10,2,3,2,24,94,300,600,2,5
3096,11,161,11,1,3,2,43,76,180,300,4,5
3097,13,475,15,1,3,3,25,51,180,300,4,5
3098,10,434,12,2,3,3,25,22,420,540,2,5
3099,2,397,3,2,3,3,87,24,180,300,4,5
3100,10,581,12,1,3,2,16,56,0,300,2,5
3101,4,259,4,2,3,1,26,13,420,540,2,5
3102,14,292,15,2,3,3,9,38,180,300,2,5
3103,12,233,12,2,3,3,52,10,420,540,2,5
3104,11,498,13,1,3,2,20,15,180,300,2,5
3105,14,129,15,1,3,3,2,6,0,300,2,5
3106,1,91,1,2,3,1,1,87,300,600,1,5
3107,9,139,9,1,3,1,9,40,180,300,2,5
3108,12,221,12,2,3,2,2,53,300,420,2,5
3109,2,328,2,2,3,2,48,49,420,540,1,5
3110,1,35,1,1,3,3,11,10,60,180,4,5
3111,4,46,4,2,3,1,89,29,180,300,3,5
3112,8,80,9,1,3,3,89,51,60,180,2,5
3113,5,51,6,1,3,3,53,10,180,300,2,5
3114,4,586,5,1,3,2,51,55,180,300,3,5
3115,1,353,1,2,3,3,11,16,420,540,2,5
3116,5,31,6,1,3,2,23,57,60,180,4,5
3117,3,539,4,1,3,3,19,23,180,300,2,5
3118,2,597,4,2,3,3,23,67,60,180,1,5
3119,2,465,4,2,3,3,26,7,300,420,1,5
3120,13,593,14,2,3,1,26,53,420,540,1,5
3121,2,236,3,1,3,2,76,53,180,300,1,5
3122,9,263,10,1,3,1,81,17,60,180,4,5
3123,2,478,4,1,3,1,72,64,180,300,4,5
3124,8,372,8,2,3,2,57,93,420,540,4,5
3125,1,188,2,2,3,2,4,47,300,420,1,5
3126,8,164,8,2,3,1,37,62,180,300,4,5
3127,7,260,7,2,3,1,46,85,420,540,2,5
3128,12,274,12,2,3,2,92,74,420,540,2,5
3129,2,206,3,1,3,1,96,49,60,180,4,5
3130,1,477,3,1,3,2,11,97,180,300,3,5
3131,14,532,16,2,3,2,8,55,420,540,1,5
3132,12,319,14,1,3,3,63,52,0,300,3,5
3133,14,327,14,2,3,3,19,81,420,540,1,5
3134,14,588,15,2,3,1,73,27,0,300,1,5
3135,8,264,9,1,3,3,22,7,0,300,3,5
3136,3,5,4,2,3,1,94,95,60,180,2,5
3137,14,490,16,2,3,3,31,62,300,600,1,5
3138,14,209,14,2,3,2,0,53,420,540,2,5
3139,3,585,4,1,3,2,52,89,180,300,1,5
3140,7,27,7,1,3,3,83,11,60,180,1,5
3141,3,468,5,2,3,1,4,78,0,300,2,5
3142,12,109,12,2,3,1,69,58,420,540,3,5
3143,2,492,4,1,3,3,67,73,60,180,1,5
3144,6,292,7,2,3,2,44,78,300,600,1,5
3145,8,180,9,1,3,2,75,5,60,180,3,5
3146,3,145,3,2,3,2,80,11,300,600,3,5
3147,1,180,1,1,3,2,61,44,180,300,1,5
3148,8,448,10,1,3,2,46,18,0,300,3,5
3149,2,472,3,1,3,2,53,97,60,180,2,5
3150,8,476,9,1,3,1,62,82,180,300,3,5
3151,9,452,11,1,3,1,65,38,0,300,3,5
3152,11,397,11,2,3,3,25,26,420,540,3,5
3153,11,90,13,2,3,1,28,60,180,300,1,5
3154,7,126,8,2,3,3,41,74,300,420,1,5
3155,4,583,6,1,3,2,94,95,180,300,4,5
3156,8,85,9,1,3,2,32,17,180,300,1,5
3157,10,429,12,2,3,2,44,13,300,600,2,5
3158,6,425,8,2,3,1,81,60,60,180,3,5
3159,13,326,13,2,3,1,93,86,420,540,3,5
3160,7,23,8,1,3,2,42,91,180,300,4,5
3161,1,158,1,1,3,1,26,51,180,300,2,5
3162,6,592,8,1,3,1,62,18,60,180,3,5
3163,6,561,8,1,3,3,54,19,0,300,2,5
3164,5,348,5,2,3,2,73,55,420,540,3,5
3165,7,96,7,1,3,2,64,94,180,300,3,5
3166,8,587,9,1,3,2,43,69,180,300,4,5
3167,14,79,16,1,3,3,86,0,60,180,3,5
3168,11,101,11,2,3,1,86,9,420,540,1,5
3169,3,355,3,2,3,1,56,11,420,540,2,5
3170,8,448,9,2,3,1,21,95,420,540,1,5
3171,5,581,7,2,3,1,6,51,0,300,2,5
3172,2,137,3,2,3,3,87,93,180,300,2,5
3173,9,179,9,1,3,1,1,5,180,300,4,5
3174,11,582,12,2,3,1,45,38,180,300,2,5
3175,12,16,13,1,3,3,32,34,60,180,4,5
3176,8,502,9,1,3,1,75,38,0,300,4,5
3177,1,475,3,2,3,3,26,4,60,180,3,5
3178,2,270,3,1,3,3,54,16,0,300,2,5
3179,1,358,2,1,3,1,33,83,180,300,1,5
3180,5,272,6,2,3,3,70,93,0,300,4,5
3181,10,520,11,1,3,2,82,90,180,300,4,5
3182,9,137,9,2,3,1,11,27,180,300,2,5
3183,5,457,7,2,3,3,1,35,180,300,2,5
3184,13,127,13,1,3,2,43,50,180,300,2,5
3185,14,13,14,1,3,1,68,86,60,180,1,5
3186,13,568,14,2,3,2,48,0,60,180,3,5
3187,11,22,12,1,3,3,58,11,180,300,4,5
3188,5,169,5,2,3,1,20,91,420,540,2,5
3189,12,486,14,1,3,3,23,68,60,180,1,5
3190,4,538,6,1,3,2,4,70,180,300,1,5
3191,14,83,14,1,3,2,72,40,180,300,4,5
3192,12,108,12,1,3,2,12,71,180,300,4,5
3193,3,70,5,1,3,3,6,75,180,300,2,5
3194,11,114,11,1,3,2,62,38,180,300,3,5
3195,7,478,8,2,3,1,39,48,60,180,1,5
3196,3,485,4,1,3,2,70,97,60,180,2,5
3197,12,597,13,2,3,1,63,96,60,180,3,5
3198,1,313,1,2,3,1,33,20,420,540,3,5
3199,14,265,15,2,3,1,55,48,420,540,4,5
3200,6,406,6,2,3,3,20,70,420,540,2,5
3201,11,64,11,1,3,1,95,85,180,300,4,5
3202,3,263,5,2,3,1,26,23,0,300,2,5
3203,14,306,14,2,3,1,50,83,420,540,3,5
3204,13,342,13,2,3,2,51,19,420,540,4,5
3205,14,18,14,1,3,1,68,18,60,180,1,5
3206,4,537,5,2,3,3,9,84,60,180,2,5
3207,5,479,6,1,3,1,73,21,60,180,4,5
3208,11,588,12,1,3,1,13,72,180,300,1,5
3209,1,451,2,2,3,2,40,34,180,300,4,5
3210,12,559,13,1,3,1,57,98,180,300,1,5
3211,12,261,12,2,3,1,26,76,300,600,1,5
3212,2,264,3,1,3,2,0,82,0,300,2,5
3213,12,96,13,2,3,2,59,87,300,600,3,5
3214,8,279,8,2,3,2,83,24,300,420,1,5
3215,7,436,8,2,3,1,85,36,300,600,4,5
3216,8,39,10,2,3,1,52,72,180,300,3,5
3217,4,220,5,1,3,3,19,92,180,300,4,5
3218,9,162,10,1,3,2,89,11,0,300,4,5
3219,6,341,7,1,3,2,98,97,180,300,2,5
3220,2,304,2,2,3,2,7,65,420,540,1,5
3221,6,87,6,1,3,1,2,39,180,300,4,5
3222,4,277,4,2,3,2,52,82,300,420,1,5
3223,11,127,12,1,3,2,36,68,180,300,2,5
3224,2,347,3,1,3,1,13,48,0,300,1,5
3225,11,574,12,1,3,1,90,94,0,300,2,5
3226,7,564,9,1,3,1,99,89,0,300,3,5
3227,4,209,5,2,3,1,58,64,60,180,2,5
3228,8,151,8,2,3,3,7,57,300,420,4,5
3229,11,324,12,1,3,3,90,73,0,300,2,5
3230,6,255,7,1,3,2,44,83,0,300,1,5
3231,13,505,15,2,3,1,97,20,180,300,3,5
3232,14,356,15,2,3,2,74,49,60,180,4,5
3233,5,245,6,1,3,3,32,85,180,300,4,5
3234,12,198,12,2,3,1,77,66,420,540,2,5
3235,8,239,8,2,3,2,12,31,420,540,1,5
3236,13,83,13,2,3,2,29,70,180,300,3,5
3237,13,36,13,1,3,3,23,85,60,180,4,5
3238,1,330,1,2,3,3,3,3,420,540,1,5
3239,4,54,4,1,3,3,31,2,60,180,3,5
3240,3,344,3,2,3,2,71,64,420,540,1,5
3241,10,381,11,2,3,1,88,47,180,300,1,5
3242,14,439,15,2,3,2,88,9,180,300,2,5
3243,3,366,4,1,3,3,68,23,0,300,4,5
3244,10,55,11,1,3,3,92,77,60,180,3,5
3245,3,499,4,2,3,2,45,24,0,300,3,5
3246,7,237,8,2,3,3,72,96,420,540,1,5
3247,12,95,12,2,3,3,53,45,180,300,1,5
3248,6,577,7,2,3,2,56,86,0,300,1,5
3249,6,296,6,2,3,2,27,47,420,540,2,5
3250,6,411,6,2,3,1,46,46,420,540,2,5
3251,5,47,5,2,3,2,69,98,60,180,3,5
3252,5,367,5,2,3,1,53,43,420,540,2,5
3253,1,284,3,1,3,1,16,88,0,300,2,5
3254,6,54,7,1,3,3,82,0,180,300,1,5
3255,11,328,11,2,3,3,86,64,420,540,2,5
3256,11,297,11,2,3,1,72,93,300,420,1,5
3257,8,257,8,2,3,3,60,27,300,420,3,5
3258,3,42,4,1,3,3,48,56,0,300,1,5
3259,1,23,1,1,3,3,83,14,60,180,1,5
3260,4,271,4,2,3,3,61,21,420,540,4,5
3261,3,90,3,2,3,3,62,6,180,300,3,5
3262,14,105,14,1,3,2,2,72,180,300,4,5
3263,1,391,2,1,3,2,96,29,60,180,1,5
3264,2,186,2,2,3,3,37,40,420,540,2,5
3265,6,419,6,2,3,3,98,27,420,540,4,5
3266,12,295,12,2,3,1,75,7,300,420,3,5
3267,3,93,4,1,3,2,29,29,60,180,1,5
3268,12,395,12,2,3,2,81,9,420,540,3,5
3269,13,128,13,1,3,2,89,45,180,300,1,5
3270,4,494,6,1,3,3,45,46,60,180,1,5
3271,2,391,3,1,3,1,9,35,0,300,2,5
3272,9,322,10,2,3,3,63,26,180,300,1,5
3273,8,35,8,2,3,1,17,60,0,300,1,5
3274,6,364,6,2,3,3,27,38,420,540,3,5
3275,11,474,12,2,3,1,17,93,180,300,4,5
3276,2,354,2,2,3,1,10,28,420,540,3,5
3277,10,153,10,1,3,2,82,16,180,300,1,5
3278,8,21,9,1,3,1,68,66,0,300,2,5
3279,1,287,1,2,3,3,53,22,420,540,3,5
3280,6,395,8,1,3,2,4,88,60,180,4,5
3281,12,508,14,1,3,3,33,53,180,300,2,5
3282,11,258,11,2,3,1,23,18,420,540,1,5
3283,10,137,11,1,3,1,33,50,0,300,2,5
3284,2,569,3,2,3,1,54,57,180,300,4,5
3285,13,480,14,1,3,1,22,51,60,180,3,5
3286,11,179,12,2,3,3,80,22,60,180,1,5
3287,2,457,3,1,3,1,57,7,60,180,1,5
3288,2,544,4,1,3,1,28,28,60,180,3,5
3289,1,154,1,1,3,2,45,65,180,300,2,5
3290,7,203,7,2,3,1,53,56,300,600,3,5
3291,11,581,13,2,3,3,45,63,180,300,2,5
3292,2,514,3,2,3,1,18,79,300,600,4,5
3293,12,52,12,1,3,1,2,35,60,180,4,5
3294,4,335,4,2,3,3,73,87,420,540,1,5
3295,11,185,11,2,3,1,29,10,420,540,4,5
3296,9,114,9,1,3,3,78,33,180,300,1,5
3297,13,214,13,2,3,2,17,70,420,540,2,5
3298,10,262,10,2,3,2,37,33,300,420,3,5
3299,1,24,1,1,3,2,75,59,60,180,2,5
3300,10,581,12,1,3,2,13,32,0,300,4,5
3301,10,277,11,2,3,1,81,37,420,540,4,5
3302,2,182,2,2,3,1,21,79,300,420,4,5
3303,8,407,8,2,3,2,87,49,420,540,4,5
3304,8,583,9,1,3,3,52,100,180,300,4,5
3305,6,90,6,1,3,2,33,59,180,300,3,5
3306,3,585,4,1,3,1,80,50,60,180,2,5
3307,10,536,12,1,3,1,21,63,60,180,3,5
3308,2,301,3,2,3,2,15,39,420,540,1,5
3309,14,569,15,1,3,2,76,86,0,300,4,5
3310,14,434,16,1,3,1,77,38,0,300,1,5
3311,14,82,15,2,3,2,75,67,0,300,1,5
3312,5,379,5,2,3,3,58,85,420,540,4,5
3313,5,385,5,2,3,1,91,14,420,540,4,5
3314,4,385,5,1,3,2,56,56,0,300,2,5
3315,8,241,8,2,3,2,81,84,420,540,2,5
3316,12,123,12,1,3,3,61,7,180,300,3,5
3317,11,179,13,1,3,2,95,44,0,300,3,5
3318,8,162,9,1,3,1,48,60,180,300,1,5
3319,6,91,7,2,3,1,31,64,60,180,2,5
3320,13,466,14,1,3,2,24,87,180,300,3,5
3321,2,272,2,2,3,3,65,92,420,540,2,5
3322,14,10,14,1,3,3,21,21,60,180,3,5
3323,14,551,16,1,3,1,53,48,180,300,3,5
3324,8,156,8,1,3,1,68,71,180,300,4,5
3325,8,226,8,2,3,2,46,47,420,540,2,5
3326,8,92,9,1,3,3,53,26,0,300,3,5
3327,12,114,12,1,3,1,90,56,180,300,2,5
3328,10,176,11,1,3,3,83,56,60,180,3,5
3329,1,407,2,1,3,2,78,64,0,300,1,5
3330,7,150,8,2,3,1,63,0,180,300,3,5
3331,4,236,4,2,3,1,74,38,420,540,3,5
3332,2,211,2,2,3,3,58,94,420,540,1,5
3333,8,577,10,1,3,3,65,99,60,180,4,5
3334,11,97,11,2,3,1,91,58,300,420,2,5
3335,1,59,2,1,3,3,62,69,180,300,4,5
3336,13,362,13,2,3,1,16,58,420,540,4,5
3337,5,303,5,2,3,2,4,13,420,540,3,5
3338,14,254,14,2,3,2,60,94,300,600,2,5
3339,12,114,12,2,3,3,24,72,180,300,1,5
3340,2,486,3,1,3,1,8,3,60,180,4,5
3341,13,512,15,1,3,2,90,82,60,180,1,5
3342,10,65,11,1,3,2,17,35,180,300,2,5
3343,5,285,5,2,3,3,36,79,300,420,1,5
3344,10,505,12,1,3,1,53,80,180,300,4,5
3345,6,246,6,2,3,3,99,64,420,540,4,5
3346,5,422,6,1,3,3,32,32,180,300,3,5
3347,11,112,12,2,3,1,60,35,300,600,1,5
3348,13,248,13,2,3,3,85,15,420,540,4,5
3349,2,15,3,1,3,2,26,81,180,300,3,5
3350,4,0,4,1,3,2,10,17,60,180,1,5
3351,5,227,5,2,3,3,91,40,420,540,2,5
3352,1,369,1,2,3,3,0,73,420,540,3,5
3353,13,166,14,1,3,2,0,94,0,300,2,5
3354,5,504,7,1,3,2,17,1,0,300,2,5
3355,5,242,5,2,3,3,10,61,420,540,4,5
3356,11,44,12,1,3,1,72,31,60,180,2,5
3357,10,52,10,1,3,1,57,1,60,180,4,5
3358,1,415,1,2,3,1,51,42,420,540,3,5
3359,12,117,13,1,3,1,3,37,180,300,1,5
3360,11,500,12,2,3,2,93,16,180,300,4,5
3361,6,0,6,1,3,3,17,14,60,180,2,5
3362,7,483,8,1,3,1,56,94,60,180,2,5
3363,1,43,3,1,3,3,1,51,0,300,2,5
3364,2,4,2,1,3,1,49,78,60,180,4,5
3365,4,326,5,1,3,1,40,92,0,300,2,5
3366,6,483,8,2,3,2,37,53,420,540,1,5
3367,4,146,5,2,3,1,76,30,60,180,4,5
3368,13,595,14,1,3,3,24,25,0,300,2,5
3369,1,185,1,2,3,1,5,16,420,540,2,5
3370,9,212,10,1,3,2,70,87,60,180,4,5
3371,8,46,8,1,3,2,88,10,60,180,1,5
3372,10,135,10,1,3,3,91,37,180,300,3,5
3373,4,553,6,2,3,1,40,91,180,300,3,5
3374,6,589,8,2,3,2,17,45,300,600,3,5
3375,6,488,7,2,3,1,84,70,420,540,1,5
3376,11,261,11,2,3,2,54,39,420,540,4,5
3377,7,506,9,1,3,1,90,83,60,180,3,5
3378,14,538,15,1,3,1,20,92,60,180,2,5
3379,8,95,8,1,3,1,2,3,180,300,4,5
3380,10,49,10,2,3,3,51,52,180,300,2,5
3381,14,413,14,2,3,3,5,77,420,540,2,5
3382,3,46,3,1,3,2,25,19,60,180,4,5
3383,9,376,9,2,3,2,32,18,420,540,2,5
3384,4,215,4,2,3,2,5,65,300,600,1,5
3385,10,309,11,1,3,3,37,93,60,180,3,5
3386,10,243,10,2,3,2,69,98,300,600,1,5
3387,9,180,9,2,3,1,68,80,300,600,2,5
3388,5,68,6,1,3,3,25,59,60,180,1,5
3389,6,440,7,1,3,3,70,71,0,300,2,5
3390,7,389,8,1,3,2,73,51,180,300,4,5
3391,5,96,5,1,3,3,83,33,180,300,3,5
3392,2,468,3,1,3,2,97,77,60,180,3,5
3393,2,118,2,1,3,2,89,33,180,300,2,5
3394,2,33,2,1,3,2,15,16,60,180,1,5
3395,12,176,12,2,3,2,15,88,180,300,3,5
3396,6,90,7,1,3,3,77,34,180,300,3,5
3397,12,390,12,2,3,1,23,3,420,540,3,5
3398,4,378,4,2,3,2,2,53,420,540,3,5
3399,14,6,14,1,3,3,54,55,60,180,1,5
3400,4,381,4,2,3,3,47,69,420,540,3,5
3401,4,517,5,1,3,3,95,68,0,300,2,5
3402,8,418,9,2,3,2,4,83,60,180,1,5
3403,2,462,3,1,3,2,94,90,0,300,4,5
3404,1,560,3,2,3,2,0,39,60,180,1,5
3405,2,4,2,1,3,1,4,2,60,180,2,5
3406,3,480,5,2,3,1,70,71,300,420,4,5
3407,12,291,12,2,3,2,86,61,420,540,1,5
3408,14,22,14,1,3,2,92,70,60,180,2,5
3409,8,227,8,2,3,2,17,75,420,540,2,5
3410,8,561,10,1,3,3,93,7,180,300,2,5
3411,1,304,1,2,3,3,5,14,420,540,2,5
3412,14,161,14,2,3,3,8,11,180,300,2,5
3413,7,143,7,2,3,1,97,84,420,540,3,5
3414,3,122,4,1,3,1,31,35,180,300,4,5
3415,14,124,14,1,3,1,11,35,180,300,1,5
3416,10,323,11,2,3,2,8,89,300,600,3,5
3417,11,502,12,2,3,1,88,92,300,420,3,5
3418,4,476,5,1,3,2,35,55,60,180,3,5
3419,14,289,15,2,3,2,35,100,60,180,3,5
3420,13,487,14,1,3,3,93,77,60,180,3,5
3421,4,324,4,2,3,1,83,25,420,540,2,5
3422,10,204,10,2,3,2,37,40,300,600,2,5
3423,11,392,13,1,3,3,12,76,180,300,2,5
3424,12,233,13,1,3,2,8,43,0,300,4,5
3425,4,125,4,1,3,1,93,39,180,300,4,5
3426,6,65,6,1,3,3,86,23,180,300,2,5
3427,2,534,4,1,3,2,17,26,60,180,3,5
3428,8,14,8,2,3,2,0,56,300,600,4,5
3429,12,68,13,1,3,1,16,50,0,300,2,5
3430,6,562,8,2,3,2,74,46,180,300,4,5
3431,14,156,15,2,3,2,34,37,60,180,3,5
3432,4,12,5,1,3,3,65,41,0,300,3,5
3433,12,230,12,2,3,3,8,12,300,420,4,5
3434,11,490,12,2,3,1,15,24,0,300,2,5
3435,3,361,4,2,3,1,36,20,60,180,2,5
3436,13,11,14,1,3,2,4,74,0,300,2,5
3437,14,487,15,2,3,1,23,76,420,540,2,5
3438,7,57,7,1,3,2,10,39,60,180,2,5
3439,13,28,13,2,3,3,76,97,60,180,1,5
3440,11,271,12,1,3,3,96,73,180,300,4,5
3441,7,415,7,2,3,2,76,43,420,540,1,5
3442,5,292,5,2,3,2,52,58,420,540,3,5
3443,4,90,5,2,3,2,70,90,60,180,2,5
3444,1,136,1,1,3,3,32,91,180,300,3,5
3445,12,464,13,1,3,3,58,52,60,180,1,5
3446,3,429,5,2,3,3,61,51,0,300,4,5
3447,9,228,9,2,3,2,9,55,300,420,2,5
3448,3,596,5,2,3,3,51,83,300,600,1,5
3449,14,409,15,1,3,1,26,31,60,180,3,5
3450,1,510,2,1,3,1,84,2,60,180,3,5
3451,13,407,13,2,3,2,78,20,420,540,1,5
3452,5,93,5,2,3,2,26,61,420,540,3,5
3453,13,283,14,1,3,3,41,27,60,180,2,5
3454,6,213,6,2,3,1,51,3,300,600,3,5
3455,13,276,13,2,3,1,40,83,300,420,1,5
3456,13,583,15,1,3,1,41,95,60,180,4,5
3457,13,233,14,1,3,3,87,100,180,300,3,5
3458,3,203,4,1,3,2,42,4,60,180,3,5
3459,4,118,4,2,3,1,52,56,420,540,1,5
3460,9,334,10,1,3,3,56,36,0,300,1,5
3461,3,277,3,2,3,3,39,79,420,540,3,5
3462,10,234,10,2,3,3,48,21,420,540,3,5
3463,6,521,7,2,3,1,34,63,420,540,4,5
3464,7,75,8,1,3,2,46,30,180,300,2,5
3465,11,23,12,2,3,3,70,28,60,180,3,5
3466,2,136,2,1,3,3,90,15,180,300,2,5
3467,11,282,11,2,3,2,87,27,420,540,1,5
3468,9,72,9,2,3,2,41,97,300,600,2,5
3469,1,503,3,1,3,3,37,43,60,180,4,5
3470,4,410,4,2,3,2,63,92,420,540,3,5
3471,4,346,4,2,3,1,79,78,420,540,2,5
3472,13,212,14,1,3,3,22,55,0,300,1,5
3473,9,564,11,2,3,2,70,34,300,600,1,5
3474,12,349,14,2,3,2,87,19,180,300,2,5
3475,5,473,6,1,3,3,18,46,60,180,4,5
3476,4,55,4,2,3,2,5,21,60,180,3,5
3477,13,316,13,2,3,3,40,5,420,540,4,5
3478,2,66,3,1,3,2,18,68,60,180,4,5
3479,7,433,8,1,3,1,63,86,180,300,1,5
3480,3,36,3,1,3,1,88,38,60,180,1,5
3481,9,69,9,2,3,2,92,13,420,540,1,5
3482,1,389,2,1,3,2,29,47,0,300,3,5
3483,10,197,11,1,3,2,34,2,180,300,3,5
3484,12,255,13,1,3,3,17,31,0,300,4,5
3485,12,542,13,1,3,2,82,7,180,300,3,5
3486,6,35,6,1,3,3,70,38,60,180,1,5
3487,12,91,12,2,3,1,80,84,300,600,2,5
3488,2,389,3,1,3,1,18,68,0,300,3,5
3489,10,534,12,2,3,2,36,28,420,540,1,5
3490,3,486,4,1,3,2,20,30,0,300,3,5
3491,14,455,16,1,3,2,10,86,60,180,3,5
3492,6,49,8,2,3,1,9,77,0,300,2,5
3493,2,354,2,2,3,1,37,63,420,540,2,5
3494,10,298,11,1,3,3,99,79,60,180,3,5
3495,7,512,8,1,3,1,81,17,60,180,1,5
3496,1,111,1,2,3,1,50,9,420,540,4,5
3497,4,179,4,1,3,1,40,95,180,300,2,5
3498,8,367,8,2,3,1,84,18,420,540,4,5
3499,10,254,11,1,3,1,61,18,180,300,2,5
3500,3,354,5,2,3,1,14,39,0,300,1,5
3501,3,334,3,2,3,3,100,75,420,540,3,5
3502,6,492,8,1,3,2,4,80,0,300,4,5
3503,7,242,8,2,3,1,17,85,420,540,3,5
3504,3,535,5,1,3,2,14,22,0,300,1,5
3505,8,415,8,2,3,1,6,72,420,540,1,5
3506,13,137,13,2,3,3,66,62,420,540,4,5
3507,12,60,12,1,3,1,85,70,180,300,4,5
3508,10,293,10,2,3,1,43,79,420,540,4,5
3509,11,518,12,1,3,2,68,39,60,180,2,5
3510,14,65,14,2,3,2,40,9,420,540,4,5
3511,1,443,2,2,3,1,39,65,60,180,1,5
3512,12,207,12,2,3,3,49,78,300,420,2,5
3513,2,242,3,1,3,3,14,16,0,300,3,5
3514,2,291,3,1,3,1,72,5,0,300,3,5
3515,4,258,4,2,3,3,39,97,420,540,4,5
3516,1,554,2,2,3,2,73,74,60,180,3,5
3517,13,550,14,1,3,3,60,87,60,180,2,5
3518,1,292,1,2,3,1,62,41,300,420,2,5
3519,14,338,14,2,3,2,61,74,420,540,3,5
3520,4,205,5,1,3,2,50,97,180,300,3,5
3521,9,403,10,1,3,1,82,89,180,300,1,5
3522,8,492,10,1,3,3,22,90,60,180,3,5
3523,14,153,14,1,3,2,58,100,180,300,2,5
3524,13,44,13,1,3,3,40,83,60,180,4,5
3525,4,528,5,1,3,2,32,68,0,300,2,5
3526,2,266,3,1,3,1,31,76,180,300,3,5
3527,1,278,2,2,3,1,93,23,420,540,3,5
3528,8,132,8,2,3,2,43,8,180,300,2,5
3529,7,421,8,1,3,1,87,6,180,300,1,5
3530,12,265,12,2,3,2,65,20,300,600,1,5
3531,12,332,14,1,3,3,7,96,0,300,2,5
3532,4,246,4,2,3,2,47,67,300,420,1,5
3533,8,41,9,1,3,2,40,59,60,180,1,5
3534,9,574,11,2,3,2,30,42,420,540,3,5
3535,4,252,6,1,3,1,46,11,0,300,1,5
3536,10,111,11,1,3,1,15,28,0,300,1,5
3537,9,494,10,2,3,3,1,16,60,180,3,5
3538,5,511,6,1,3,1,22,73,60,180,1,5
3539,11,367,11,2,3,2,31,83,420,540,4,5
3540,5,427,7,1,3,1,37,5,180,300,4,5
3541,12,310,13,1,3,1,24,71,60,180,3,5
3542,6,75,7,1,3,3,88,7,0,300,1,5
3543,14,584,16,1,3,3,52,53,60,180,2,5
3544,1,262,1,2,3,1,12,52,420,540,1,5
3545,13,354,13,2,3,2,61,47,420,540,4,5
3546,2,515,3,1,3,3,95,89,180,300,2,5
3547,3,223,4,1,3,2,40,57,60,180,4,5
3548,12,99,12,1,3,2,79,25,180,300,2,5
3549,7,158,8,2,3,1,32,82,300,420,2,5
3550,11,149,11,2,3,3,52,0,300,600,4,5
3551,3,374,3,2,3,3,48,13,420,540,2,5
3552,12,275,13,1,3,2,37,74,180,300,1,5
3553,12,139,12,2,3,2,29,94,180,300,1,5
3554,1,313,2,1,3,3,75,41,180,300,3,5
3555,7,376,7,2,3,3,62,17,420,540,4,5
3556,3,418,5,1,3,1,72,23,0,300,1,5
3557,5,600,7,1,3,1,74,74,180,300,3,5
3558,4,428,6,1,3,1,83,94,60,180,2,5
3559,10,543,11,1,3,2,28,8,180,300,4,5
3560,12,58,12,2,3,1,6,45,0,300,3,5
3561,11,58,12,1,3,2,72,24,60,180,4,5
3562,6,79,6,2,3,3,43,12,300,600,3,5
3563,12,580,13,2,3,3,79,60,420,540,3,5
3564,9,375,9,2,3,2,22,100,420,540,3,5
3565,12,530,13,1,3,3,47,11,60,180,2,5
3566,12,335,14,1,3,2,9,65,60,180,4,5
3567,13,162,13,1,3,2,12,65,180,300,2,5
3568,10,245,10,2,3,3,32,47,300,600,3,5
3569,9,431,11,2,3,1,59,27,60,180,1,5
3570,5,101,6,2,3,1,80,53,180,300,2,5
3571,11,191,11,2,3,3,18,65,300,600,4,5
3572,2,448,3,1,3,2,7,1,60,180,4,5
3573,1,246,2,1,3,3,77,88,0,300,2,5
3574,8,0,9,1,3,3,48,77,180,300,3,5
3575,5,458,7,1,3,2,28,45,0,300,1,5
3576,6,381,8,1,3,2,10,28,180,300,3,5
3577,9,483,11,1,3,1,12,49,0,300,2,5
3578,6,250,6,2,3,3,43,23,420,540,1,5
3579,11,50,11,1,3,1,6,97,60,180,4,5
3580,5,28,6,2,3,3,83,46,0,300,3,5
3581,10,119,11,1,3,3,17,89,0,300,4,5
3582,1,388,1,2,3,2,29,34,420,540,1,5
3583,8,442,10,2,3,1,64,58,420,540,1,5
3584,11,112,11,2,3,2,25,29,180,300,2,5
3585,3,178,3,1,3,1,23,10,180,300,3,5
3586,9,517,10,2,3,3,83,45,180,300,2,5
3587,11,166,11,1,3,2,0,11,180,300,4,5
3588,13,432,14,1,3,1,26,20,0,300,3,5
3589,2,458,4,1,3,2,28,76,0,300,1,5
3590,13,517,14,1,3,3,5,16,180,300,1,5
3591,14,356,15,1,3,2,2,43,0,300,1,5
3592,4,347,4,2,3,3,59,47,420,540,1,5
3593,14,599,15,1,3,2,50,84,60,180,1,5
3594,6,139,6,2,3,3,95,60,180,300,4,5
3595,13,96,13,2,3,2,72,6,180,300,4,5
3596,7,406,7,2,3,2,36,73,420,540,2,5
3597,3,65,4,1,3,2,71,80,60,180,1,5
3598,14,217,16,2,3,2,18,9,300,420,2,5
3599,11,376,12,1,3,3,59,40,180,300,1,5
3600,11,265,11,2,3,1,93,80,300,420,4,5
3601,10,589,12,1,3,2,7,66,0,300,3,5
3602,10,35,10,1,3,1,1,54,60,180,2,5
3603,12,185,12,2,3,3,34,63,420,540,1,5
3604,12,272,13,2,3,1,67,37,60,180,4,5
3605,7,541,8,1,3,2,1,13,180,300,1,5
3606,9,247,9,2,3,2,0,45,300,600,3,5
3607,14,393,16,2,3,3,77,76,420,540,4,5
3608,13,370,14,2,3,1,94,5,300,600,1,5
3609,3,62,3,2,3,1,93,90,420,540,4,5
3610,4,184,4,2,3,1,85,98,420,540,1,5
3611,11,460,12,1,3,1,36,36,180,300,4,5
3612,14,25,15,1,3,3,94,97,180,300,1,5
3613,14,366,14,2,3,2,75,0,420,540,4,5
3614,2,367,3,2,3,3,23,64,60,180,1,5
3615,9,199,9,2,3,2,67,39,300,420,1,5
3616,5,341,6,1,3,3,100,10,180,300,1,5
3617,8,334,8,2,3,1,92,12,420,540,2,5
3618,11,564,13,1,3,2,25,63,60,180,4,5
3619,11,390,11,2,3,3,53,99,420,540,1,5
3620,4,581,6,1,3,2,12,9,180,300,3,5
3621,11,283,13,1,3,3,84,13,60,180,4,5
3622,8,178,9,1,3,1,47,63,0,300,4,5
3623,8,200,8,2,3,1,25,51,300,600,3,5
3624,1,477,3,1,3,3,23,59,0,300,4,5
3625,9,178,10,2,3,1,36,52,0,300,3,5
3626,9,488,11,1,3,2,1,86,60,180,4,5
3627,3,532,5,1,3,3,88,35,60,180,1,5
3628,9,9,10,1,3,2,55,49,60,180,4,5
3629,7,203,7,2,3,3,61,90,300,420,3,5
3630,9,436,10,1,3,3,5,48,0,300,2,5
3631,1,344,2,2,3,2,94,46,420,540,2,5
3632,1,424,3,1,3,3,13,12,60,180,4,5
3633,11,177,11,1,3,1,0,92,180,300,4,5
3634,1,286,1,2,3,1,83,4,300,420,1,5
3635,8,21,9,2,3,1,77,63,180,300,2,5
3636,9,140,10,1,3,2,51,6,180,300,3,5
3637,9,501,10,1,3,2,87,31,0,300,3,5
3638,3,570,5,1,3,3,48,43,0,300,2,5
3639,8,131,9,2,3,2,65,34,420,540,1,5
3640,12,480,13,2,3,3,87,21,0,300,1,5
3641,12,316,13,1,3,2,15,93,180,300,3,5
3642,5,160,5,1,3,3,35,47,180,300,4,5
3643,1,13,1,1,3,1,11,37,60,180,1,5
3644,2,34,2,1,3,1,83,8,60,180,2,5
3645,7,75,7,1,3,3,68,76,180,300,3,5
3646,4,487,6,2,3,1,62,86,180,300,3,5
3647,1,47,1,2,3,2,29,67,0,300,2,5
3648,9,347,10,1,3,2,41,67,180,300,2,5
3649,14,338,14,2,3,2,97,7,420,540,2,5
3650,2,120,2,2,3,2,36,17,180,300,4,5
3651,10,402,10,2,3,1,53,51,420,540,2,5
3652,5,598,7,2,3,2,26,19,300,420,2,5
3653,10,89,10,2,3,3,96,16,300,600,3,5
3654,9,485,11,1,3,2,69,82,180,300,4,5
3655,6,237,6,2,3,1,51,0,300,600,2,5
3656,11,267,11,2,3,2,68,99,300,600,2,5
3657,4,493,6,1,3,2,74,96,60,180,3,5
3658,9,590,10,1,3,1,12,15,60,180,3,5
3659,14,205,14,2,3,2,9,39,300,420,3,5
3660,1,177,1,1,3,1,6,79,180,300,1,5
3661,10,53,10,2,3,1,96,53,300,420,3,5
3662,2,225,2,2,3,3,6,38,300,600,1,5
3663,12,326,12,2,3,3,1,82,420,540,1,5
3664,12,492,14,2,3,3,10,37,180,300,1,5
3665,11,3,12,2,3,3,51,16,180,300,4,5
3666,8,421,9,1,3,2,98,49,0,300,2,5
3667,11,363,11,2,3,1,68,12,420,540,4,5
3668,11,401,12,1,3,3,12,23,180,300,2,5
3669,6,405,6,2,3,2,83,9,420,540,3,5
3670,1,12,1,1,3,1,60,70,60,180,4,5
3671,6,294,7,1,3,3,90,80,0,300,2,5
3672,13,194,13,2,3,2,86,24,300,420,2,5
3673,14,21,16,1,3,1,93,41,0,300,2,5
3674,12,409,12,2,3,2,28,97,420,540,3,5
3675,7,594,9,2,3,2,59,48,420,540,2,5
3676,7,391,7,2,3,3,28,38,420,540,4,5
3677,5,454,6,1,3,3,86,9,0,300,1,5
3678,8,317,9,1,3,2,77,1,180,300,3,5
3679,7,390,7,2,3,2,59,77,420,540,2,5
3680,2,11,3,2,3,2,57,17,60,180,2,5
3681,7,560,9,2,3,1,33,12,60,180,4,5
3682,10,174,12,1,3,2,96,16,180,300,2,5
3683,1,378,1,2,3,2,66,58,420,540,4,5
3684,2,26,2,1,3,3,43,76,60,180,4,5
3685,6,416,8,1,3,1,32,72,180,300,3,5
3686,11,21,12,1,3,2,29,66,180,300,4,5
3687,12,600,14,1,3,3,66,22,180,300,2,5
3688,2,158,2,2,3,3,78,28,180,300,4,5
3689,11,199,12,2,3,1,59,19,60,180,2,5
3690,5,517,6,1,3,1,50,63,60,180,2,5
3691,12,49,12,1,3,3,81,71,60,180,2,5
3692,6,559,7,1,3,3,28,78,0,300,1,5
3693,11,449,13,1,3,2,39,81,60,180,2,5
3694,2,103,3,2,3,2,14,0,0,300,2,5
3695,7,390,7,2,3,2,33,48,420,540,4,5
3696,7,8,8,2,3,1,77,88,300,420,2,5
3697,12,559,13,1,3,1,38,29,0,300,4,5
3698,8,447,10,2,3,1,76,35,0,300,3,5
3699,12,33,12,2,3,2,9,4,420,540,1,5
3700,14,443,16,1,3,3,28,62,0,300,4,5
3701,13,551,14,2,3,2,89,29,180,300,3,5
3702,11,423,13,2,3,3,72,44,0,300,3,5
3703,10,554,12,1,3,1,39,33,60,180,1,5
3704,11,580,13,2,3,3,23,94,420,540,3,5
3705,10,275,11,1,3,3,81,89,0,300,4,5
3706,11,146,11,1,3,2,6,13,180,300,1,5
3707,10,383,11,2,3,2,51,87,60,180,1,5
3708,7,553,8,1,3,1,93,100,0,300,2,5
3709,1,323,1,2,3,3,47,50,420,540,1,5
3710,3,15,3,1,3,3,30,77,60,180,3,5
3711,8,288,8,2,3,2,31,93,300,600,2,5
3712,6,569,8,2,3,3,7,27,180,300,2,5
3713,13,411,13,2,3,3,13,73,420,540,1,5
3714,9,599,11,1,3,1,99,52,60,180,3,5
3715,13,417,13,2,3,1,51,88,420,540,3,5
3716,5,297,5,2,3,1,57,56,300,600,1,5
3717,6,305,6,2,3,2,27,2,420,540,4,5
3718,8,45,8,2,3,3,34,18,420,540,4,5
3719,14,414,14,2,3,1,36,0,420,540,3,5
3720,9,204,9,2,3,3,83,46,300,420,1,5
3721,1,407,2,1,3,3,11,87,180,300,1,5
3722,14,219,14,2,3,3,33,39,420,540,4,5
3723,1,312,1,2,3,2,93,47,420,540,1,5
3724,4,598,6,1,3,1,97,19,0,300,2,5
3725,11,264,11,2,3,2,62,57,300,420,2,5
3726,11,430,12,1,3,3,53,68,60,180,3,5
3727,9,0,9,2,3,2,74,31,60,180,4,5
3728,7,56,7,2,3,1,97,36,420,540,3,5
3729,13,71,14,1,3,2,64,67,0,300,3,5
3730,13,518,14,1,3,3,21,65,60,180,1,5
3731,5,561,6,1,3,1,58,48,0,300,4,5
3732,12,554,13,1,3,2,86,87,60,180,3,5
3733,14,270,14,2,3,1,98,43,420,540,4,5
3734,9,354,9,2,3,3,49,28,420,540,4,5
3735,8,21,9,1,3,1,97,37,0,300,2,5
3736,11,53,11,1,3,3,49,50,60,180,2,5
3737,5,17,6,1,3,1,96,58,0,300,3,5
3738,2,55,3,1,3,2,6,8,60,180,3,5
3739,4,254,5,1,3,2,70,63,180,300,4,5
3740,14,595,16,1,3,3,65,50,60,180,1,5
3741,5,207,6,2,3,1,70,95,300,420,2,5
3742,11,565,13,1,3,2,79,28,60,180,3,5
3743,7,241,7,2,3,3,53,83,420,540,2,5
3744,10,402,12,1,3,2,48,5,0,300,3,5
3745,6,249,7,1,3,3,83,52,0,300,2,5
3746,11,210,11,2,3,3,8,24,420,540,2,5
3747,3,52,4,2,3,3,70,89,420,540,3,5
3748,4,369,4,2,3,3,62,56,420,540,1,5
3749,12,25,12,1,3,2,14,4,60,180,1,5
3750,13,181,13,2,3,3,63,25,300,420,2,5
3751,12,113,13,1,3,2,0,67,60,180,3,5
3752,9,557,10,1,3,2,64,19,180,300,1,5
3753,14,43,16,1,3,1,59,91,60,180,2,5
3754,6,400,6,2,3,1,11,85,420,540,3,5
3755,1,281,1,2,3,1,31,53,300,600,3,5
3756,5,493,7,1,3,2,99,89,60,180,3,5
3757,2,491,4,1,3,3,19,47,180,300,2,5
3758,10,177,11,1,3,1,3,41,0,300,3,5
3759,8,166,9,1,3,3,67,60,180,300,1,5
3760,5,584,6,2,3,3,46,93,180,300,2,5
3761,10,404,10,2,3,1,78,80,420,540,3,5
3762,7,287,8,1,3,1,80,24,180,300,2,5
3763,5,301,6,1,3,3,30,57,60,180,4,5
3764,3,529,5,1,3,3,57,81,0,300,4,5
3765,12,491,13,2,3,1,56,34,420,540,1,5
3766,14,504,15,1,3,1,32,46,0,300,3,5
3767,3,576,4,1,3,2,6,25,0,300,2,5
3768,13,406,13,2,3,3,26,4,420,540,1,5
3769,3,269,3,2,3,3,35,89,300,420,1,5
3770,12,367,13,2,3,3,89,12,0,300,2,5
3771,5,379,5,2,3,1,1,60,420,540,4,5
3772,5,590,7,2,3,3,1,75,420,540,1,5
3773,9,559,11,2,3,3,85,92,420,540,4,5
3774,7,492,9,1,3,2,67,22,180,300,2,5
3775,6,467,7,1,3,1,32,45,180,300,2,5
3776,10,180,10,2,3,2,96,49,420,540,4,5
3777,10,422,11,2,3,2,98,38,180,300,1,5
3778,6,501,7,1,3,2,96,11,180,300,3,5
3779,3,205,3,2,3,3,62,89,300,600,3,5
3780,4,212,5,1,3,1,9,17,0,300,2,5
3781,6,20,7,2,3,2,56,12,420,540,4,5
3782,12,379,13,1,3,3,54,85,60,180,4,5
3783,13,446,15,1,3,2,37,63,60,180,4,5
3784,7,37,8,1,3,3,89,82,180,300,1,5
3785,11,438,13,2,3,2,38,90,60,180,2,5
3786,5,584,6,2,3,2,56,75,420,540,2,5
3787,10,594,11,2,3,3,72,72,420,540,1,5
3788,2,312,2,2,3,1,41,86,420,540,1,5
3789,14,414,14,2,3,1,94,64,420,540,1,5
3790,6,447,7,1,3,2,59,93,60,180,4,5
3791,10,363,10,2,3,2,25,51,420,540,3,5
3792,9,59,9,2,3,3,92,8,0,300,4,5
3793,5,26,5,1,3,3,58,91,60,180,1,5
3794,12,233,13,2,3,1,59,74,420,540,3,5
3795,8,456,9,1,3,2,76,37,180,300,3,5
3796,10,214,10,2,3,1,50,66,420,540,2,5
3797,14,159,15,1,3,3,1,3,0,300,2,5
3798,7,428,8,2,3,2,58,10,60,180,4,5
3799,10,231,11,2,3,1,86,77,180,300,1,5
3800,7,528,9,1,3,3,70,89,180,300,1,5
3801,1,321,1,2,3,1,92,64,420,540,1,5
3802,14,159,14,1,3,2,9,97,180,300,4,5
3803,4,185,4,2,3,1,12,99,300,600,2,5
3804,2,385,2,2,3,2,52,58,420,540,3,5
3805,8,75,9,2,3,3,45,5,0,300,4,5
3806,4,255,5,1,3,3,1,89,0,300,3,5
3807,4,222,4,2,3,3,19,1,300,600,2,5
3808,14,102,15,1,3,3,63,12,60,180,1,5
3809,14,358,15,1,3,3,81,17,60,180,2,5
3810,8,105,9,1,3,3,67,34,60,180,1,5
3811,9,51,10,2,3,3,96,37,180,300,4,5
3812,9,373,10,1,3,1,81,74,0,300,1,5
3813,5,131,6,1,3,2,91,4,180,300,1,5
3814,11,83,12,1,3,2,70,98,0,300,4,5
3815,2,51,2,2,3,2,52,52,420,540,2,5
3816,7,454,8,2,3,1,92,65,420,540,4,5
3817,13,335,13,2,3,3,55,56,420,540,1,5
3818,1,561,3,1,3,3,70,65,180,300,1,5
3819,14,368,15,1,3,1,99,0,180,300,2,5
3820,7,305,7,2,3,2,17,93,420,540,1,5
3821,12,261,13,2,3,1,15,52,420,540,4,5
3822,6,258,6,2,3,1,99,85,420,540,3,5
3823,6,308,7,2,3,3,57,47,180,300,3,5
3824,9,406,10,1,3,1,68,67,0,300,4,5
3825,9,589,11,1,3,1,91,23,0,300,4,5
3826,6,354,7,1,3,1,50,42,0,300,3,5
3827,10,45,10,2,3,2,86,35,420,540,4,5
3828,11,534,13,1,3,2,27,59,180,300,2,5
3829,5,578,6,1,3,2,100,25,180,300,4,5
3830,9,203,9,2,3,2,71,84,420,540,3,5
3831,9,208,9,2,3,2,31,1,300,600,4,5
3832,11,461,13,1,3,1,82,27,0,300,1,5
3833,11,316,11,2,3,1,51,37,420,540,1,5
3834,6,173,6,1,3,3,27,87,180,300,3,5
3835,6,93,6,1,3,2,57,98,180,300,2,5
3836,11,532,12,2,3,3,88,26,420,540,1,5
3837,1,317,1,2,3,1,30,84,420,540,4,5
3838,8,274,8,2,3,1,28,77,300,600,1,5
3839,7,430,9,1,3,3,74,80,180,300,3,5
3840,13,370,13,2,3,2,88,57,420,540,4,5
3841,4,24,5,1,3,3,4,2,180,300,4,5
3842,2,394,2,2,3,1,41,27,420,540,3,5
3843,8,94,8,1,3,1,2,64,180,300,1,5
3844,2,453,4,1,3,1,60,90,60,180,3,5
3845,10,455,11,1,3,2,79,86,60,180,2,5
3846,3,14,4,1,3,3,29,24,60,180,4,5
3847,4,23,4,1,3,3,75,76,60,180,3,5
3848,5,54,6,1,3,3,76,58,180,300,1,5
3849,11,218,12,2,3,3,27,24,420,540,4,5
3850,6,241,7,2,3,3,7,45,0,300,3,5
3851,4,593,6,2,3,1,49,39,0,300,4,5
3852,13,319,14,1,3,3,6,53,60,180,1,5
3853,4,429,6,2,3,1,39,42,420,540,1,5
3854,5,147,6,1,3,1,65,66,0,300,3,5
3855,10,188,10,2,3,1,99,33,420,540,4,5
3856,13,450,15,1,3,1,92,50,0,300,2,5
3857,12,365,13,2,3,2,53,1,60,180,4,5
3858,2,324,2,2,3,3,42,73,420,540,4,5
3859,11,565,13,1,3,1,60,25,0,300,4,5
3860,13,531,14,1,3,3,78,98,60,180,4,5
3861,4,76,4,1,3,3,34,72,180,300,1,5
3862,11,375,11,2,3,2,70,7,420,540,3,5
3863,8,413,9,2,3,3,88,30,0,300,1,5
3864,7,159,8,1,3,1,89,34,0,300,2,5
3865,12,598,14,1,3,3,83,6,180,300,2,5
3866,2,15,2,1,3,2,12,33,60,180,4,5
3867,3,380,3,2,3,1,5,0,420,540,2,5
3868,4,412,4,2,3,3,15,80,420,540,4,5
3869,3,458,5,2,3,3,42,13,60,180,2,5
3870,14,305,14,2,3,1,49,85,420,540,2,5
3871,14,521,15,1,3,1,31,67,0,300,2,5
3872,14,50,15,2,3,1,17,17,300,600,4,5
3873,5,210,6,1,3,2,79,69,60,180,2,5
3874,13,581,14,1,3,1,72,5,180,300,4,5
3875,8,316,9,2,3,3,95,44,300,600,3,5
3876,14,228,15,1,3,2,54,26,0,300,2,5
3877,6,111,6,1,3,2,63,87,180,300,2,5
3878,11,513,12,1,3,2,10,11,180,300,2,5
3879,10,190,10,2,3,3,19,34,420,540,4,5
3880,12,523,13,2,3,2,83,7,180,300,2,5
3881,10,85,11,1,3,3,17,22,0,300,4,5
3882,1,55,2,2,3,1,6,77,60,180,1,5
3883,10,346,11,1,3,3,5,79,60,180,4,5
3884,5,216,5,2,3,3,10,29,420,540,2,5
3885,1,549,3,2,3,3,66,38,60,180,4,5
3886,7,238,8,1,3,3,10,47,0,300,1,5
3887,5,341,5,2,3,3,9,47,420,540,4,5
3888,2,93,2,1,3,1,5,73,180,300,3,5
3889,10,591,11,1,3,2,50,28,180,300,3,5
3890,7,427,8,1,3,3,6,98,180,300,2,5
3891,13,147,15,1,3,3,53,40,180,300,1,5
3892,14,404,14,2,3,2,36,37,420,540,2,5
3893,11,526,13,1,3,3,14,98,180,300,2,5
3894,14,508,16,2,3,3,37,56,420,540,2,5
3895,12,0,12,1,3,1,59,62,60,180,4,5
3896,2,314,3,1,3,2,83,23,60,180,2,5
3897,14,285,15,2,3,2,49,3,60,180,3,5
3898,7,67,8,1,3,2,1,74,60,180,4,5
3899,14,456,15,2,3,2,81,50,420,540,4,5
3900,3,564,5,1,3,3,36,93,180,300,1,5
3901,12,92,12,1,3,1,81,35,180,300,1,5
3902,1,497,3,1,3,2,36,68,60,180,3,5
3903,8,198,8,2,3,3,31,87,420,540,3,5
3904,14,425,15,2,3,2,79,7,0,300,4,5
3905,14,433,15,1,3,3,49,72,180,300,2,5
3906,10,373,10,2,3,3,59,67,420,540,4,5
3907,3,305,3,2,3,3,93,70,420,540,2,5
3908,6,141,6,1,3,3,93,20,180,300,2,5
3909,12,89,13,2,3,1,50,10,60,180,1,5
3910,6,543,8,2,3,3,10,18,300,600,4,5
3911,3,417,4,2,3,2,28,69,0,300,1,5
3912,1,555,2,2,3,2,26,91,180,300,1,5
3913,3,552,4,1,3,2,65,64,0,300,3,5
3914,10,388,11,2,3,2,21,18,420,540,3,5
3915,9,114,9,2,3,2,89,24,420,540,3,5
3916,3,74,3,2,3,3,61,70,420,540,3,5
3917,13,243,13,2,3,2,69,60,300,600,2,5
3918,13,536,14,1,3,3,24,78,180,300,2,5
3919,1,401,1,2,3,2,21,42,420,540,4,5
3920,5,34,6,1,3,2,22,7,60,180,4,5
3921,3,159,3,2,3,1,100,27,300,600,2,5
3922,2,310,3,1,3,3,95,13,0,300,3,5
3923,8,234,8,2,3,3,23,69,420,540,1,5
3924,8,4,10,1,3,2,70,1,60,180,3,5
3925,3,24,4,1,3,2,8,30,60,180,2,5
3926,5,225,6,2,3,2,3,27,180,300,3,5
3927,11,367,11,2,3,3,28,64,420,540,1,5
3928,9,360,10,1,3,1,0,33,0,300,2,5
3929,1,168,2,1,3,2,84,68,180,300,4,5
3930,10,379,11,2,3,1,45,54,180,300,4,5
3931,10,165,11,1,3,3,31,1,0,300,2,5
3932,11,144,12,2,3,1,69,94,300,600,1,5
3933,7,203,7,2,3,1,75,4,300,600,4,5
3934,11,195,12,1,3,1,0,44,0,300,3,5
3935,5,23,6,2,3,3,44,96,300,420,3,5
3936,8,355,9,1,3,2,9,6,180,300,3,5
3937,1,186,1,2,3,2,92,68,300,420,4,5
3938,10,221,10,2,3,1,33,54,300,420,4,5
3939,7,511,8,2,3,1,46,86,180,300,3,5
3940,5,52,5,2,3,1,30,13,180,300,1,5
3941,5,79,5,1,3,2,54,100,180,300,2,5
3942,6,144,6,1,3,3,16,15,180,300,1,5
3943,3,92,4,1,3,2,7,75,60,180,1,5
3944,4,433,6,1,3,2,19,30,60,180,1,5
3945,1,587,3,1,3,1,51,16,0,300,4,5
3946,8,354,8,2,3,1,9,5,420,540,1,5
3947,4,560,5,1,3,2,16,25,60,180,2,5
3948,7,198,7,2,3,3,76,28,300,420,1,5
3949,1,65,2,2,3,3,37,37,420,540,1,5
3950,14,301,15,1,3,3,38,35,60,180,4,5
3951,14,88,16,1,3,1,64,34,60,180,1,5
3952,4,334,4,2,3,2,5,27,420,540,3,5
3953,9,557,10,1,3,1,56,58,180,300,3,5
3954,14,286,15,1,3,2,76,8,60,180,3,5
3955,12,362,12,2,3,2,21,9,420,540,1,5
3956,13,98,14,1,3,1,89,14,60,180,3,5
3957,4,357,4,2,3,1,90,29,420,540,1,5
3958,11,537,13,1,3,2,0,33,60,180,3,5
3959,12,520,14,1,3,3,81,52,180,300,3,5
3960,14,357,16,1,3,3,23,15,60,180,2,5
3961,2,343,4,1,3,2,8,27,60,180,4,5
3962,5,560,7,1,3,3,18,9,180,300,2,5
3963,7,202,7,2,3,1,55,14,420,540,2,5
3964,14,436,16,1,3,2,76,54,60,180,3,5
3965,4,283,4,2,3,2,40,91,300,600,3,5
3966,11,202,11,2,3,2,9,71,300,600,3,5
3967,1,208,1,2,3,2,75,12,420,540,4,5
3968,13,60,14,1,3,3,37,27,60,180,1,5
3969,8,514,10,2,3,3,64,12,300,600,4,5
3970,5,321,5,2,3,2,41,16,420,540,1,5
3971,3,48,4,1,3,2,16,36,0,300,1,5
3972,8,154,8,1,3,2,76,31,180,300,4,5
3973,14,208,14,2,3,3,94,89,300,420,1,5
3974,7,103,7,1,3,3,59,64,180,300,4,5
3975,7,510,8,1,3,2,68,19,60,180,1,5
3976,9,236,9,2,3,1,76,16,300,420,4,5
3977,7,190,7,2,3,1,83,61,420,540,1,5
3978,12,361,13,2,3,1,47,74,300,420,3,5
3979,8,24,8,2,3,2,83,27,300,420,2,5
3980,14,596,15,1,3,3,68,67,0,300,2,5
3981,5,581,6,1,3,1,41,7,180,300,4,5
3982,14,13,14,1,3,2,37,47,60,180,2,5
3983,5,348,7,2,3,1,93,11,60,180,4,5
3984,4,528,5,2,3,2,57,54,0,300,1,5
3985,12,26,12,1,3,3,9,69,60,180,4,5
3986,5,300,5,2,3,2,43,70,300,600,3,5
3987,12,431,14,2,3,2,59,5,300,420,4,5
3988,2,46,2,1,3,1,46,69,60,180,3,5
3989,13,516,14,1,3,3,51,10,60,180,2,5
3990,7,372,7,2,3,3,71,60,420,540,1,5
3991,7,380,8,1,3,1,42,94,180,300,2,5
3992,9,386,10,2,3,2,44,85,420,540,3,5
3993,14,323,14,2,3,1,81,35,420,540,2,5
3994,1,93,1,2,3,2,81,8,420,540,3,5
3995,13,536,14,1,3,3,14,45,60,180,1,5
3996,3,334,3,2,3,3,61,75,420,540,2,5
3997,7,160,7,2,3,1,86,64,180,300,3,5
3998,12,316,12,2,3,1,0,68,420,540,4,5
3999,3,527,4,1,3,2,25,6,60,180,3,5
4000,1,38,1,1,3,2,17,12,60,180,2,5
4001,1,144,3,1,3,2,20,84,180,300,3,5
4002,7,569,8,1,3,3,71,14,0,300,1,5
4003,3,597,5,1,3,3,93,74,0,300,2,5
4004,4,237,4,2,3,3,33,10,420,540,1,5
4005,2,149,3,2,3,1,77,60,300,420,2,5
4006,13,142,14,1,3,2,51,27,180,300,3,5
4007,8,235,8,2,3,1,49,37,300,420,3,5
4008,11,587,13,1,3,2,41,82,0,300,4,5
4009,4,255,4,2,3,2,35,40,420,540,3,5
4010,1,394,3,2,3,1,36,69,0,300,1,5
4011,7,460,9,1,3,3,13,96,60,180,3,5
4012,10,478,12,1,3,3,11,33,60,180,4,5
4013,3,502,5,2,3,3,55,31,180,300,2,5
4014,2,397,3,1,3,3,59,36,180,300,3,5
4015,6,362,7,2,3,3,88,100,60,180,2,5
4016,4,333,5,2,3,2,71,54,420,540,4,5
4017,3,201,3,2,3,2,63,84,420,540,2,5
4018,6,310,7,2,3,2,95,92,420,540,1,5
4019,6,596,7,1,3,1,88,67,180,300,4,5
4020,7,324,7,2,3,1,6,83,420,540,3,5
4021,6,466,7,2,3,2,39,40,60,180,4,5
4022,13,40,13,1,3,2,20,25,60,180,1,5
4023,13,262,13,2,3,3,11,94,420,540,1,5
4024,6,410,6,2,3,1,22,45,420,540,1,5
4025,8,282,8,2,3,1,22,34,420,540,1,5
4026,10,456,11,1,3,2,15,1,0,300,3,5
4027,13,179,14,2,3,1,53,99,180,300,3,5
4028,3,229,4,2,3,2,6,72,300,420,3,5
4029,2,77,3,1,3,3,65,57,0,300,2,5
4030,9,96,10,1,3,1,21,32,0,300,3,5
4031,14,522,16,1,3,3,63,95,0,300,2,5
4032,13,367,14,1,3,1,48,34,0,300,4,5
4033,9,492,10,2,3,1,51,3,0,300,3,5
4034,13,75,14,1,3,3,22,36,60,180,2,5
4035,7,320,7,2,3,2,86,18,420,540,3,5
4036,5,587,7,1,3,3,1,33,60,180,2,5
4037,1,59,1,1,3,1,6,16,60,180,3,5
4038,5,477,6,1,3,3,97,12,60,180,3,5
4039,6,521,7,2,3,1,2,3,420,540,3,5
4040,7,29,8,1,3,1,75,84,0,300,1,5
4041,5,354,5,2,3,2,100,50,420,540,2,5
4042,13,338,14,1,3,2,97,82,180,300,4,5
4043,3,326,3,2,3,2,74,23,420,540,4,5
4044,9,473,11,1,3,2,97,7,0,300,3,5
4045,1,161,2,1,3,1,93,82,60,180,4,5
4046,6,282,6,2,3,3,39,84,300,420,4,5
4047,8,281,9,1,3,1,12,40,180,300,1,5
4048,8,575,9,1,3,2,84,66,0,300,3,5
4049,3,75,3,1,3,1,9,86,180,300,4,5
4050,12,458,13,1,3,1,27,85,0,300,4,5
4051,11,120,11,1,3,2,90,92,180,300,1,5
4052,2,66,2,1,3,3,46,68,180,300,4,5
4053,4,248,5,1,3,3,54,99,60,180,4,5
4054,12,79,13,1,3,2,95,34,180,300,4,5
4055,11,538,12,2,3,3,100,6,300,420,3,5
4056,14,262,14,2,3,2,14,80,300,420,4,5
4057,12,565,13,2,3,3,28,85,180,300,2,5
4058,3,502,5,1,3,1,22,35,0,300,1,5
4059,2,202,2,2,3,1,5,39,300,420,1,5
4060,14,492,15,1,3,1,60,49,180,300,1,5
4061,11,26,12,1,3,2,32,86,60,180,4,5
4062,14,368,15,1,3,1,4,1,0,300,3,5
4063,7,337,8,2,3,2,39,26,60,180,4,5
4064,8,339,9,1,3,2,16,30,180,300,4,5
4065,13,330,14,2,3,1,77,99,0,300,1,5
4066,11,40,12,1,3,1,69,34,60,180,2,5
4067,2,138,2,1,3,3,93,22,180,300,2,5
4068,13,208,13,2,3,3,66,45,300,420,3,5
4069,7,482,9,2,3,1,1,48,60,180,1,5
4070,8,538,10,2,3,3,95,44,300,600,1,5
4071,5,349,6,2,3,3,75,28,300,420,3,5
4072,7,79,8,1,3,1,61,74,180,300,2,5
4073,7,385,8,2,3,1,62,80,0,300,4,5
4074,6,464,7,2,3,1,7,7,0,300,3,5
4075,14,186,15,1,3,3,28,11,180,300,1,5
4076,5,7,5,1,3,1,38,41,60,180,3,5
4077,6,454,8,2,3,2,30,100,300,420,4,5
4078,8,415,8,2,3,3,82,63,420,540,3,5
4079,2,226,2,2,3,3,1,74,300,600,1,5
4080,13,208,14,2,3,3,41,33,0,300,4,5
4081,10,248,11,1,3,3,44,18,180,300,2,5
4082,13,303,14,1,3,2,83,34,180,300,2,5
4083,6,411,6,2,3,3,10,71,420,540,3,5
4084,9,119,10,1,3,1,73,24,180,300,2,5
4085,11,114,11,2,3,3,0,19,180,300,1,5
4086,4,409,4,2,3,3,26,96,420,540,4,5
4087,14,237,14,2,3,2,15,51,420,540,1,5
4088,5,123,7,1,3,1,59,14,60,180,3,5
4089,13,394,13,2,3,3,30,71,420,540,1,5
4090,12,131,13,1,3,3,6,61,0,300,3,5
4091,1,575,3,2,3,2,57,17,180,300,2,5
4092,9,336,9,2,3,1,75,40,420,540,1,5
4093,13,439,14,1,3,2,82,46,0,300,3,5
4094,2,591,4,2,3,3,4,52,300,600,1,5
4095,2,519,4,1,3,1,65,19,60,180,1,5
4096,1,35,1,1,3,2,69,55,60,180,1,5
4097,5,138,6,1,3,3,74,66,180,300,2,5
4098,5,50,6,1,3,3,6,100,180,300,3,5
4099,8,434,10,1,3,1,88,99,0,300,1,5
4100,6,305,6,2,3,3,71,27,420,540,2,5
4101,7,142,7,2,3,1,17,76,300,600,1,5
4102,12,492,13,2,3,1,26,83,300,420,3,5
4103,8,598,9,1,3,1,21,11,180,300,2,5
4104,11,77,13,1,3,1,89,31,60,180,2,5
4105,2,175,3,1,3,2,26,22,0,300,1,5
4106,14,320,14,2,3,3,94,17,420,540,2,5
4107,1,480,3,1,3,1,22,64,60,180,4,5
4108,9,281,10,2,3,3,5,51,300,600,3,5
4109,7,479,8,1,3,3,41,47,180,300,1,5
4110,12,562,13,1,3,3,52,35,180,300,4,5
4111,5,531,6,1,3,2,1,14,0,300,3,5
4112,7,253,8,1,3,2,96,97,0,300,3,5
4113,12,110,12,2,3,3,87,21,420,540,2,5
4114,3,302,3,2,3,3,94,12,420,540,3,5
4115,7,155,8,1,3,1,62,76,0,300,4,5
4116,2,254,3,1,3,2,55,79,0,300,4,5
4117,12,312,12,2,3,3,63,68,420,540,3,5
4118,14,570,15,2,3,1,20,89,180,300,1,5
4119,5,317,5,2,3,1,13,90,420,540,1,5
4120,9,387,10,1,3,3,38,96,60,180,4,5
4121,7,143,7,1,3,2,76,90,180,300,4,5
4122,8,207,8,2,3,2,59,89,300,600,4,5
4123,13,100,14,2,3,2,40,51,300,600,1,5
4124,1,316,1,2,3,3,84,40,420,540,3,5
4125,14,413,16,2,3,2,9,36,60,180,2,5
4126,6,589,7,2,3,3,68,99,300,420,2,5
4127,12,178,14,1,3,1,36,12,60,180,1,5
4128,14,583,16,2,3,2,70,39,0,300,4,5
4129,5,259,5,2,3,3,3,63,300,420,1,5
4130,1,118,1,1,3,1,11,28,180,300,2,5
4131,12,20,12,1,3,2,53,32,60,180,1,5
4132,9,140,9,1,3,1,1,54,180,300,4,5
4133,10,138,10,1,3,2,75,25,180,300,2,5
4134,12,166,13,1,3,1,46,72,180,300,2,5
4135,7,571,9,1,3,2,68,10,0,300,1,5
4136,8,86,8,2,3,3,42,83,420,540,2,5
4137,2,60,2,1,3,1,23,21,180,300,4,5
4138,3,320,3,2,3,3,14,34,420,540,3,5
4139,8,139,8,1,3,2,42,33,180,300,1,5
4140,10,327,10,2,3,3,77,18,420,540,1,5
4141,11,220,12,1,3,1,93,33,180,300,4,5
4142,6,355,6,2,3,3,45,62,420,540,2,5
4143,11,234,12,1,3,2,4,82,180,300,2,5
4144,11,96,11,1,3,3,61,73,180,300,2,5
4145,5,580,6,2,3,3,81,32,60,180,1,5
4146,10,179,10,2,3,1,49,74,180,300,1,5
4147,5,158,5,1,3,2,64,45,180,300,3,5
4148,6,371,8,1,3,2,27,83,0,300,1,5
4149,13,452,15,2,3,1,36,56,300,600,1,5
4150,14,184,14,2,3,1,58,93,420,540,3,5
4151,11,408,11,2,3,1,33,38,420,540,3,5
4152,8,436,9,1,3,2,93,82,60,180,3,5
4153,8,16,8,2,3,3,100,64,300,420,4,5
4154,7,467,8,2,3,3,48,28,420,540,3,5
4155,6,256,7,2,3,2,78,7,420,540,4,5
4156,10,436,11,2,3,2,38,16,300,600,2,5
4157,9,499,11,2,3,2,14,47,0,300,4,5
4158,1,373,1,2,3,3,58,89,420,540,1,5
4159,7,519,9,1,3,2,4,76,0,300,2,5
4160,9,487,10,1,3,3,23,83,180,300,2,5
4161,13,505,14,1,3,3,13,96,60,180,1,5
4162,14,123,14,2,3,3,92,97,420,540,3,5
4163,5,21,5,1,3,3,43,37,60,180,3,5
4164,10,461,12,2,3,1,75,86,60,180,3,5
4165,1,370,2,2,3,2,96,55,0,300,1,5
4166,3,583,4,1,3,3,53,22,60,180,4,5
4167,5,355,6,1,3,3,71,63,180,300,2,5
4168,14,120,15,1,3,2,95,86,60,180,1,5
4169,9,62,10,1,3,3,65,98,180,300,1,5
4170,9,23,9,2,3,3,1,29,300,420,4,5
4171,7,46,7,2,3,2,92,34,300,600,3,5
4172,12,429,13,2,3,2,97,66,0,300,2,5
4173,8,571,10,1,3,3,22,22,180,300,3,5
4174,8,65,8,2,3,2,84,58,300,420,4,5
4175,7,555,8,1,3,2,33,80,60,180,2,5
4176,4,350,4,2,3,1,42,23,420,540,3,5
4177,5,462,6,1,3,1,33,80,60,180,2,5
4178,14,92,14,1,3,3,77,7,180,300,2,5
4179,13,186,13,2,3,2,19,55,300,600,1,5
4180,11,418,11,2,3,2,54,83,420,540,1,5
4181,4,223,5,1,3,1,73,88,180,300,4,5
4182,14,382,14,2,3,1,93,12,420,540,3,5
4183,6,73,6,2,3,2,3,87,420,540,2,5
4184,8,221,8,2,3,2,10,5,300,420,4,5
4185,12,377,12,2,3,3,26,52,420,540,2,5
4186,14,424,16,2,3,3,67,0,420,540,1,5
4187,11,76,11,1,3,3,70,47,180,300,3,5
4188,5,360,5,2,3,1,99,68,420,540,4,5
4189,13,143,13,2,3,2,71,43,180,300,2,5
4190,13,577,15,1,3,3,41,55,180,300,3,5
4191,5,101,6,1,3,3,0,14,0,300,1,5
4192,10,504,12,2,3,2,74,79,300,420,2,5
4193,4,571,5,2,3,3,59,80,0,300,1,5
4194,3,281,4,2,3,2,38,79,420,540,1,5
4195,8,208,8,2,3,2,45,37,420,540,1,5
4196,11,143,12,1,3,3,66,40,180,300,2,5
4197,14,188,14,2,3,3,47,97,300,600,3,5
4198,14,400,14,2,3,1,84,62,420,540,4,5
4199,5,182,6,2,3,3,22,42,0,300,2,5
4200,1,288,1,2,3,1,97,88,300,600,4,5
4201,6,302,6,2,3,1,15,72,420,540,4,5
4202,5,494,7,2,3,3,37,48,0,300,4,5
4203,11,121,12,2,3,2,38,88,180,300,4,5
4204,13,392,14,2,3,1,79,85,0,300,4,5
4205,9,588,11,2,3,1,52,35,180,300,1,5
4206,3,116,4,2,3,1,83,21,420,540,4,5
4207,8,468,9,2,3,2,77,30,0,300,4,5
4208,4,248,4,2,3,2,84,7,420,540,3,5
4209,7,552,9,1,3,2,75,70,180,300,3,5
4210,3,517,4,2,3,1,32,61,180,300,2,5
4211,6,238,6,2,3,3,26,86,300,420,3,5
4212,7,132,8,2,3,1,34,5,300,420,2,5
4213,4,212,5,1,3,3,68,66,60,180,2,5
4214,5,126,5,1,3,1,98,94,180,300,3,5
4215,2,380,2,2,3,2,99,19,420,540,1,5
4216,12,525,13,1,3,3,97,21,180,300,4,5
4217,1,198,1,2,3,1,71,88,300,600,3,5
4218,11,66,11,1,3,1,84,31,180,300,3,5
4219,5,332,6,1,3,3,97,31,180,300,3,5
4220,10,592,12,2,3,3,100,23,300,420,4,5
4221,12,133,12,2,3,2,47,18,420,540,1,5
4222,8,328,9,1,3,3,50,22,60,180,2,5
4223,13,338,14,2,3,3,19,79,420,540,3,5
4224,13,138,13,1,3,2,23,80,180,300,2,5
4225,10,365,10,2,3,2,29,49,420,540,1,5
4226,3,542,5,1,3,3,77,17,180,300,2,5
4227,2,89,4,2,3,3,97,81,420,540,3,5
4228,3,31,4,1,3,1,64,39,180,300,2,5
4229,7,22,7,1,3,2,32,70,60,180,4,5
4230,9,435,11,1,3,3,10,21,60,180,4,5
4231,5,442,6,1,3,2,24,64,0,300,1,5
4232,9,227,9,2,3,3,97,81,300,420,3,5
4233,7,593,9,1,3,2,46,100,0,300,3,5
4234,12,2,12,2,3,1,7,8,300,600,1,5
4235,5,156,5,2,3,1,10,41,300,600,3,5
4236,8,219,8,2,3,2,24,46,300,420,3,5
4237,6,485,8,1,3,3,52,19,180,300,1,5
4238,13,163,13,1,3,1,29,25,180,300,2,5
4239,8,510,9,2,3,1,58,55,300,420,4,5
4240,12,7,12,1,3,2,98,44,60,180,4,5
4241,13,319,13,2,3,3,28,40,420,540,2,5
4242,13,350,14,2,3,3,24,54,0,300,4,5
4243,14,502,15,1,3,1,91,88,180,300,3,5
4244,1,310,1,2,3,3,5,24,420,540,2,5
4245,4,313,6,1,3,2,19,83,0,300,4,5
4246,9,104,11,1,3,1,100,35,180,300,3,5
4247,10,44,11,1,3,3,2,21,0,300,2,5
4248,1,544,2,1,3,2,88,8,180,300,4,5
4249,8,383,9,1,3,3,20,56,60,180,3,5
4250,7,99,8,1,3,1,91,73,60,180,3,5
4251,6,130,7,1,3,2,23,70,60,180,1,5
4252,10,255,10,2,3,2,1,79,300,420,3,5
4253,12,242,13,1,3,1,18,44,180,300,1,5
4254,13,299,13,2,3,1,16,53,420,540,3,5
4255,10,5,10,1,3,2,26,8,60,180,1,5
4256,8,501,9,1,3,2,43,35,0,300,2,5
4257,9,36,9,1,3,2,40,62,60,180,4,5
4258,14,339,15,1,3,1,78,97,60,180,3,5
4259,1,85,1,1,3,1,7,55,180,300,4,5
4260,2,132,2,1,3,1,66,55,180,300,3,5
4261,10,359,12,1,3,3,75,31,60,180,3,5
4262,9,430,11,1,3,3,78,83,0,300,4,5
4263,3,400,4,1,3,2,70,83,0,300,4,5
4264,14,142,15,2,3,1,55,64,0,300,3,5
4265,2,546,3,1,3,3,94,44,180,300,4,5
4266,4,270,5,1,3,1,11,49,60,180,3,5
4267,10,97,10,2,3,1,12,15,300,600,2,5
4268,12,436,13,2,3,2,89,19,180,300,1,5
4269,1,118,1,1,3,3,30,64,180,300,1,5
4270,9,182,9,2,3,1,50,47,420,540,1,5
4271,8,136,8,1,3,2,76,9,180,300,4,5
4272,4,364,4,2,3,2,58,66,420,540,4,5
4273,7,378,7,2,3,2,20,32,420,540,3,5
4274,1,281,1,2,3,3,33,18,420,540,1,5
4275,11,268,11,2,3,3,36,5,420,540,3,5
4276,13,275,13,2,3,1,92,35,300,600,2,5
4277,8,468,9,1,3,2,88,51,60,180,4,5
4278,10,429,12,2,3,3,37,66,180,300,4,5
4279,5,559,7,1,3,2,32,42,180,300,4,5
4280,9,428,11,1,3,3,16,97,0,300,1,5
4281,13,476,15,2,3,2,86,36,0,300,2,5
4282,7,163,8,2,3,3,65,28,180,300,2,5
4283,4,261,4,2,3,2,72,61,420,540,4,5
4284,5,338,5,2,3,3,66,86,420,540,4,5
4285,1,224,1,2,3,1,98,58,300,600,1,5
4286,5,388,6,2,3,3,25,43,420,540,3,5
4287,8,410,9,1,3,3,75,19,180,300,1,5
4288,4,404,5,2,3,1,63,23,0,300,1,5
4289,6,139,6,1,3,3,43,22,180,300,2,5
4290,7,474,9,1,3,2,11,25,180,300,2,5
4291,7,492,9,1,3,3,64,20,60,180,4,5
4292,8,526,9,1,3,3,82,73,60,180,2,5
4293,4,270,5,1,3,1,84,49,0,300,3,5
4294,3,313,3,2,3,3,60,28,420,540,3,5
4295,5,291,6,1,3,2,42,33,180,300,4,5
4296,14,371,14,2,3,2,17,79,420,540,3,5
4297,6,289,7,1,3,3,36,96,180,300,1,5
4298,13,521,14,1,3,1,38,67,0,300,3,5
4299,10,313,10,2,3,2,16,44,420,540,4,5
4300,7,536,8,1,3,1,51,97,60,180,2,5
4301,12,279,12,2,3,2,19,68,420,540,3,5
4302,7,542,9,1,3,3,37,90,60,180,2,5
4303,7,226,7,2,3,2,15,96,420,540,3,5
4304,4,106,4,1,3,1,14,77,180,300,4,5
4305,11,56,11,1,3,3,29,66,60,180,4,5
4306,6,129,8,1,3,3,27,13,60,180,3,5
4307,11,368,12,1,3,1,49,90,180,300,3,5
4308,8,305,8,2,3,2,32,57,420,540,1,5
4309,10,144,10,1,3,1,9,56,180,300,3,5
4310,14,158,14,1,3,3,47,18,180,300,1,5
4311,7,51,7,2,3,1,38,81,60,180,3,5
4312,9,174,9,2,3,3,45,35,300,420,4,5
4313,11,99,12,2,3,2,38,23,0,300,3,5
4314,8,162,8,1,3,3,82,54,180,300,4,5
4315,14,204,15,1,3,2,96,97,60,180,3,5
4316,4,411,4,2,3,2,52,96,420,540,4,5
4317,13,584,14,2,3,3,13,61,0,300,4,5
4318,8,93,8,2,3,2,5,52,420,540,2,5
4319,9,384,9,2,3,3,11,99,420,540,3,5
4320,7,226,7,2,3,3,33,6,300,420,3,5
4321,13,383,13,2,3,1,61,14,420,540,2,5
4322,14,219,14,2,3,1,41,69,420,540,4,5
4323,10,591,11,1,3,3,77,80,60,180,3,5
4324,4,441,6,1,3,3,98,63,60,180,3,5
4325,9,240,9,2,3,3,23,47,300,600,2,5
4326,2,189,2,2,3,1,79,26,300,600,2,5
4327,11,304,11,2,3,1,47,96,420,540,1,5
4328,11,240,11,2,3,3,32,68,420,540,4,5
4329,3,407,3,2,3,1,10,97,420,540,3,5
4330,13,231,14,1,3,3,17,28,180,300,2,5
4331,7,462,9,1,3,2,34,0,0,300,1,5
4332,14,446,16,2,3,2,76,25,0,300,2,5
4333,2,180,3,1,3,3,56,92,0,300,2,5
4334,7,378,8,2,3,1,79,25,180,300,1,5
4335,7,252,7,2,3,1,64,9,300,420,3,5
4336,5,465,6,1,3,1,39,14,0,300,1,5
4337,7,227,7,2,3,3,90,68,300,600,3,5
4338,10,450,12,2,3,1,23,84,180,300,4,5
4339,3,497,4,1,3,2,77,79,0,300,1,5
4340,6,199,6,2,3,2,15,50,300,420,2,5
4341,6,395,7,1,3,2,74,63,180,300,3,5
4342,9,318,9,2,3,2,13,100,420,540,2,5
4343,6,168,7,2,3,2,66,77,420,540,2,5
4344,9,227,10,1,3,1,49,54,0,300,3,5
4345,8,541,10,1,3,3,90,32,0,300,4,5
4346,14,121,15,1,3,1,3,47,60,180,3,5
4347,9,132,9,2,3,1,50,50,420,540,1,5
4348,9,280,9,2,3,2,60,81,300,600,1,5
4349,1,135,3,1,3,1,13,9,180,300,2,5
4350,8,533,9,1,3,2,36,87,0,300,4,5
4351,12,548,14,2,3,3,37,33,300,420,1,5
4352,3,339,3,2,3,2,25,86,420,540,2,5
4353,3,235,3,2,3,3,58,82,420,540,4,5
4354,5,516,6,1,3,2,77,35,60,180,2,5
4355,13,498,14,1,3,2,70,9,0,300,1,5
4356,5,287,5,2,3,2,3,94,420,540,2,5
4357,12,550,13,2,3,3,24,5,60,180,1,5
4358,4,457,5,1,3,1,14,85,180,300,3,5
4359,1,427,2,1,3,3,24,68,180,300,2,5
4360,5,411,5,2,3,3,21,35,420,540,4,5
4361,3,206,3,2,3,2,20,15,300,600,4,5
4362,2,196,2,2,3,1,8,44,300,420,4,5
4363,4,253,5,1,3,1,37,3,60,180,2,5
4364,11,133,12,2,3,3,41,75,420,540,4,5
4365,5,252,5,2,3,1,50,70,300,420,1,5
4366,8,49,8,1,3,2,89,97,60,180,4,5
4367,4,9,6,1,3,2,5,4,0,300,4,5
4368,2,55,2,2,3,2,26,15,60,180,2,5
4369,3,181,4,1,3,1,52,76,0,300,1,5
4370,8,358,9,2,3,3,97,28,60,180,1,5
4371,5,276,5,2,3,1,82,72,420,540,4,5
4372,9,534,10,1,3,2,32,64,180,300,3,5
4373,2,560,4,2,3,2,10,11,0,300,2,5
4374,2,223,3,2,3,3,76,30,60,180,2,5
4375,4,335,5,2,3,2,14,68,420,540,3,5
4376,6,454,7,1,3,1,10,29,180,300,2,5
4377,2,53,3,1,3,3,98,52,180,300,3,5
4378,12,61,12,1,3,1,65,4,180,300,1,5
4379,9,246,9,2,3,2,45,81,300,420,1,5
4380,6,425,7,2,3,3,99,61,60,180,3,5
4381,14,8,15,2,3,2,96,77,420,540,2,5
4382,1,472,3,1,3,1,25,39,180,300,1,5
4383,5,98,6,2,3,2,14,82,420,540,4,5
4384,8,248,9,1,3,3,1,11,0,300,4,5
4385,1,441,2,2,3,2,70,26,0,300,1,5
4386,6,129,6,1,3,1,20,25,180,300,4,5
4387,1,131,2,1,3,3,84,74,0,300,3,5
4388,11,587,13,2,3,3,53,57,300,600,1,5
4389,5,60,6,1,3,2,75,85,180,300,4,5
4390,2,329,2,2,3,3,96,50,420,540,4,5
4391,13,85,13,1,3,2,49,38,180,300,1,5
4392,9,573,11,1,3,2,16,35,0,300,2,5
4393,4,124,5,2,3,3,36,0,0,300,3,5
4394,7,22,8,1,3,3,40,4,60,180,4,5
4395,14,548,16,2,3,3,18,94,300,420,3,5
4396,14,200,14,2,3,1,56,11,420,540,1,5
4397,13,472,15,1,3,1,78,16,60,180,3,5
4398,13,517,14,1,3,2,94,90,60,180,3,5
4399,14,238,15,1,3,3,26,100,0,300,1,5
4400,14,216,14,2,3,3,54,7,300,600,1,5
4401,12,161,13,1,3,1,35,23,0,300,3,5
4402,3,137,3,1,3,3,87,70,180,300,2,5
4403,12,171,13,1,3,3,4,22,180,300,4,5
4404,9,149,10,1,3,1,9,34,180,300,2,5
4405,6,289,6,2,3,3,89,86,420,540,2,5
4406,9,232,9,2,3,3,79,76,300,420,3,5
4407,8,534,10,2,3,3,100,75,300,420,3,5
4408,11,571,12,1,3,1,30,43,60,180,1,5
4409,11,151,11,2,3,2,34,79,420,540,2,5
4410,13,250,13,2,3,1,34,44,420,540,2,5
4411,4,374,5,1,3,2,8,35,60,180,1,5
4412,14,292,14,2,3,2,21,66,420,540,1,5
4413,3,261,3,2,3,3,48,41,420,540,4,5
4414,11,392,11,2,3,3,72,92,420,540,3,5
4415,8,342,9,1,3,3,70,84,0,300,3,5
4416,1,122,1,1,3,3,58,43,180,300,3,5
4417,1,134,1,1,3,3,42,58,180,300,2,5
4418,14,511,16,1,3,1,17,63,0,300,2,5
4419,1,441,3,1,3,2,51,60,0,300,1,5
4420,1,48,1,1,3,3,100,11,60,180,1,5
4421,10,479,11,2,3,3,80,70,0,300,4,5
4422,8,303,8,2,3,3,41,72,420,540,4,5
4423,12,207,12,2,3,3,21,83,300,600,3,5
4424,14,169,15,1,3,3,26,57,0,300,3,5
4425,13,83,13,1,3,2,28,0,180,300,3,5
4426,14,161,15,2,3,1,42,61,420,540,3,5
4427,11,124,12,1,3,3,2,66,60,180,1,5
4428,4,270,5,2,3,1,11,44,420,540,1,5
4429,8,85,8,1,3,1,74,57,180,300,4,5
4430,9,117,10,2,3,2,18,94,180,300,4,5
4431,6,189,7,1,3,1,36,65,180,300,4,5
4432,8,530,9,2,3,1,33,6,0,300,4,5
4433,2,258,2,2,3,3,10,1,300,600,2,5
4434,13,238,14,1,3,1,100,8,180,300,1,5
4435,11,531,13,2,3,1,78,38,180,300,2,5
4436,7,267,7,2,3,1,49,93,300,600,2,5
4437,8,132,9,1,3,2,67,81,180,300,1,5
4438,12,551,13,1,3,1,62,17,0,300,2,5
4439,11,241,11,2,3,1,94,41,420,540,3,5
4440,7,514,8,2,3,1,10,34,0,300,3,5
4441,10,512,11,1,3,1,91,6,0,300,4,5
4442,8,180,8,2,3,3,85,18,300,420,3,5
4443,1,298,2,1,3,1,83,41,60,180,2,5
4444,8,143,9,2,3,2,20,51,0,300,2,5
4445,4,251,4,2,3,1,27,74,420,540,4,5
4446,13,11,14,1,3,1,11,56,180,300,1,5
4447,4,205,4,2,3,1,34,36,300,600,1,5
4448,14,371,14,2,3,3,98,16,420,540,4,5
4449,11,269,11,2,3,3,57,81,420,540,3,5
4450,11,15,11,1,3,1,10,16,60,180,3,5
4451,11,542,12,1,3,1,89,65,180,300,4,5
4452,10,16,11,1,3,2,100,43,60,180,1,5
4453,12,174,13,1,3,3,91,28,60,180,1,5
4454,10,63,11,1,3,2,53,80,180,300,3,5
4455,7,207,7,2,3,3,92,79,300,600,3,5
4456,4,349,4,2,3,3,72,88,420,540,3,5
4457,14,512,15,2,3,1,59,60,300,420,2,5
4458,11,18,11,2,3,1,1,91,300,420,3,5
4459,14,598,16,1,3,1,56,60,180,300,3,5
4460,4,198,4,2,3,3,17,77,300,600,2,5
4461,12,587,14,2,3,2,78,56,180,300,1,5
4462,7,201,7,2,3,2,53,76,300,420,2,5
4463,6,595,8,2,3,3,81,58,420,540,2,5
4464,6,556,7,1,3,3,15,38,180,300,1,5
4465,9,241,10,1,3,1,82,67,180,300,4,5
4466,12,399,13,2,3,2,11,34,60,180,4,5
4467,2,363,2,2,3,3,65,92,420,540,1,5
4468,9,18,9,1,3,1,67,17,60,180,4,5
4469,7,46,7,2,3,2,51,41,420,540,2,5
4470,14,247,14,2,3,2,55,26,420,540,2,5
4471,7,168,8,1,3,1,100,99,60,180,1,5
4472,6,348,6,2,3,1,56,96,420,540,3,5
4473,3,259,3,2,3,1,33,67,300,600,2,5
4474,12,66,13,1,3,1,37,3,60,180,1,5
4475,13,230,13,2,3,3,28,17,420,540,3,5
4476,6,199,6,2,3,2,34,42,420,540,4,5
4477,11,321,11,2,3,3,85,56,420,540,4,5
4478,4,130,4,2,3,3,57,70,420,540,3,5
4479,13,321,13,2,3,2,84,28,420,540,2,5
4480,11,434,13,2,3,2,53,93,0,300,1,5
4481,3,273,3,2,3,3,67,57,420,540,1,5
4482,5,395,5,2,3,1,51,40,420,540,2,5
4483,12,124,12,1,3,3,7,53,180,300,3,5
4484,2,255,2,2,3,1,92,97,420,540,3,5
4485,10,502,11,2,3,3,23,50,180,300,4,5
4486,9,519,11,1,3,2,99,75,180,300,2,5
4487,14,120,14,1,3,1,26,97,180,300,2,5
4488,3,523,4,1,3,3,89,38,60,180,2,5
4489,2,563,4,1,3,2,76,99,180,300,4,5
4490,6,24,6,2,3,3,23,90,0,300,2,5
4491,5,445,6,1,3,1,89,93,60,180,1,5
4492,2,523,4,1,3,3,90,45,0,300,3,5
4493,13,481,15,1,3,3,18,37,60,180,1,5
4494,5,571,7,1,3,3,58,57,60,180,2,5
4495,2,195,2,2,3,1,81,78,420,540,4,5
4496,3,501,5,1,3,2,63,55,60,180,3,5
4497,1,427,2,1,3,3,66,14,180,300,2,5
4498,13,431,14,2,3,2,31,1,180,300,1,5
4499,3,343,3,2,3,2,100,86,420,540,3,5
4500,9,155,9,1,3,1,83,17,180,300,3,5
4501,14,412,15,1,3,2,67,30,0,300,4,5
4502,6,341,7,1,3,1,99,65,180,300,4,5
4503,11,483,12,2,3,2,77,38,0,300,2,5
4504,14,74,15,2,3,2,33,74,420,540,3,5
4505,14,113,16,2,3,1,33,32,0,300,4,5
4506,7,54,8,1,3,1,64,98,60,180,3,5
4507,8,276,8,2,3,2,12,16,420,540,3,5
4508,11,464,12,2,3,2,50,29,0,300,2,5
4509,12,425,14,1,3,1,37,81,60,180,1,5
4510,11,100,11,2,3,1,49,99,420,540,3,5
4511,9,243,10,1,3,3,54,74,180,300,2,5
4512,13,216,13,2,3,1,18,25,420,540,3,5
4513,13,255,13,2,3,1,44,67,420,540,1,5
4514,1,139,1,1,3,3,89,55,180,300,1,5
4515,12,554,14,2,3,3,71,43,180,300,3,5
4516,12,541,13,1,3,3,18,40,0,300,4,5
4517,1,438,3,1,3,1,57,84,180,300,3,5
4518,11,229,13,1,3,3,38,49,0,300,4,5
4519,13,317,14,1,3,2,12,95,60,180,4,5
4520,10,2,10,1,3,2,62,34,60,180,3,5
4521,9,471,11,2,3,3,41,59,60,180,3,5
4522,10,197,11,2,3,2,41,63,300,420,2,5
4523,10,473,11,1,3,2,92,68,0,300,3,5
4524,12,40,12,1,3,1,19,92,60,180,3,5
4525,10,346,11,1,3,2,7,7,0,300,3,5
4526,2,528,3,1,3,1,3,59,0,300,2,5
4527,8,566,10,2,3,1,68,20,420,540,4,5
4528,12,464,14,1,3,1,45,63,180,300,4,5
4529,7,87,7,2,3,1,99,21,420,540,3,5
4530,12,192,12,2,3,1,22,75,420,540,1,5
4531,4,440,6,2,3,3,94,55,300,600,3,5
4532,5,584,6,1,3,2,39,70,180,300,2,5
4533,13,96,14,1,3,1,95,3,0,300,1,5
4534,2,421,3,2,3,2,70,70,60,180,2,5
4535,12,60,12,2,3,1,93,62,60,180,4,5
4536,1,282,1,2,3,2,55,2,300,420,2,5
4537,14,446,15,1,3,2,81,7,180,300,4,5
4538,13,446,14,2,3,1,55,80,300,420,2,5
4539,9,37,9,1,3,3,72,28,60,180,1,5
4540,2,278,2,2,3,1,83,68,420,540,3,5
4541,7,188,7,2,3,3,62,77,420,540,2,5
4542,1,356,2,1,3,2,4,49,0,300,3,5
4543,8,407,9,2,3,2,17,21,0,300,2,5
4544,5,381,5,2,3,3,97,41,420,540,2,5
4545,1,233,1,2,3,3,47,57,420,540,1,5
4546,8,261,8,2,3,3,3,6,300,600,1,5
4547,14,243,15,1,3,2,85,72,180,300,3,5
4548,12,143,13,1,3,2,40,96,0,300,3,5
4549,2,170,3,2,3,1,93,55,180,300,4,5
4550,3,119,4,1,3,1,56,58,180,300,4,5
4551,1,446,3,1,3,3,6,51,60,180,1,5
4552,4,300,4,2,3,2,75,71,420,540,3,5
4553,14,256,15,2,3,2,52,78,300,600,2,5
4554,9,430,10,1,3,3,19,43,180,300,2,5
4555,13,82,13,2,3,3,43,44,300,600,3,5
4556,7,110,8,2,3,3,5,84,60,180,1,5
4557,2,571,3,1,3,2,47,92,60,180,4,5
4558,7,451,8,1,3,3,61,46,180,300,2,5
4559,14,62,14,1,3,2,11,50,180,300,2,5
4560,12,213,12,2,3,3,22,50,300,600,1,5
4561,5,59,6,2,3,2,75,49,420,540,3,5
4562,6,55,6,2,3,3,52,86,60,180,4,5
4563,5,137,5,2,3,2,23,18,300,600,2,5
4564,12,125,12,1,3,3,58,49,180,300,4,5
4565,4,275,4,2,3,2,78,95,420,540,3,5
4566,5,297,6,1,3,1,100,29,180,300,2,5
4567,3,470,4,1,3,2,56,5,180,300,2,5
4568,7,538,8,2,3,1,36,83,300,600,1,5
4569,9,254,9,2,3,1,91,7,300,420,1,5
4570,8,92,8,1,3,2,40,22,180,300,3,5
4571,6,185,6,2,3,3,34,28,300,600,4,5
4572,14,53,14,1,3,3,88,84,60,180,4,5
4573,12,54,12,2,3,2,87,48,60,180,3,5
4574,6,135,7,1,3,1,94,12,180,300,1,5
4575,5,580,7,1,3,1,80,51,60,180,1,5
4576,1,370,2,2,3,2,13,7,0,300,1,5
4577,2,102,3,2,3,2,73,98,60,180,2,5
4578,11,334,12,2,3,2,51,34,300,420,3,5
4579,3,320,3,2,3,2,40,63,420,540,1,5
4580,2,491,3,1,3,1,12,54,0,300,1,5
4581,6,338,7,1,3,1,46,77,180,300,2,5
4582,11,499,13,2,3,3,89,31,0,300,4,5
4583,4,270,4,2,3,2,26,73,420,540,3,5
4584,12,496,13,1,3,3,86,40,0,300,2,5
4585,10,213,10,2,3,2,43,43,300,600,2,5
4586,7,141,7,2,3,3,27,67,300,600,1,5
4587,4,12,5,2,3,2,39,6,180,300,2,5
4588,5,338,5,2,3,3,53,40,420,540,2,5
4589,1,389,1,2,3,1,15,16,420,540,1,5
4590,6,516,8,1,3,3,8,43,0,300,1,5
4591,1,410,1,2,3,3,45,38,420,540,3,5
4592,10,224,10,2,3,1,3,56,420,540,2,5
4593,10,187,11,1,3,2,18,4,180,300,2,5
4594,4,294,5,1,3,3,5,44,180,300,3,5
4595,1,302,2,2,3,1,86,90,180,300,2,5
4596,8,402,8,2,3,2,1,83,420,540,4,5
4597,7,269,8,1,3,2,27,46,180,300,2,5
4598,10,495,12,2,3,3,4,0,180,300,1,5
4599,11,428,13,1,3,3,64,44,180,300,3,5
4600,3,494,4,1,3,1,27,66,0,300,2,5
4601,7,260,8,2,3,1,91,41,420,540,2,5
4602,10,504,11,1,3,3,54,64,180,300,3,5
4603,1,396,1,2,3,3,32,50,420,540,3,5
4604,7,524,8,2,3,1,12,96,60,180,2,5
4605,8,433,10,2,3,1,71,93,300,420,1,5
4606,3,509,5,1,3,3,95,5,60,180,4,5
4607,12,395,12,2,3,2,37,11,420,540,4,5
4608,2,287,2,2,3,1,52,43,420,540,1,5
4609,7,134,8,2,3,2,46,29,180,300,1,5
4610,8,583,9,2,3,1,53,61,0,300,1,5
4611,3,300,3,2,3,3,79,56,300,600,1,5
4612,5,272,5,2,3,1,43,14,420,540,1,5
4613,5,386,5,2,3,1,13,48,420,540,2,5
4614,8,314,9,1,3,1,37,70,60,180,3,5
4615,12,33,12,2,3,2,33,63,300,600,4,5
4616,12,482,13,1,3,2,12,23,60,180,1,5
4617,7,64,7,2,3,2,3,25,180,300,1,5
4618,1,235,2,2,3,3,36,32,60,180,2,5
4619,8,578,9,2,3,2,91,79,300,600,1,5
4620,7,425,9,1,3,3,63,69,60,180,4,5
4621,8,101,9,2,3,1,74,54,60,180,4,5
4622,11,129,11,1,3,2,54,11,180,300,3,5
4623,2,594,4,1,3,2,93,92,60,180,4,5
4624,11,161,11,2,3,3,5,5,300,600,4,5
4625,13,304,13,2,3,2,47,16,420,540,4,5
4626,8,205,9,2,3,1,64,10,0,300,2,5
4627,3,387,3,2,3,1,24,41,420,540,1,5
4628,4,92,4,1,3,3,95,92,180,300,2,5
4629,7,559,9,2,3,3,18,96,60,180,4,5
4630,13,21,14,2,3,2,10,64,300,420,3,5
4631,6,292,6,2,3,1,58,2,300,600,4,5
4632,7,182,7,2,3,3,62,29,420,540,1,5
4633,6,591,8,1,3,2,4,59,180,300,4,5
4634,9,564,10,2,3,2,96,76,180,300,3,5
4635,8,371,8,2,3,2,12,30,420,540,2,5
4636,5,41,5,2,3,1,26,61,60,180,1,5
4637,1,483,2,1,3,3,90,55,60,180,2,5
4638,1,269,2,2,3,3,76,21,300,600,1,5
4639,14,167,14,2,3,2,79,97,420,540,3,5
4640,6,231,8,1,3,2,82,68,180,300,4,5
4641,12,460,14,1,3,2,71,47,60,180,2,5
4642,7,200,8,1,3,1,40,97,60,180,4,5
4643,8,574,9,1,3,3,57,31,180,300,2,5
4644,12,26,12,2,3,1,96,51,60,180,3,5
4645,12,203,12,2,3,3,88,46,300,600,3,5
4646,4,425,5,2,3,1,65,73,180,300,1,5
4647,12,439,13,2,3,3,15,6,180,300,4,5
4648,11,380,11,2,3,2,11,29,420,540,2,5
4649,13,423,15,2,3,2,89,52,60,180,1,5
4650,14,564,16,1,3,2,27,70,60,180,4,5
4651,5,230,6,1,3,1,65,59,0,300,2,5
4652,10,454,11,2,3,1,84,10,60,180,3,5
4653,4,331,4,2,3,2,49,5,420,540,2,5
4654,5,263,5,2,3,2,57,10,420,540,3,5
4655,2,67,2,1,3,2,57,33,180,300,3,5
4656,1,327,1,2,3,2,29,97,420,540,1,5
4657,6,480,8,1,3,3,4,88,60,180,1,5
4658,7,17,9,1,3,2,36,61,0,300,3,5
4659,4,131,5,2,3,2,65,78,420,540,3,5
4660,3,495,5,1,3,2,92,33,0,300,4,5
4661,5,96,5,2,3,3,13,0,420,540,3,5
4662,12,585,14,2,3,2,26,31,60,180,4,5
4663,12,272,12,2,3,1,75,82,420,540,2,5
4664,6,414,6,2,3,2,32,92,420,540,3,5
4665,5,101,6,1,3,3,86,75,60,180,3,5
4666,3,456,5,2,3,2,92,62,0,300,3,5
4667,12,96,12,2,3,1,46,26,180,300,3,5
4668,6,466,8,1,3,2,52,73,0,300,3,5
4669,10,449,11,1,3,3,35,98,60,180,3,5
4670,11,126,11,1,3,3,86,39,180,300,3,5
4671,4,568,6,2,3,1,89,95,60,180,3,5
4672,10,24,10,2,3,1,13,62,420,540,1,5
4673,12,540,13,2,3,2,97,10,300,600,4,5
4674,7,294,7,2,3,1,23,49,300,420,1,5
4675,13,448,14,1,3,2,56,76,0,300,1,5
4676,13,303,13,2,3,2,46,62,420,540,2,5
4677,14,305,14,2,3,2,1,2,420,540,2,5
4678,11,460,12,1,3,1,6,89,180,300,3,5
4679,14,11,14,2,3,3,44,27,0,300,1,5
4680,11,228,12,2,3,1,8,4,180,300,1,5
4681,1,459,2,2,3,1,98,70,60,180,1,5
4682,5,365,5,2,3,2,11,14,420,540,3,5
4683,8,457,10,1,3,3,18,97,60,180,3,5
4684,5,0,5,2,3,1,74,87,0,300,2,5
4685,12,382,13,1,3,1,6,85,180,300,1,5
4686,11,176,11,2,3,2,0,49,180,300,1,5
4687,3,98,5,1,3,1,84,13,60,180,1,5
4688,5,288,6,1,3,1,90,20,180,300,4,5
4689,14,572,15,1,3,3,67,58,180,300,3,5
4690,8,438,10,1,3,2,100,36,60,180,3,5
4691,6,528,7,2,3,3,11,57,420,540,2,5
4692,10,514,12,2,3,2,79,0,420,540,3,5
4693,5,569,7,2,3,3,9,29,60,180,4,5
4694,2,482,3,2,3,2,94,31,300,420,2,5
4695,10,63,10,2,3,1,95,21,420,540,4,5
4696,6,570,7,1,3,2,98,53,180,300,1,5
4697,14,178,14,1,3,2,26,11,180,300,2,5
4698,5,320,6,1,3,2,50,71,60,180,4,5
4699,8,404,8,2,3,1,61,72,420,540,1,5
4700,14,411,15,1,3,3,22,90,0,300,1,5
4701,7,135,7,2,3,1,68,22,300,600,2,5
4702,3,419,3,2,3,1,68,21,420,540,4,5
4703,11,378,12,2,3,3,25,67,0,300,2,5
4704,6,347,6,2,3,1,29,32,420,540,3,5
4705,7,352,7,2,3,2,2,62,420,540,3,5
4706,5,428,7,1,3,3,17,85,60,180,1,5
4707,2,107,2,1,3,3,74,87,180,300,3,5
4708,6,17,7,1,3,2,99,94,0,300,3,5
4709,3,39,4,2,3,2,56,62,0,300,3,5
4710,2,212,2,2,3,1,1,59,300,600,1,5
4711,1,473,3,1,3,1,39,69,180,300,4,5
4712,10,498,11,2,3,2,77,32,420,540,1,5
4713,8,181,8,2,3,2,31,51,420,540,4,5
4714,10,573,12,1,3,1,20,39,180,300,3,5
4715,7,303,8,2,3,3,49,37,180,300,4,5
4716,9,26,10,1,3,2,63,72,60,180,4,5
4717,5,454,6,1,3,1,30,33,0,300,2,5
4718,13,443,15,1,3,2,17,14,180,300,4,5
4719,10,391,11,1,3,1,27,100,0,300,4,5
4720,4,321,4,2,3,2,51,32,420,540,2,5
4721,14,574,15,2,3,2,85,56,180,300,2,5
4722,13,346,15,1,3,1,71,90,0,300,1,5
4723,5,346,5,2,3,2,50,76,420,540,1,5
4724,4,417,4,2,3,1,62,46,420,540,3,5
4725,4,82,4,2,3,2,83,30,180,300,1,5
4726,4,104,4,2,3,2,54,55,180,300,4,5
4727,1,148,1,1,3,3,49,55,180,300,4,5
4728,10,263,10,2,3,1,69,75,300,600,3,5
4729,8,342,8,2,3,1,60,59,420,540,2,5
4730,14,290,14,2,3,3,55,59,420,540,4,5
4731,1,273,2,1,3,2,58,69,180,300,2,5
4732,9,446,11,1,3,1,2,92,0,300,1,5
4733,4,435,6,2,3,3,82,19,300,600,1,5
4734,7,241,7,2,3,1,47,40,420,540,3,5
4735,11,426,13,1,3,1,19,37,0,300,2,5
4736,5,319,5,2,3,2,73,28,420,540,2,5
4737,3,584,4,1,3,2,28,58,60,180,4,5
4738,10,15,10,1,3,2,66,38,60,180,1,5
4739,8,24,8,2,3,3,36,72,60,180,2,5
4740,12,417,12,2,3,1,14,47,420,540,1,5
4741,4,37,4,1,3,2,69,86,60,180,2,5
4742,13,30,13,1,3,2,63,32,60,180,1,5
4743,2,562,4,2,3,1,12,35,0,300,1,5
4744,7,131,7,1,3,1,16,46,180,300,4,5
4745,13,340,14,2,3,2,53,71,300,420,4,5
4746,2,282,3,1,3,2,22,37,60,180,4,5
4747,9,435,10,1,3,2,6,100,180,300,3,5
4748,2,240,3,1,3,1,2,51,60,180,3,5
4749,5,217,6,2,3,3,80,17,180,300,4,5
4750,11,484,12,2,3,3,11,99,180,300,4,5
4751,5,370,5,2,3,2,1,83,420,540,2,5
4752,2,513,4,2,3,1,94,47,180,300,2,5
4753,7,589,9,2,3,2,78,35,420,540,1,5
4754,14,405,15,1,3,3,85,61,0,300,1,5
4755,3,440,5,1,3,1,74,88,60,180,3,5
4756,5,226,5,2,3,1,25,42,300,420,1,5
4757,1,520,2,2,3,2,46,57,0,300,2,5
4758,12,231,12,2,3,3,91,93,300,600,3,5
4759,5,492,7,2,3,3,99,70,420,540,3,5
4760,1,108,2,1,3,3,22,19,60,180,4,5
4761,5,413,5,2,3,3,63,25,420,540,2,5
4762,1,71,2,2,3,2,5,54,300,600,4,5
4763,4,368,4,2,3,3,89,16,420,540,3,5
4764,1,250,2,1,3,1,30,53,0,300,2,5
4765,9,267,9,2,3,1,22,23,300,600,4,5
4766,8,500,9,1,3,1,0,69,60,180,3,5
4767,3,395,3,2,3,1,11,40,420,540,3,5
4768,11,544,12,1,3,2,71,70,180,300,4,5
4769,1,186,1,2,3,3,35,100,300,600,2,5
4770,12,184,13,2,3,1,99,18,420,540,1,5
4771,2,503,4,1,3,1,58,99,180,300,1,5
4772,2,108,2,2,3,3,46,31,300,600,2,5
4773,1,531,3,2,3,1,97,76,300,420,1,5
4774,10,445,11,1,3,2,13,3,180,300,1,5
4775,1,304,1,2,3,2,83,24,420,540,3,5
4776,11,117,12,1,3,2,58,99,180,300,2,5
4777,3,309,3,2,3,1,55,33,420,540,4,5
4778,7,364,7,2,3,3,21,31,420,540,4,5
4779,5,515,7,1,3,3,71,6,60,180,1,5
4780,3,196,4,2,3,1,33,91,60,180,2,5
4781,13,216,13,2,3,1,68,10,420,540,1,5
4782,14,6,14,1,3,2,49,52,60,180,3,5
4783,9,330,10,2,3,3,53,94,0,300,1,5
4784,5,127,5,1,3,2,39,25,180,300,3,5
4785,11,38,11,2,3,2,81,65,300,600,1,5
4786,13,440,15,1,3,3,42,63,60,180,3,5
4787,14,40,14,2,3,2,13,8,0,300,3,5
4788,5,44,5,1,3,3,80,21,60,180,1,5
4789,14,338,15,1,3,2,85,16,0,300,3,5
4790,7,244,7,2,3,3,37,29,300,600,2,5
4791,8,404,9,1,3,1,78,83,60,180,4,5
4792,2,488,3,2,3,1,22,69,420,540,1,5
4793,4,175,4,1,3,1,10,24,180,300,3,5
4794,1,528,3,1,3,3,40,26,180,300,3,5
4795,10,150,10,1,3,1,78,52,180,300,3,5
4796,11,251,12,2,3,3,9,32,0,300,3,5
4797,5,62,6,2,3,2,63,46,0,300,2,5
4798,10,178,10,1,3,2,46,45,180,300,3,5
4799,12,498,14,1,3,2,50,4,60,180,1,5
4800,8,200,9,1,3,1,81,62,0,300,3,5
4801,3,450,4,1,3,1,64,11,60,180,1,5
4802,10,197,10,2,3,3,54,19,420,540,2,5
4803,4,132,4,1,3,1,66,30,180,300,4,5
4804,10,565,12,1,3,3,17,78,0,300,4,5
4805,12,155,14,1,3,3,31,89,60,180,2,5
4806,11,177,11,1,3,1,93,37,180,300,2,5
4807,10,288,11,1,3,2,23,62,60,180,2,5
4808,13,321,14,1,3,2,83,92,0,300,1,5
4809,2,20,3,1,3,1,16,42,0,300,2,5
4810,13,112,13,1,3,2,81,0,180,300,3,5
4811,6,485,7,1,3,3,50,35,180,300,1,5
4812,1,374,1,2,3,1,31,93,420,540,3,5
4813,6,306,7,2,3,3,92,8,420,540,2,5
4814,1,229,2,2,3,1,87,75,300,420,2,5
4815,4,308,4,2,3,1,41,41,420,540,1,5
4816,11,95,11,1,3,2,94,69,180,300,3,5
4817,14,47,14,1,3,3,39,60,60,180,2,5
4818,8,165,8,1,3,3,25,94,180,300,4,5
4819,3,348,4,2,3,2,4,44,60,180,1,5
4820,3,302,3,2,3,1,62,52,420,540,1,5
4821,3,572,5,1,3,2,69,7,60,180,1,5
4822,7,517,9,2,3,1,84,0,420,540,1,5
4823,2,517,4,1,3,2,38,16,180,300,3,5
4824,1,450,2,1,3,3,56,89,60,180,4,5
4825,14,457,15,1,3,2,25,34,180,300,4,5
4826,7,279,7,2,3,2,4,22,300,420,2,5
4827,11,313,12,1,3,1,81,70,60,180,3,5
4828,10,365,11,1,3,1,17,73,180,300,4,5
4829,14,265,14,2,3,1,79,86,300,600,1,5
4830,6,129,6,1,3,3,56,24,180,300,4,5
4831,8,407,9,1,3,1,26,61,0,300,2,5
4832,2,92,2,2,3,2,86,15,180,300,2,5
4833,9,563,11,1,3,3,29,8,60,180,3,5
4834,1,78,1,1,3,2,91,21,180,300,3,5
4835,14,489,15,2,3,3,82,97,420,540,1,5
4836,10,570,11,1,3,2,59,5,60,180,1,5
4837,9,240,10,2,3,3,55,56,60,180,3,5
4838,12,370,12,2,3,2,81,33,420,540,3,5
4839,4,25,5,1,3,3,37,62,0,300,4,5
4840,12,166,13,2,3,3,57,28,0,300,4,5
4841,14,482,15,1,3,3,65,85,60,180,1,5
4842,6,514,7,1,3,2,46,16,180,300,3,5
4843,2,418,3,2,3,2,28,64,420,540,4,5
4844,12,109,13,2,3,1,38,21,180,300,2,5
4845,2,392,3,1,3,2,21,0,0,300,3,5
4846,3,24,3,1,3,2,18,24,60,180,4,5
4847,11,466,12,2,3,2,1,50,0,300,2,5
4848,8,328,8,2,3,2,41,28,420,540,4,5
4849,5,552,6,1,3,3,79,98,0,300,1,5
4850,10,353,10,2,3,3,16,23,420,540,4,5
4851,13,425,14,1,3,1,38,38,60,180,1,5
4852,3,319,4,2,3,1,47,12,60,180,4,5
4853,8,343,8,2,3,2,36,25,420,540,4,5
4854,11,234,12,1,3,3,87,86,180,300,2,5
4855,7,527,8,1,3,2,23,29,0,300,1,5
4856,14,458,16,1,3,2,91,45,0,300,2,5
4857,2,388,2,2,3,2,10,23,420,540,2,5
4858,3,312,4,1,3,1,8,73,60,180,2,5
4859,14,382,14,2,3,1,52,57,420,540,1,5
4860,6,321,6,2,3,1,51,82,420,540,3,5
4861,14,445,16,2,3,1,30,25,300,600,2,5
4862,10,204,11,1,3,2,90,28,0,300,4,5
4863,1,62,2,1,3,1,53,27,60,180,1,5
4864,13,157,13,1,3,1,0,30,180,300,2,5
4865,10,143,11,2,3,3,70,6,420,540,1,5
4866,10,527,12,1,3,1,55,52,60,180,2,5
4867,6,559,8,1,3,1,69,33,60,180,1,5
4868,7,118,7,2,3,1,67,17,180,300,4,5
4869,5,170,7,1,3,1,63,27,180,300,2,5
4870,7,126,7,2,3,3,71,88,420,540,1,5
4871,5,159,5,1,3,3,43,95,180,300,1,5
4872,11,348,11,2,3,3,70,64,420,540,3,5
4873,14,311,15,2,3,3,26,66,60,180,4,5
4874,1,426,3,2,3,3,55,59,0,300,1,5
4875,11,481,12,1,3,2,0,9,60,180,3,5
4876,13,550,14,2,3,1,26,27,0,300,4,5
4877,12,105,12,2,3,2,78,75,300,420,3,5
4878,10,479,11,2,3,3,97,61,300,420,1,5
4879,12,98,13,2,3,2,62,41,0,300,2,5
4880,10,201,11,1,3,2,52,20,60,180,1,5
4881,8,197,8,2,3,1,9,25,300,420,3,5
4882,10,296,11,1,3,2,85,55,60,180,4,5
4883,5,330,6,1,3,1,100,69,60,180,4,5
4884,6,241,7,2,3,1,72,92,60,180,3,5
4885,1,381,2,1,3,1,14,78,180,300,1,5
4886,11,530,12,1,3,3,8,41,180,300,4,5
4887,14,339,14,2,3,1,72,18,420,540,3,5
4888,9,351,9,2,3,3,20,22,420,540,2,5
4889,7,206,8,1,3,2,41,47,0,300,1,5
4890,12,303,12,2,3,1,14,46,420,540,4,5
4891,2,354,2,2,3,3,33,10,420,540,3,5
4892,1,457,3,1,3,3,65,99,180,300,4,5
4893,7,91,7,2,3,2,69,56,420,540,1,5
4894,13,315,14,1,3,1,93,33,180,300,1,5
4895,1,597,3,1,3,2,75,81,180,300,4,5
4896,11,234,11,2,3,3,4,28,420,540,3,5
4897,6,24,6,2,3,1,84,68,420,540,3,5
4898,8,372,9,2,3,1,98,36,180,300,2,5
4899,3,462,5,2,3,3,80,12,60,180,2,5
4900,1,268,1,2,3,3,27,16,300,600,2,5
4901,4,165,5,1,3,1,90,88,180,300,4,5
4902,13,512,15,2,3,3,24,35,420,540,4,5
4903,6,544,8,1,3,2,89,29,180,300,2,5
4904,13,107,14,1,3,2,49,51,180,300,1,5
4905,11,320,12,1,3,1,74,36,0,300,4,5
4906,2,425,4,2,3,3,83,65,180,300,4,5
4907,13,410,13,2,3,3,1,38,420,540,4,5
4908,14,103,15,1,3,3,50,72,60,180,4,5
4909,9,306,9,2,3,3,34,75,420,540,3,5
4910,3,189,4,2,3,3,62,91,180,300,2,5
4911,9,447,10,1,3,2,60,46,180,300,2,5
4912,7,183,7,2,3,1,77,0,420,540,2,5
4913,10,111,10,2,3,1,32,83,180,300,3,5
4914,14,466,15,2,3,3,94,19,420,540,4,5
4915,7,108,7,1,3,1,90,7,180,300,3,5
4916,4,343,4,2,3,2,19,17,420,540,3,5
4917,12,448,13,1,3,1,14,22,0,300,4,5
4918,9,252,9,2,3,1,48,47,420,540,4,5
4919,11,179,11,1,3,2,71,88,180,300,2,5
4920,7,542,8,2,3,3,35,17,0,300,1,5
4921,13,143,14,1,3,1,63,24,180,300,2,5
4922,4,290,4,2,3,2,2,86,420,540,3,5
4923,6,146,7,2,3,1,37,62,300,600,2,5
4924,12,118,14,2,3,2,34,5,420,540,1,5
4925,14,576,15,1,3,1,68,71,60,180,3,5
4926,12,418,12,2,3,3,16,43,420,540,4,5
4927,7,528,9,1,3,1,16,69,0,300,3,5
4928,6,290,6,2,3,1,62,33,300,600,1,5
4929,12,512,13,1,3,3,55,26,60,180,1,5
4930,7,577,9,1,3,2,61,41,180,300,4,5
4931,13,220,13,2,3,1,42,61,300,420,1,5
4932,7,570,9,1,3,3,83,39,0,300,2,5
4933,11,166,11,1,3,2,32,28,180,300,2,5
4934,7,396,7,2,3,2,38,29,420,540,4,5
4935,11,372,12,1,3,1,25,7,60,180,2,5
4936,10,489,12,1,3,2,7,8,180,300,4,5
4937,13,217,14,1,3,1,56,21,0,300,3,5
4938,4,359,4,2,3,2,66,5,420,540,4,5
4939,6,200,6,2,3,1,8,70,420,540,1,5
4940,6,267,7,1,3,1,22,91,60,180,1,5
4941,4,243,5,2,3,1,59,20,300,420,3,5
4942,4,454,5,1,3,2,96,59,0,300,2,5
4943,2,208,2,2,3,2,20,33,420,540,1,5
4944,7,75,7,2,3,2,69,27,180,300,4,5
4945,2,151,3,1,3,2,94,57,60,180,3,5
4946,10,326,10,2,3,1,70,68,420,540,2,5
4947,4,48,5,1,3,3,57,31,60,180,3,5
4948,10,501,11,1,3,1,9,33,180,300,2,5
4949,2,44,3,1,3,2,0,27,180,300,2,5
4950,4,253,4,2,3,3,7,41,420,540,3,5
4951,7,437,9,2,3,1,100,51,60,180,3,5
4952,7,74,8,1,3,3,77,14,0,300,2,5
4953,6,388,6,2,3,3,97,4,420,540,3,5
4954,4,143,4,2,3,2,19,96,180,300,1,5
4955,2,29,2,2,3,1,82,25,180,300,1,5
4956,10,567,11,2,3,2,50,28,60,180,3,5
4957,9,568,11,2,3,2,94,25,60,180,4,5
4958,9,100,9,1,3,2,80,30,180,300,3,5
4959,8,36,9,2,3,1,10,26,180,300,4,5
4960,1,333,1,2,3,3,62,57,420,540,4,5
4961,3,202,4,2,3,2,100,10,0,300,1,5
4962,10,228,11,1,3,1,17,30,0,300,2,5
4963,14,502,15,1,3,2,81,94,0,300,4,5
4964,9,335,10,1,3,1,17,6,60,180,1,5
4965,6,42,7,1,3,3,52,3,180,300,4,5
4966,11,225,12,2,3,3,61,73,180,300,4,5
4967,7,456,9,2,3,2,100,66,180,300,4,5
4968,10,508,12,2,3,2,55,55,60,180,1,5
4969,9,49,11,2,3,1,84,72,420,540,2,5
4970,7,311,7,2,3,2,70,11,420,540,1,5
4971,10,389,10,2,3,1,14,94,420,540,3,5
4972,4,287,4,2,3,2,59,13,420,540,3,5
4973,1,482,2,1,3,2,27,24,0,300,3,5
4974,8,84,9,1,3,2,44,31,180,300,4,5
4975,8,158,9,1,3,2,76,4,0,300,4,5
4976,10,407,10,2,3,1,74,23,420,540,1,5
4977,11,328,11,2,3,3,97,92,420,540,4,5
4978,7,280,8,1,3,1,24,21,180,300,4,5
4979,3,174,3,1,3,3,2,40,180,300,2,5
4980,3,116,3,1,3,2,23,75,180,300,2,5
4981,9,77,10,2,3,2,14,8,0,300,3,5
4982,8,374,8,2,3,3,70,29,420,540,2,5
4983,6,546,7,2,3,2,49,28,300,420,4,5
4984,4,400,5,1,3,1,65,62,60,180,4,5
4985,9,84,9,1,3,2,34,35,180,300,4,5
4986,13,84,13,2,3,2,39,11,300,420,2,5
4987,8,312,8,2,3,2,0,42,420,540,3,5
4988,6,108,7,2,3,3,53,9,420,540,1,5
4989,9,503,10,1,3,1,21,24,180,300,4,5
4990,2,242,3,1,3,3,55,87,60,180,1,5
4991,3,528,4,2,3,1,24,96,300,600,1,5
4992,4,343,4,2,3,1,1,56,420,540,2,5
4993,2,359,2,2,3,1,36,57,420,540,3,5
4994,12,101,13,1,3,3,14,40,0,300,4,5
4995,2,235,2,2,3,1,77,10,420,540,3,5
4996,4,311,5,1,3,3,21,95,180,300,4,5
4997,14,295,14,2,3,3,92,35,420,540,4,5
4998,14,409,14,2,3,1,89,29,420,540,2,5
4999,9,315,10,1,3,2,11,38,180,300,3,5
5000,12,541,13,1,3,1,47,100,0,300,2,5
5001,2,343,3,1,3,1,30,82,60,180,3,5
5002,2,600,4,2,3,3,45,65,60,180,2,5
5003,14,151,15,1,3,1,75,44,0,300,4,5
5004,5,15,5,2,3,1,83,92,0,300,4,5
5005,5,367,5,2,3,2,64,12,420,540,3,5
5006,12,233,13,1,3,3,27,58,180,300,3,5
5007,6,336,6,2,3,2,40,6,420,540,1,5
5008,6,477,7,1,3,2,94,14,0,300,1,5
5009,4,504,5,1,3,2,21,16,60,180,4,5
5010,5,66,5,1,3,3,65,93,180,300,4,5
5011,2,534,4,1,3,1,41,43,0,300,4,5
5012,11,18,11,2,3,1,74,92,300,420,1,5
5013,9,295,9,2,3,3,63,10,300,420,3,5
5014,12,316,12,2,3,2,87,84,420,540,3,5
5015,9,100,9,1,3,3,59,34,180,300,3,5
5016,3,364,3,2,3,2,86,24,420,540,4,5
5017,10,275,10,2,3,2,70,41,420,540,1,5
5018,12,554,14,2,3,3,85,67,180,300,2,5
5019,10,290,10,2,3,3,35,85,420,540,3,5
5020,4,295,5,1,3,2,29,52,180,300,4,5
5021,6,262,6,2,3,2,53,33,420,540,3,5
5022,14,66,15,1,3,2,58,2,180,300,1,5
5023,3,234,3,2,3,2,9,81,300,420,1,5
5024,6,520,7,1,3,1,92,36,60,180,3,5
5025,13,288,13,2,3,1,64,7,420,540,1,5
5026,8,186,9,1,3,1,89,54,180,300,4,5
5027,4,339,5,1,3,2,9,9,60,180,4,5
5028,1,277,1,2,3,3,92,28,300,600,2,5
5029,9,327,9,2,3,3,37,22,420,540,3,5
5030,7,150,8,1,3,1,10,30,180,300,2,5
5031,7,581,9,2,3,2,24,100,60,180,1,5
5032,3,565,4,1,3,1,6,92,180,300,3,5
5033,10,254,12,2,3,3,18,77,0,300,2,5
5034,2,140,2,1,3,3,28,72,180,300,2,5
5035,12,260,13,1,3,2,93,71,0,300,4,5
5036,11,476,13,1,3,3,49,12,60,180,3,5
5037,4,449,6,1,3,1,76,91,60,180,3,5
5038,5,247,5,2,3,2,62,9,420,540,1,5
5039,8,262,9,2,3,3,20,38,180,300,3,5
5040,13,346,13,2,3,2,47,44,420,540,4,5
5041,7,282,8,2,3,1,61,33,0,300,4,5
5042,13,129,15,1,3,2,90,96,0,300,3,5
5043,10,422,11,1,3,2,49,34,60,180,3,5
5044,2,25,3,1,3,1,3,78,180,300,3,5
5045,5,392,6,1,3,2,91,40,60,180,1,5
5046,2,86,2,1,3,1,46,67,180,300,1,5
5047,10,7,11,2,3,1,35,22,180,300,3,5
5048,13,53,13,2,3,1,20,90,180,300,1,5
5049,7,505,9,2,3,2,36,36,180,300,3,5
5050,7,361,7,2,3,1,17,57,420,540,3,5
5051,14,6,15,1,3,1,67,19,180,300,1,5
5052,1,10,1,1,3,2,10,74,60,180,4,5
5053,9,25,9,2,3,1,42,71,60,180,4,5
5054,4,524,6,2,3,2,58,39,180,300,1,5
5055,11,176,11,1,3,3,36,17,180,300,4,5
5056,12,197,12,2,3,3,98,75,420,540,1,5
5057,13,127,14,1,3,3,29,81,180,300,1,5
5058,2,257,2,2,3,2,43,83,300,600,1,5
5059,13,92,14,1,3,1,67,86,180,300,2,5
5060,1,588,3,1,3,2,67,95,60,180,4,5
5061,10,482,11,1,3,2,44,82,180,300,2,5
5062,9,452,10,1,3,3,65,52,60,180,1,5
5063,10,549,11,1,3,3,83,98,60,180,2,5
5064,14,182,14,2,3,1,35,90,420,540,3,5
5065,13,257,13,2,3,2,97,5,420,540,3,5
5066,1,149,2,2,3,1,55,81,420,540,4,5
5067,8,19,9,2,3,1,1,85,420,540,4,5
5068,14,573,16,1,3,2,61,95,180,300,2,5
5069,9,111,9,2,3,2,78,81,300,420,2,5
5070,1,303,1,2,3,1,94,46,420,540,1,5
5071,10,213,10,2,3,2,1,90,300,600,1,5
5072,8,215,8,2,3,3,62,41,420,540,3,5
5073,12,553,13,2,3,1,33,54,0,300,2,5
5074,13,481,14,1,3,2,11,75,0,300,3,5
5075,7,306,7,2,3,1,25,13,420,540,4,5
5076,9,246,9,2,3,2,76,41,420,540,2,5
5077,10,552,12,1,3,3,0,51,0,300,2,5
5078,7,258,7,2,3,3,99,97,300,600,3,5
5079,6,210,7,2,3,1,10,1,180,300,2,5
5080,13,300,14,1,3,1,68,87,180,300,1,5
5081,7,544,8,1,3,3,42,63,60,180,4,5
5082,10,424,12,1,3,1,35,26,0,300,3,5
5083,4,169,5,1,3,2,88,6,60,180,2,5
5084,4,456,5,2,3,3,75,84,180,300,4,5
5085,14,343,14,2,3,2,46,98,420,540,3,5
5086,12,21,13,1,3,2,74,51,60,180,1,5
5087,7,398,7,2,3,3,34,2,420,540,1,5
5088,13,141,14,1,3,2,28,99,180,300,2,5
5089,8,323,8,2,3,1,91,46,420,540,2,5
5090,5,113,5,1,3,3,50,22,180,300,2,5
5091,14,597,15,1,3,1,14,14,60,180,4,5
5092,8,521,9,2,3,1,47,43,0,300,3,5
5093,8,471,9,2,3,2,54,20,300,420,4,5
5094,3,165,3,2,3,1,62,23,420,540,3,5
5095,4,310,5,1,3,3,88,70,0,300,4,5
5096,12,124,13,1,3,2,94,69,60,180,4,5
5097,11,554,12,2,3,3,82,3,420,540,1,5
5098,12,561,13,1,3,2,9,100,0,300,2,5
5099,5,600,7,2,3,1,35,64,0,300,2,5
5100,4,434,5,1,3,2,85,63,180,300,2,5
5101,9,20,9,1,3,2,88,68,60,180,2,5
5102,12,453,13,2,3,3,37,47,60,180,2,5
5103,5,347,6,1,3,3,14,100,0,300,3,5
5104,4,134,5,1,3,1,85,63,180,300,1,5
5105,1,212,1,2,3,3,75,59,420,540,2,5
5106,9,568,11,1,3,1,62,15,180,300,2,5
5107,4,97,4,1,3,3,36,84,180,300,1,5
5108,1,277,1,2,3,2,65,29,300,420,4,5
5109,1,456,2,1,3,3,71,54,60,180,4,5
5110,3,560,4,2,3,1,13,63,300,600,1,5
5111,3,127,3,1,3,1,0,3,180,300,2,5
5112,11,400,12,1,3,1,59,53,180,300,3,5
5113,7,13,7,1,3,2,30,73,60,180,2,5
5114,10,415,10,2,3,2,14,19,420,540,4,5
5115,3,137,3,2,3,2,71,23,300,420,4,5
5116,6,458,8,1,3,1,47,67,60,180,2,5
5117,12,134,12,2,3,3,59,84,180,300,2,5
5118,8,321,8,2,3,3,66,73,420,540,3,5
5119,2,158,2,1,3,1,86,27,180,300,1,5
5120,6,439,7,2,3,3,53,85,300,420,2,5
5121,2,552,4,2,3,1,75,15,300,600,4,5
5122,13,319,14,1,3,3,51,33,60,180,3,5
5123,3,192,3,2,3,1,44,69,420,540,4,5
5124,11,506,12,1,3,3,4,16,60,180,2,5
5125,9,308,9,2,3,1,46,68,420,540,3,5
5126,3,477,4,2,3,1,82,12,420,540,4,5
5127,2,20,2,2,3,2,79,17,420,540,2,5
5128,12,193,12,2,3,3,28,45,420,540,4,5
5129,12,518,14,1,3,2,96,22,60,180,2,5
5130,5,30,5,2,3,1,0,75,60,180,3,5
5131,13,270,15,2,3,2,71,27,60,180,1,5
5132,10,301,10,2,3,2,83,54,420,540,1,5
5133,13,67,13,1,3,3,12,39,180,300,4,5
5134,6,21,6,1,3,2,20,74,60,180,3,5
5135,11,441,12,1,3,3,24,59,0,300,1,5
5136,2,152,2,2,3,2,15,82,180,300,4,5
5137,1,294,1,2,3,2,4,87,300,420,4,5
5138,4,7,5,2,3,2,27,63,420,540,2,5
5139,12,97,12,1,3,3,43,40,180,300,4,5
5140,8,147,8,2,3,1,52,32,420,540,2,5
5141,11,594,12,1,3,3,72,43,180,300,1,5
5142,2,317,3,2,3,3,12,61,60,180,4,5
5143,9,495,11,1,3,1,51,41,180,300,1,5
5144,5,325,6,2,3,2,41,94,300,420,1,5
5145,7,96,8,1,3,1,96,99,180,300,2,5
5146,1,68,1,2,3,1,0,29,300,420,4,5
5147,3,48,3,2,3,1,85,100,420,540,1,5
5148,4,522,6,1,3,2,83,64,180,300,1,5
5149,14,257,14,2,3,2,83,62,420,540,1,5
5150,14,297,14,2,3,2,2,24,300,600,3,5
5151,8,164,9,2,3,2,91,54,0,300,4,5
5152,13,73,15,1,3,1,67,25,0,300,4,5
5153,7,236,7,2,3,2,14,60,300,420,2,5
5154,1,600,2,2,3,1,69,91,60,180,3,5
5155,12,596,14,2,3,2,26,26,300,420,3,5
5156,12,390,14,1,3,1,34,3,0,300,2,5
5157,14,217,15,2,3,3,53,25,300,420,2,5
5158,5,510,6,1,3,2,9,86,0,300,3,5
5159,8,254,8,2,3,1,32,49,420,540,1,5
5160,3,158,4,2,3,2,34,3,0,300,3,5
5161,11,148,12,1,3,2,29,36,180,300,4,5
5162,10,258,10,2,3,3,28,34,420,540,3,5
5163,11,382,11,2,3,3,2,63,420,540,3,5
5164,12,218,13,1,3,1,67,81,0,300,3,5
5165,10,527,11,1,3,1,89,51,60,180,4,5
5166,14,314,15,1,3,2,43,89,180,300,1,5
5167,13,579,15,1,3,1,88,84,60,180,2,5
5168,7,375,7,2,3,3,67,74,420,540,4,5
5169,5,78,5,2,3,3,29,55,420,540,4,5
5170,8,465,9,1,3,3,67,98,0,300,3,5
5171,3,160,4,1,3,3,78,84,0,300,2,5
5172,7,24,7,1,3,2,52,26,60,180,3,5
5173,8,382,8,2,3,2,63,90,420,540,4,5
5174,6,191,7,1,3,1,33,70,60,180,1,5
5175,1,400,2,1,3,1,8,99,0,300,1,5
5176,7,247,7,2,3,3,10,1,420,540,4,5
5177,8,71,8,1,3,1,62,79,180,300,4,5
5178,6,401,8,1,3,1,77,22,60,180,4,5
5179,1,501,2,1,3,2,65,85,180,300,3,5
5180,12,19,12,1,3,3,35,59,60,180,3,5
5181,6,316,6,2,3,3,13,9,420,540,3,5
5182,6,93,6,1,3,1,45,95,180,300,2,5
5183,1,8,2,1,3,3,12,64,60,180,1,5
5184,13,49,13,2,3,1,96,9,60,180,1,5
5185,9,25,9,2,3,1,83,41,0,300,3,5
5186,9,581,10,1,3,3,91,43,180,300,1,5
5187,5,301,5,2,3,3,11,92,420,540,1,5
5188,6,236,7,1,3,1,52,25,60,180,2,5
5189,2,275,3,2,3,2,4,52,420,540,4,5
5190,11,361,12,1,3,3,81,22,180,300,3,5
5191,9,583,11,1,3,2,31,40,60,180,3,5
5192,5,302,6,2,3,3,96,31,420,540,1,5
5193,4,581,6,1,3,3,22,2,0,300,4,5
5194,11,503,13,1,3,1,35,98,60,180,2,5
5195,4,245,4,2,3,3,21,64,300,420,3,5
5196,5,218,7,2,3,2,92,44,60,180,1,5
5197,10,16,10,1,3,2,40,80,60,180,4,5
5198,7,526,9,2,3,2,32,74,180,300,2,5
5199,2,156,2,2,3,2,37,96,300,600,3,5
5200,8,358,9,1,3,1,84,31,0,300,3,5
5201,8,314,9,1,3,3,11,86,0,300,1,5
5202,11,597,12,2,3,2,2,92,0,300,4,5
5203,6,287,6,2,3,2,20,82,300,600,4,5
5204,1,273,1,2,3,1,69,74,300,600,3,5
5205,10,349,11,1,3,1,95,22,180,300,1,5
5206,11,387,11,2,3,2,72,3,420,540,2,5
5207,5,212,5,2,3,1,26,17,300,600,2,5
5208,12,45,12,2,3,1,44,18,180,300,3,5
5209,2,320,2,2,3,2,50,68,420,540,3,5
5210,12,269,12,2,3,2,96,94,300,600,4,5
5211,11,454,12,1,3,1,65,70,0,300,4,5
5212,7,402,7,2,3,1,4,64,420,540,1,5
5213,3,545,5,1,3,2,79,88,0,300,4,5
5214,7,517,8,1,3,2,10,71,180,300,3,5
5215,10,404,10,2,3,3,99,31,420,540,1,5
5216,3,278,4,2,3,1,62,58,180,300,4,5
5217,14,14,15,1,3,2,43,4,180,300,1,5
5218,11,418,12,1,3,3,29,68,60,180,2,5
5219,5,68,5,1,3,1,75,11,180,300,3,5
5220,8,322,8,2,3,3,73,35,420,540,3,5
5221,12,84,13,1,3,1,9,15,60,180,3,5
5222,6,50,6,1,3,2,84,90,60,180,2,5
5223,10,470,12,1,3,3,5,4,180,300,2,5
5224,7,454,8,2,3,2,79,82,420,540,4,5
5225,4,317,4,2,3,2,36,84,420,540,1,5
5226,9,551,10,2,3,3,98,42,0,300,3,5
5227,1,160,1,2,3,1,41,45,420,540,4,5
5228,13,432,14,2,3,3,27,74,300,600,3,5
5229,2,458,3,2,3,3,3,88,0,300,2,5
5230,8,276,8,2,3,3,30,6,420,540,3,5
5231,1,534,2,1,3,2,85,54,60,180,2,5
5232,8,490,10,1,3,3,34,68,60,180,4,5
5233,11,261,12,1,3,3,75,75,60,180,3,5
5234,7,516,8,2,3,3,60,46,60,180,3,5
5235,14,296,14,2,3,1,58,13,420,540,1,5
5236,4,341,5,2,3,3,4,71,180,300,4,5
5237,3,365,3,2,3,2,68,99,420,540,4,5
5238,9,14,9,2,3,1,65,28,60,180,4,5
5239,7,67,7,1,3,1,7,89,180,300,2,5
5240,5,280,6,2,3,1,2,72,60,180,2,5
5241,10,452,11,1,3,3,7,34,0,300,1,5
5242,13,452,14,1,3,3,81,77,60,180,2,5
5243,4,438,6,2,3,3,90,37,0,300,3,5
5244,6,429,8,1,3,3,5,30,60,180,1,5
5245,1,404,1,2,3,2,12,67,420,540,4,5
5246,14,169,14,2,3,3,42,71,300,600,4,5
5247,12,190,12,2,3,3,5,78,420,540,2,5
5248,9,344,10,1,3,2,7,7,180,300,4,5
5249,14,169,14,1,3,1,69,13,180,300,1,5
5250,12,21,12,1,3,3,65,52,60,180,1,5
5251,12,411,13,1,3,3,25,78,180,300,3,5
5252,5,84,5,1,3,3,61,25,180,300,1,5
5253,12,479,13,2,3,2,31,38,180,300,2,5
5254,6,219,6,2,3,2,36,98,420,540,3,5
5255,13,227,14,1,3,2,26,25,0,300,1,5
5256,9,221,9,2,3,1,40,90,420,540,1,5
5257,11,23,13,1,3,1,92,69,180,300,3,5
5258,4,455,6,1,3,2,79,51,180,300,1,5
5259,5,522,6,2,3,3,89,70,180,300,1,5
5260,14,246,14,2,3,3,63,73,300,420,2,5
5261,9,79,9,1,3,2,95,27,180,300,2,5
5262,13,254,13,2,3,3,0,9,420,540,2,5
5263,3,54,4,2,3,1,48,5,0,300,1,5
5264,12,111,13,1,3,2,31,58,0,300,2,5
5265,4,125,4,2,3,2,39,20,300,600,3,5
5266,3,161,4,1,3,1,42,38,180,300,1,5
5267,1,50,1,2,3,1,38,51,0,300,3,5
5268,5,139,6,2,3,1,26,67,300,420,1,5
5269,13,490,14,1,3,3,45,52,180,300,2,5
5270,12,562,13,2,3,2,64,85,180,300,2,5
5271,12,522,13,1,3,3,63,34,0,300,4,5
5272,9,319,9,2,3,2,48,20,420,540,3,5
5273,13,157,14,1,3,3,25,98,60,180,1,5
5274,3,52,4,1,3,3,23,6,60,180,3,5
5275,9,507,10,1,3,3,7,36,180,300,1,5
5276,1,520,2,2,3,1,100,36,60,180,1,5
5277,1,222,2,1,3,1,52,63,180,300,4,5
5278,6,297,7,2,3,1,57,3,0,300,4,5
5279,10,51,10,2,3,2,46,54,0,300,3,5
5280,2,13,3,2,3,1,100,83,60,180,2,5
5281,1,285,1,2,3,2,85,3,420,540,3,5
5282,4,499,6,1,3,2,40,22,180,300,2,5
5283,5,466,7,2,3,1,39,22,60,180,3,5
5284,8,155,9,1,3,3,81,85,0,300,4,5
5285,10,25,10,1,3,1,5,28,60,180,3,5
5286,7,528,9,1,3,2,100,23,60,180,4,5
5287,9,552,11,1,3,1,14,97,180,300,4,5
5288,11,164,11,1,3,1,10,62,180,300,4,5
5289,2,219,2,2,3,3,65,47,420,540,3,5
5290,2,188,3,1,3,1,90,78,0,300,2,5
5291,2,360,2,2,3,3,11,33,420,540,2,5
5292,5,400,6,1,3,3,22,82,60,180,4,5
5293,7,351,9,2,3,1,14,11,180,300,3,5
5294,8,413,9,1,3,1,72,17,0,300,1,5
5295,9,462,10,2,3,3,67,94,0,300,2,5
5296,5,247,7,2,3,3,90,92,180,300,3,5
5297,9,132,10,2,3,2,66,15,60,180,2,5
5298,6,392,6,2,3,1,43,67,420,540,4,5
5299,6,452,8,1,3,3,37,30,0,300,2,5
5300,14,536,15,1,3,2,69,86,180,300,4,5
5301,10,226,11,2,3,1,90,31,60,180,4,5
5302,13,508,14,2,3,3,21,86,180,300,4,5
5303,14,397,15,2,3,1,88,84,0,300,4,5
5304,7,23,8,2,3,3,39,74,180,300,1,5
5305,1,463,2,2,3,1,9,14,420,540,3,5
5306,5,569,7,1,3,1,9,61,60,180,2,5
5307,14,570,15,2,3,2,55,17,0,300,2,5
5308,4,509,5,1,3,1,94,61,60,180,4,5
5309,11,229,12,1,3,2,3,70,0,300,3,5
5310,12,469,13,1,3,3,91,64,180,300,2,5
5311,13,478,15,1,3,1,24,13,180,300,2,5
5312,2,27,3,2,3,2,96,69,60,180,2,5
5313,6,14,6,1,3,2,26,55,60,180,1,5
5314,5,578,7,1,3,3,28,57,60,180,1,5
5315,13,420,13,2,3,1,73,52,420,540,1,5
5316,10,507,11,1,3,3,44,27,180,300,4,5
5317,7,45,8,1,3,1,62,65,180,300,2,5
5318,12,505,14,1,3,2,88,64,60,180,2,5
5319,7,532,8,1,3,3,100,30,60,180,4,5
5320,6,348,7,1,3,1,85,46,60,180,2,5
5321,8,126,8,2,3,2,62,68,420,540,2,5
5322,5,218,6,1,3,3,59,71,180,300,2,5
5323,5,598,6,1,3,3,36,91,0,300,4,5
5324,14,369,15,2,3,2,11,59,60,180,4,5
5325,14,415,14,2,3,1,25,37,420,540,3,5
5326,14,547,16,2,3,1,23,92,180,300,3,5
5327,4,465,5,1,3,1,42,54,0,300,2,5
5328,4,101,5,2,3,3,12,5,0,300,4,5
5329,11,300,12,1,3,3,6,25,60,180,3,5
5330,12,516,14,1,3,2,29,20,60,180,2,5
5331,8,355,9,1,3,1,47,23,0,300,3,5
5332,11,586,13,1,3,1,70,73,0,300,3,5
5333,4,459,6,1,3,1,38,54,60,180,4,5
5334,12,167,12,1,3,2,71,77,180,300,4,5
5335,5,491,7,1,3,3,45,30,180,300,1,5
5336,13,301,14,2,3,3,78,45,180,300,3,5
5337,9,536,10,1,3,2,22,34,60,180,1,5
5338,6,199,6,2,3,1,19,51,300,420,2,5
5339,10,108,10,2,3,3,88,19,300,600,4,5
5340,14,452,15,1,3,3,91,27,180,300,3,5
5341,1,511,2,1,3,1,88,82,180,300,1,5
5342,12,484,13,1,3,2,37,30,180,300,2,5
5343,5,77,5,2,3,2,56,47,420,540,2,5
5344,14,9,15,2,3,1,97,91,420,540,3,5
5345,13,379,14,1,3,1,27,38,180,300,3,5
5346,12,113,13,2,3,1,70,76,0,300,2,5
5347,14,92,16,1,3,2,99,56,0,300,1,5
5348,6,62,6,2,3,2,78,92,300,600,3,5
5349,6,489,7,2,3,3,20,17,180,300,2,5
5350,1,298,2,2,3,1,60,23,420,540,1,5
5351,6,56,6,1,3,3,29,88,60,180,3,5
5352,14,120,14,1,3,1,11,87,180,300,1,5
5353,12,351,12,2,3,3,18,46,420,540,1,5
5354,4,7,4,1,3,2,87,22,60,180,4,5
5355,9,362,10,2,3,1,8,92,60,180,4,5
5356,11,420,11,2,3,2,38,25,420,540,2,5
5357,2,389,2,2,3,2,80,66,420,540,1,5
5358,8,429,9,1,3,2,22,7,60,180,4,5
5359,10,309,12,1,3,1,43,77,60,180,1,5
5360,1,224,1,2,3,2,88,7,300,420,2,5
5361,3,123,4,1,3,1,37,87,180,300,3,5
5362,1,88,2,1,3,1,97,89,180,300,1,5
5363,4,136,4,1,3,2,18,6,180,300,3,5
5364,7,11,7,1,3,2,97,95,60,180,1,5
5365,7,142,8,2,3,2,81,96,300,600,1,5
5366,1,21,2,2,3,2,51,82,0,300,4,5
5367,7,30,7,1,3,1,64,43,60,180,3,5
5368,8,268,8,2,3,2,91,94,300,600,1,5
5369,11,359,11,2,3,3,27,20,420,540,1,5
5370,2,563,4,1,3,1,60,64,60,180,1,5
5371,10,387,10,2,3,2,92,87,420,540,2,5
5372,3,442,5,1,3,3,67,0,0,300,3,5
5373,3,259,4,1,3,3,69,47,0,300,2,5
5374,10,321,11,2,3,2,9,40,0,300,2,5
5375,14,346,14,2,3,2,34,27,420,540,3,5
5376,7,149,7,1,3,2,27,76,180,300,4,5
5377,12,386,12,2,3,3,84,61,420,540,4,5
5378,13,10,15,2,3,3,81,46,60,180,1,5
5379,7,578,9,1,3,2,74,53,60,180,3,5
5380,6,267,6,2,3,2,43,83,420,540,2,5
5381,7,490,8,1,3,3,13,8,180,300,4,5
5382,8,398,9,1,3,3,55,40,60,180,2,5
5383,1,354,2,1,3,1,19,32,60,180,2,5
5384,7,2,7,1,3,3,57,39,60,180,3,5
5385,7,108,7,2,3,1,11,91,180,300,1,5
5386,11,434,12,1,3,3,78,79,180,300,3,5
5387,5,184,6,1,3,1,38,79,60,180,2,5
5388,7,159,7,1,3,3,53,40,180,300,3,5
5389,6,248,7,1,3,2,83,60,60,180,2,5
5390,11,79,11,1,3,3,78,68,180,300,4,5
5391,12,50,12,2,3,3,28,71,180,300,1,5
5392,7,175,8,1,3,3,0,6,180,300,3,5
5393,2,16,3,1,3,3,58,42,0,300,1,5
5394,6,230,7,1,3,2,10,8,180,300,3,5
5395,1,424,3,2,3,3,45,99,0,300,2,5
5396,10,74,10,1,3,3,61,12,180,300,2,5
5397,11,523,13,2,3,3,26,56,60,180,2,5
5398,4,525,5,1,3,2,79,34,180,300,4,5
5399,4,583,6,1,3,3,73,48,0,300,1,5
5400,5,582,6,1,3,1,0,40,180,300,3,5
5401,10,0,10,2,3,3,35,64,0,300,4,5
5402,9,134,9,2,3,3,8,90,300,420,4,5
5403,2,52,3,1,3,3,23,51,60,180,2,5
5404,8,302,9,2,3,2,14,88,180,300,4,5
5405,12,259,13,1,3,2,13,45,60,180,3,5
5406,14,313,14,2,3,3,65,46,420,540,1,5
5407,8,170,8,2,3,3,81,88,180,300,4,5
5408,13,32,13,1,3,2,78,70,60,180,2,5
5409,6,382,6,2,3,2,20,32,420,540,4,5
5410,11,241,12,2,3,2,33,21,300,420,4,5
5411,4,265,5,1,3,3,47,32,0,300,4,5
5412,6,599,7,2,3,1,78,85,420,540,1,5
5413,4,194,6,1,3,1,85,23,180,300,1,5
5414,1,52,2,1,3,3,8,8,180,300,2,5
5415,11,478,12,1,3,3,74,83,0,300,4,5
5416,1,515,3,1,3,3,48,54,0,300,1,5
5417,11,433,13,1,3,1,25,2,60,180,2,5
5418,2,181,2,2,3,3,43,82,300,600,1,5
5419,2,566,4,2,3,2,64,47,0,300,1,5
5420,1,480,2,1,3,2,32,61,0,300,1,5
5421,3,8,4,1,3,3,0,29,180,300,1,5
5422,6,269,7,1,3,3,34,45,60,180,3,5
5423,1,230,2,1,3,2,66,99,180,300,3,5
5424,2,406,2,2,3,1,97,22,420,540,2,5
5425,7,262,7,2,3,1,51,80,300,600,3,5
5426,9,418,9,2,3,1,68,19,420,540,4,5
5427,4,462,5,1,3,2,18,24,0,300,4,5
5428,7,534,9,2,3,3,42,86,300,600,3,5
5429,6,134,8,1,3,2,29,30,0,300,4,5
5430,5,270,6,2,3,2,96,74,420,540,1,5
5431,14,584,15,2,3,3,85,86,180,300,3,5
5432,13,362,13,2,3,3,44,25,420,540,1,5
5433,8,310,9,2,3,2,97,18,60,180,3,5
5434,12,462,14,2,3,3,72,89,420,540,4,5
5435,5,338,6,2,3,2,93,28,180,300,3,5
5436,7,219,7,2,3,2,12,25,300,420,4,5
5437,6,335,7,1,3,2,63,41,60,180,4,5
5438,11,67,12,1,3,3,4,59,180,300,4,5
5439,2,584,3,1,3,1,7,72,60,180,2,5
5440,9,313,10,1,3,2,91,79,180,300,1,5
5441,8,345,9,1,3,1,0,9,180,300,2,5
5442,11,276,12,2,3,3,87,30,420,540,2,5
5443,1,360,1,2,3,3,87,61,420,540,4,5
5444,9,346,9,2,3,2,15,22,420,540,2,5
5445,14,7,14,2,3,3,52,18,60,180,4,5
5446,8,600,9,1,3,3,54,0,0,300,4,5
5447,1,217,2,1,3,1,72,39,0,300,3,5
5448,3,65,3,1,3,1,95,72,180,300,1,5
5449,4,500,6,2,3,1,13,83,180,300,3,5
5450,2,480,3,1,3,3,94,16,180,300,2,5
5451,2,50,2,2,3,1,49,61,0,300,4,5
5452,10,467,11,1,3,2,77,5,180,300,2,5
5453,6,321,7,1,3,3,14,33,60,180,3,5
5454,13,326,13,2,3,3,80,13,420,540,3,5
5455,11,534,13,2,3,3,52,6,180,300,1,5
5456,5,250,5,2,3,1,100,45,420,540,1,5
5457,14,325,14,2,3,2,80,22,420,540,1,5
5458,3,277,3,2,3,2,18,50,300,420,1,5
5459,13,285,13,2,3,3,53,96,420,540,4,5
5460,4,532,5,1,3,3,81,87,0,300,1,5
5461,10,149,10,2,3,3,4,88,300,420,4,5
5462,11,249,12,1,3,3,2,78,180,300,2,5
5463,9,274,10,2,3,2,66,98,60,180,1,5
5464,14,482,16,1,3,3,81,20,180,300,3,5
5465,8,564,10,1,3,2,78,0,0,300,2,5
5466,1,492,3,2,3,3,63,22,60,180,2,5
5467,2,285,2,2,3,3,0,89,300,600,1,5
5468,7,514,9,2,3,2,94,48,60,180,2,5
5469,7,451,8,1,3,3,90,55,0,300,4,5
5470,7,142,7,1,3,3,2,84,180,300,3,5
5471,8,421,10,1,3,1,2,100,180,300,1,5
5472,9,477,10,2,3,1,41,54,0,300,3,5
5473,6,358,7,1,3,2,13,86,60,180,4,5
5474,10,462,12,2,3,2,35,97,180,300,4,5
5475,1,38,1,1,3,2,41,29,60,180,3,5
5476,12,242,12,2,3,1,87,88,420,540,2,5
5477,9,561,10,2,3,3,81,69,60,180,4,5
5478,8,181,8,2,3,1,68,89,420,540,2,5
5479,4,366,5,2,3,2,53,81,420,540,4,5
5480,9,162,9,2,3,1,48,28,300,600,1,5
5481,9,488,10,2,3,2,92,41,0,300,1,5
5482,7,406,7,2,3,2,86,73,420,540,4,5
5483,2,501,4,2,3,2,81,83,420,540,2,5
5484,10,114,12,1,3,2,71,57,60,180,3,5
5485,1,362,1,2,3,3,49,32,420,540,3,5
5486,7,161,7,2,3,3,48,35,180,300,1,5
5487,3,569,4,1,3,1,15,34,180,300,4,5
5488,9,166,9,2,3,2,82,20,300,600,2,5
5489,3,331,3,2,3,1,94,94,420,540,1,5
5490,4,127,4,1,3,2,56,27,180,300,3,5
5491,10,295,11,1,3,3,33,44,0,300,4,5
5492,4,318,4,2,3,1,94,89,420,540,4,5
5493,11,378,12,1,3,2,79,25,180,300,4,5
5494,14,454,16,1,3,3,80,86,180,300,2,5
5495,4,267,4,2,3,2,24,45,300,600,4,5
5496,10,237,11,2,3,3,64,67,60,180,4,5
5497,4,500,6,1,3,3,18,8,60,180,1,5
5498,3,319,4,2,3,3,58,50,300,420,4,5
5499,6,262,6,2,3,1,95,78,420,540,2,5
5500,3,74,3,1,3,2,42,37,180,300,4,5
5501,5,45,6,1,3,1,37,80,60,180,4,5
5502,7,380,7,2,3,1,89,99,420,540,3,5
5503,1,417,1,2,3,1,48,54,420,540,3,5
5504,12,185,12,2,3,3,78,64,300,420,1,5
5505,11,292,11,2,3,3,32,15,300,420,2,5
5506,1,44,2,2,3,3,23,58,60,180,4,5
5507,5,42,5,2,3,2,45,11,0,300,4,5
5508,7,173,7,2,3,1,34,83,180,300,2,5
5509,7,269,7,2,3,3,30,7,420,540,2,5
5510,7,447,8,2,3,3,85,26,180,300,1,5
5511,14,480,16,1,3,1,73,62,180,300,3,5
5512,14,420,14,2,3,1,97,48,420,540,1,5
5513,14,267,15,1,3,2,93,25,180,300,2,5
5514,9,18,10,1,3,3,77,44,0,300,4,5
5515,14,290,15,2,3,1,79,50,60,180,4,5
5516,8,484,9,1,3,3,73,50,0,300,1,5
5517,14,125,14,1,3,1,16,65,180,300,4,5
5518,9,68,9,2,3,3,28,82,180,300,4,5
5519,4,111,4,1,3,3,30,59,180,300,2,5
5520,9,10,10,1,3,3,42,88,60,180,3,5
5521,3,480,4,1,3,1,23,22,180,300,3,5
5522,5,559,6,1,3,2,9,77,0,300,3,5
5523,2,139,4,1,3,2,2,51,0,300,3,5
5524,2,589,3,2,3,3,89,64,0,300,1,5
5525,1,247,1,2,3,3,64,20,420,540,4,5
5526,2,101,3,2,3,1,41,35,180,300,1,5
5527,10,83,10,2,3,3,99,2,420,540,4,5
5528,5,321,5,2,3,2,11,94,420,540,3,5
5529,9,396,9,2,3,1,70,49,420,540,4,5
5530,12,43,13,1,3,3,29,70,60,180,2,5
5531,13,213,14,1,3,3,44,76,60,180,2,5
5532,11,150,11,1,3,1,3,66,180,300,4,5
5533,3,189,3,2,3,2,83,61,300,420,2,5
5534,2,440,4,2,3,3,19,85,0,300,2,5
5535,14,9,14,1,3,3,87,25,60,180,2,5
5536,12,427,14,2,3,1,27,68,300,420,4,5
5537,4,514,5,1,3,2,76,72,0,300,1,5
5538,7,130,8,1,3,2,34,76,0,300,1,5
5539,5,222,6,1,3,2,68,90,180,300,1,5
5540,4,49,5,1,3,1,17,76,0,300,2,5
5541,6,196,6,2,3,1,43,49,300,600,2,5
5542,3,258,4,1,3,1,75,15,60,180,2,5
5543,13,206,14,1,3,1,65,62,180,300,3,5
5544,8,98,8,2,3,3,75,75,420,540,2,5
5545,4,124,4,1,3,3,28,9,180,300,1,5
5546,4,348,5,1,3,3,76,13,60,180,3,5
5547,3,257,4,1,3,3,48,100,0,300,3,5
5548,4,584,5,2,3,1,35,54,420,540,1,5
5549,3,83,3,2,3,1,87,40,180,300,1,5
5550,7,382,8,1,3,1,56,56,60,180,3,5
5551,8,510,9,1,3,1,74,85,60,180,1,5
5552,14,362,14,2,3,3,88,21,420,540,2,5
5553,7,337,8,2,3,2,80,13,300,420,2,5
5554,8,368,8,2,3,3,54,81,420,540,1,5
5555,12,216,12,2,3,2,66,33,300,420,3,5
5556,4,541,5,2,3,3,31,22,180,300,1,5
5557,14,154,14,2,3,1,29,46,300,600,4,5
5558,14,418,14,2,3,1,32,16,420,540,1,5
5559,13,399,14,2,3,2,48,8,420,540,1,5
5560,6,558,7,1,3,2,87,95,0,300,3,5
5561,12,20,12,2,3,3,46,53,300,420,2,5
5562,8,248,8,2,3,2,36,59,420,540,2,5
5563,3,134,3,1,3,3,76,72,180,300,2,5
5564,4,157,4,1,3,3,40,88,180,300,3,5
5565,1,278,1,2,3,3,4,69,300,420,2,5
5566,12,92,12,1,3,2,90,100,180,300,4,5
5567,9,380,10,1,3,1,17,7,180,300,2,5
5568,8,556,9,1,3,1,9,78,0,300,4,5
5569,8,74,9,1,3,2,7,65,60,180,3,5
5570,4,100,5,2,3,2,48,85,0,300,4,5
5571,10,213,12,1,3,1,5,65,0,300,1,5
5572,14,359,14,2,3,2,40,25,420,540,2,5
5573,1,372,2,1,3,2,51,48,60,180,2,5
5574,1,51,1,1,3,1,63,47,60,180,1,5
5575,9,14,9,1,3,3,86,47,60,180,4,5
5576,13,491,14,1,3,1,34,79,60,180,4,5
5577,11,577,12,1,3,1,91,70,180,300,4,5
5578,4,250,5,1,3,1,56,3,60,180,4,5
5579,11,575,12,1,3,1,65,54,180,300,3,5
5580,11,8,11,2,3,2,76,65,420,540,1,5
5581,14,372,14,2,3,1,35,51,420,540,4,5
5582,1,535,2,2,3,1,84,63,420,540,3,5
5583,14,12,14,1,3,1,41,18,60,180,1,5
5584,1,217,2,1,3,3,42,84,180,300,2,5
5585,2,331,2,2,3,1,30,34,420,540,3,5
5586,11,433,13,1,3,2,46,55,60,180,3,5
5587,9,393,10,1,3,2,37,58,0,300,3,5
5588,8,132,9,1,3,3,100,76,60,180,1,5
5589,3,432,5,2,3,2,86,83,180,300,1,5
5590,14,233,14,2,3,2,66,68,300,600,3,5
5591,4,292,5,1,3,3,39,55,0,300,4,5
5592,6,17,7,1,3,1,66,11,60,180,2,5
5593,5,251,5,2,3,3,29,99,420,540,1,5
5594,5,318,6,1,3,2,100,24,180,300,1,5
5595,6,323,7,2,3,1,100,73,60,180,2,5
5596,5,421,6,2,3,1,85,33,0,300,3,5
5597,2,210,2,2,3,3,92,81,300,420,2,5
5598,4,239,4,2,3,1,93,58,300,420,4,5
5599,8,255,9,1,3,1,13,51,60,180,1,5
5600,7,525,9,1,3,3,20,13,0,300,4,5
5601,7,595,9,2,3,2,54,84,0,300,4,5
5602,4,230,5,2,3,3,0,64,60,180,4,5
5603,3,10,3,2,3,2,14,4,0,300,3,5
5604,13,92,13,2,3,1,50,26,300,420,1,5
5605,10,277,10,2,3,1,10,53,420,540,4,5
5606,1,165,1,1,3,3,72,79,180,300,1,5
5607,3,543,5,2,3,2,91,92,300,420,2,5
5608,13,543,15,1,3,1,95,2,180,300,1,5
5609,4,280,4,2,3,1,11,14,420,540,3,5
5610,3,430,5,2,3,3,26,22,60,180,2,5
5611,2,373,2,2,3,2,87,19,420,540,4,5
5612,7,228,8,2,3,3,67,49,420,540,3,5
5613,10,404,11,2,3,1,72,93,420,540,4,5
5614,13,268,13,2,3,3,73,27,420,540,1,5
5615,7,160,7,1,3,1,20,26,180,300,4,5
5616,11,166,11,1,3,2,76,14,180,300,1,5
5617,9,117,9,1,3,2,52,75,180,300,1,5
5618,4,74,4,2,3,2,96,14,180,300,4,5
5619,5,117,6,1,3,1,83,82,0,300,4,5
5620,3,52,4,1,3,1,91,68,180,300,2,5
5621,9,289,10,2,3,2,81,92,420,540,1,5
5622,11,5,11,1,3,2,78,50,60,180,2,5
5623,4,385,5,1,3,2,13,81,180,300,3,5
5624,6,221,6,2,3,2,84,44,420,540,2,5
5625,6,216,7,1,3,3,76,3,0,300,2,5
5626,13,265,13,2,3,2,35,45,420,540,1,5
5627,6,87,7,1,3,1,61,64,60,180,4,5
5628,11,482,13,2,3,3,10,92,300,600,1,5
5629,4,542,5,1,3,3,58,22,60,180,3,5
5630,8,76,8,1,3,3,25,96,180,300,3,5
5631,8,488,10,2,3,1,83,11,60,180,1,5
5632,12,419,13,1,3,1,23,24,0,300,4,5
5633,2,550,3,1,3,1,58,40,180,300,1,5
5634,4,277,4,2,3,2,76,3,300,600,1,5
5635,11,280,11,2,3,1,97,77,300,420,1,5
5636,6,138,7,2,3,3,32,93,420,540,4,5
5637,12,495,13,1,3,2,5,25,0,300,3,5
5638,7,411,8,1,3,2,40,73,60,180,2,5
5639,9,508,10,2,3,1,1,61,300,420,4,5
5640,8,32,9,2,3,3,40,2,60,180,2,5
5641,5,292,6,1,3,1,58,69,0,300,4,5
5642,11,469,13,1,3,1,2,64,180,300,1,5
5643,14,227,14,2,3,2,62,78,420,540,3,5
5644,6,151,7,2,3,3,46,38,180,300,3,5
5645,11,169,12,2,3,2,4,67,0,300,2,5
5646,7,446,8,1,3,2,7,12,60,180,4,5
5647,5,331,5,2,3,3,92,35,420,540,3,5
5648,5,290,5,2,3,2,10,49,420,540,1,5
5649,9,385,9,2,3,3,2,48,420,540,2,5
5650,14,136,14,1,3,1,64,86,180,300,4,5
5651,4,41,4,1,3,2,100,66,60,180,4,5
5652,8,182,8,2,3,1,42,64,420,540,2,5
5653,9,152,10,2,3,3,36,5,0,300,3,5
5654,11,409,13,1,3,2,77,90,180,300,3,5
5655,4,581,6,1,3,2,61,13,60,180,2,5
5656,5,339,5,2,3,2,67,62,420,540,2,5
5657,13,63,13,1,3,2,59,44,180,300,4,5
5658,1,293,1,2,3,3,54,37,300,420,4,5
5659,5,340,6,1,3,2,19,57,180,300,1,5
5660,4,169,4,1,3,2,1,13,180,300,1,5
5661,6,155,6,1,3,3,91,14,180,300,1,5
5662,8,568,9,1,3,1,69,10,0,300,4,5
5663,11,379,13,2,3,3,17,90,0,300,1,5
5664,4,563,6,1,3,2,25,79,60,180,4,5
5665,12,306,13,1,3,3,69,41,60,180,4,5
5666,3,48,4,1,3,3,88,33,180,300,2,5
5667,9,375,10,1,3,2,16,86,180,300,4,5
5668,13,220,13,2,3,1,79,56,420,540,2,5
5669,8,160,8,1,3,3,39,77,180,300,4,5
5670,13,83,13,2,3,1,19,78,420,540,2,5
5671,13,23,13,1,3,2,22,86,60,180,3,5
5672,12,253,13,2,3,2,39,46,180,300,1,5
5673,10,547,11,1,3,2,14,65,0,300,1,5
5674,8,387,9,1,3,3,97,29,60,180,2,5
5675,14,108,14,2,3,2,67,47,180,300,4,5
5676,9,142,9,2,3,3,86,31,300,420,4,5
5677,11,57,12,1,3,2,61,4,60,180,3,5
5678,8,534,9,1,3,1,92,58,0,300,2,5
5679,6,190,6,2,3,1,16,86,420,540,2,5
5680,5,201,5,2,3,3,83,37,420,540,4,5
5681,12,333,12,2,3,1,36,37,420,540,3,5
5682,11,529,13,1,3,3,75,50,0,300,2,5
5683,3,35,3,2,3,1,79,26,420,540,1,5
5684,7,302,7,2,3,1,68,75,420,540,2,5
5685,14,383,15,2,3,2,88,73,180,300,3,5
5686,7,21,7,1,3,3,71,24,60,180,2,5
5687,11,437,13,1,3,3,43,42,60,180,1,5
5688,3,583,4,1,3,2,46,72,60,180,2,5
5689,1,579,3,1,3,3,81,19,60,180,3,5
5690,5,12,5,1,3,2,69,36,60,180,1,5
5691,6,195,6,2,3,3,62,4,420,540,3,5
5692,5,399,6,1,3,1,64,97,60,180,1,5
5693,2,421,3,1,3,1,51,48,60,180,3,5
5694,11,349,12,2,3,2,72,86,300,600,4,5
5695,10,137,12,1,3,1,48,4,60,180,3,5
5696,7,363,8,1,3,3,29,57,180,300,3,5
5697,13,383,13,2,3,3,3,11,420,540,4,5
5698,1,7,2,2,3,1,39,80,180,300,2,5
5699,14,326,15,2,3,1,54,77,0,300,1,5
5700,7,516,9,1,3,1,95,44,180,300,2,5
5701,12,144,12,2,3,2,77,20,180,300,3,5
5702,3,328,3,2,3,1,32,21,420,540,1,5
5703,6,259,6,2,3,3,85,26,300,420,3,5
5704,12,495,13,2,3,3,20,53,0,300,3,5
5705,10,115,10,1,3,1,85,42,180,300,1,5
5706,10,81,10,1,3,2,18,9,180,300,3,5
5707,6,136,7,1,3,1,72,91,180,300,3,5
5708,5,395,5,2,3,1,74,7,420,540,3,5
5709,11,306,11,2,3,2,35,43,420,540,4,5
5710,9,140,9,1,3,2,47,95,180,300,4,5
5711,3,350,3,2,3,1,61,18,420,540,2,5
5712,2,491,3,1,3,1,0,69,60,180,4,5
5713,4,288,4,2,3,2,77,53,420,540,3,5
5714,13,562,14,1,3,2,90,96,60,180,2,5
5715,10,538,11,2,3,2,62,64,180,300,3,5
5716,11,353,13,1,3,2,74,53,180,300,3,5
5717,11,94,11,1,3,3,61,58,180,300,3,5
5718,2,52,3,1,3,2,36,7,0,300,4,5
5719,2,418,3,1,3,3,52,61,0,300,3,5
5720,4,514,5,1,3,3,34,80,0,300,1,5
5721,6,338,6,2,3,3,17,81,420,540,2,5
5722,12,6,13,2,3,2,47,60,60,180,1,5
5723,8,79,9,2,3,3,48,97,420,540,3,5
5724,12,562,14,1,3,2,57,31,60,180,4,5
5725,11,167,13,2,3,3,38,49,180,300,1,5
5726,13,450,14,1,3,2,60,0,0,300,1,5
5727,9,395,10,2,3,3,71,72,300,600,3,5
5728,2,440,3,1,3,1,71,41,180,300,2,5
5729,5,304,5,2,3,3,86,58,420,540,4,5
5730,5,281,6,1,3,2,93,25,180,300,3,5
5731,14,170,14,1,3,1,43,63,180,300,1,5
5732,8,114,8,1,3,2,45,28,180,300,4,5
5733,10,567,12,1,3,3,19,51,60,180,2,5
5734,8,189,9,2,3,1,42,66,60,180,3,5
5735,5,286,6,2,3,3,19,83,0,300,3,5
5736,8,61,9,2,3,2,91,45,0,300,3,5
5737,12,170,12,2,3,3,65,95,180,300,1,5
5738,10,132,11,1,3,2,91,7,60,180,3,5
5739,5,273,6,1,3,2,18,33,180,300,2,5
5740,7,595,9,2,3,1,54,32,60,180,4,5
5741,5,389,5,2,3,1,74,45,420,540,1,5
5742,5,69,5,1,3,1,64,76,180,300,2,5
5743,8,417,8,2,3,3,40,84,420,540,4,5
5744,7,133,7,1,3,2,62,15,180,300,2,5
5745,8,6,8,2,3,1,14,40,60,180,3,5
5746,13,377,13,2,3,1,15,26,420,540,2,5
5747,13,146,13,2,3,2,21,97,420,540,2,5
5748,14,386,15,1,3,3,11,48,60,180,3,5
5749,9,168,10,2,3,3,39,35,0,300,4,5
5750,5,92,5,1,3,3,66,54,180,300,3,5
5751,7,378,7,2,3,2,65,64,420,540,4,5
5752,5,568,6,2,3,3,24,62,420,540,1,5
5753,1,469,3,1,3,2,26,65,180,300,1,5
5754,8,173,8,1,3,2,2,73,180,300,4,5
5755,11,360,11,2,3,3,96,6,420,540,2,5
5756,2,193,3,1,3,3,71,19,0,300,3,5
5757,13,435,15,1,3,1,36,42,60,180,1,5
5758,5,205,6,2,3,1,15,46,60,180,1,5
5759,8,527,9,1,3,3,8,71,60,180,3,5
5760,1,308,1,2,3,3,13,57,420,540,4,5
5761,5,320,6,1,3,2,68,57,0,300,2,5
5762,4,166,4,2,3,1,86,60,420,540,1,5
5763,2,213,3,1,3,2,71,75,0,300,3,5
5764,1,231,2,2,3,2,64,16,180,300,1,5
5765,11,406,11,2,3,3,24,31,420,540,2,5
5766,11,270,12,2,3,1,61,44,0,300,4,5
5767,12,178,12,1,3,1,78,92,180,300,4,5
5768,10,286,10,2,3,1,74,97,300,600,4,5
5769,9,434,10,1,3,1,24,65,180,300,4,5
5770,6,267,7,2,3,3,51,26,300,600,4,5
5771,1,223,2,2,3,2,76,73,180,300,1,5
5772,6,69,7,1,3,2,83,20,0,300,4,5
5773,5,551,7,1,3,2,60,12,60,180,3,5
5774,10,11,10,2,3,1,70,61,60,180,3,5
5775,13,190,14,2,3,3,24,7,0,300,4,5
5776,3,17,3,2,3,1,73,26,60,180,2,5
5777,3,421,5,1,3,1,63,43,180,300,2,5
5778,4,299,5,1,3,1,34,90,180,300,4,5
5779,12,213,14,2,3,1,75,15,180,300,1,5
5780,5,17,5,1,3,1,62,63,60,180,3,5
5781,13,249,14,1,3,3,8,32,0,300,1,5
5782,6,145,6,2,3,1,63,49,420,540,4,5
5783,4,88,5,1,3,1,63,80,0,300,4,5
5784,5,100,5,1,3,3,29,80,180,300,4,5
5785,6,372,6,2,3,3,20,24,420,540,1,5
5786,4,294,4,2,3,3,48,30,420,540,4,5
5787,10,307,10,2,3,1,45,62,420,540,2,5
5788,2,578,4,2,3,1,28,20,300,600,3,5
5789,14,49,14,2,3,3,97,83,0,300,4,5
5790,12,319,12,2,3,1,18,17,420,540,4,5
5791,10,283,12,1,3,3,98,50,0,300,1,5
5792,9,517,10,2,3,1,13,20,420,540,1,5
5793,4,128,4,1,3,2,54,78,180,300,3,5
5794,1,26,1,1,3,2,25,80,60,180,1,5
5795,10,84,11,1,3,3,11,45,180,300,4,5
5796,5,356,6,1,3,2,44,32,180,300,2,5
5797,9,454,11,1,3,2,14,27,180,300,3,5
5798,2,279,3,2,3,3,39,30,60,180,4,5
5799,8,406,9,1,3,3,96,22,180,300,4,5
5800,7,513,9,2,3,2,52,75,420,540,3,5
5801,3,137,3,1,3,2,28,93,180,300,3,5
5802,13,325,13,2,3,3,11,38,420,540,2,5
5803,4,23,4,1,3,3,8,84,60,180,3,5
5804,9,530,10,1,3,2,17,47,0,300,4,5
5805,10,460,12,2,3,2,54,20,300,420,2,5
5806,6,192,7,2,3,2,21,62,420,540,4,5
5807,4,227,5,2,3,1,55,26,180,300,2,5
5808,12,388,13,2,3,1,88,37,60,180,3,5
5809,14,414,14,2,3,1,32,64,420,540,4,5
5810,3,220,3,2,3,1,34,14,300,600,3,5
5811,2,484,3,2,3,3,82,68,300,420,3,5
5812,4,119,5,2,3,1,72,20,300,600,4,5
5813,2,525,3,1,3,1,43,99,180,300,1,5
5814,9,117,9,1,3,3,35,96,180,300,3,5
5815,9,119,11,2,3,1,94,55,60,180,3,5
5816,13,233,13,2,3,3,94,75,300,600,3,5
5817,6,343,7,1,3,1,100,66,0,300,4,5
5818,1,528,3,1,3,2,75,22,0,300,2,5
5819,9,376,11,2,3,1,94,97,420,540,3,5
5820,13,216,15,2,3,3,61,63,180,300,2,5
5821,11,284,11,2,3,1,28,90,300,600,3,5
5822,10,141,11,1,3,3,2,43,0,300,3,5
5823,9,68,9,2,3,3,44,43,180,300,2,5
5824,6,447,7,1,3,2,0,41,180,300,2,5
5825,6,66,6,1,3,2,90,100,180,300,1,5
5826,2,137,2,2,3,2,56,45,300,600,1,5
5827,2,151,2,1,3,3,77,7,180,300,4,5
5828,9,104,9,1,3,3,9,41,180,300,3,5
5829,9,133,9,1,3,1,34,28,180,300,2,5
5830,11,493,13,2,3,1,73,50,0,300,1,5
5831,4,201,4,2,3,2,14,6,300,420,1,5
5832,5,279,5,2,3,1,90,1,300,600,2,5
5833,3,469,4,2,3,1,17,89,420,540,4,5
5834,10,13,11,2,3,3,57,82,60,180,4,5
5835,14,336,15,2,3,3,50,62,420,540,4,5
5836,4,425,6,1,3,3,73,11,0,300,3,5
5837,2,526,3,2,3,3,35,53,300,600,2,5
5838,8,449,10,1,3,3,76,13,60,180,1,5
5839,10,249,11,2,3,1,76,61,180,300,1,5
5840,6,266,6,2,3,1,94,11,420,540,3,5
5841,1,45,1,2,3,2,66,64,0,300,4,5
5842,14,118,15,2,3,3,24,41,300,420,2,5
5843,10,389,10,2,3,3,42,55,420,540,2,5
5844,1,544,3,1,3,1,0,21,0,300,4,5
5845,3,517,4,2,3,2,7,16,420,540,3,5
5846,8,462,10,2,3,2,51,56,300,420,4,5
5847,8,148,8,1,3,2,58,11,180,300,1,5
5848,12,41,12,1,3,1,44,33,60,180,2,5
5849,8,386,9,2,3,3,84,21,0,300,2,5
5850,3,412,3,2,3,1,67,87,420,540,2,5
5851,1,96,2,1,3,3,6,42,60,180,3,5
5852,2,412,3,1,3,2,55,80,0,300,3,5
5853,7,202,7,2,3,2,3,53,300,420,1,5
5854,13,593,14,1,3,2,54,82,60,180,2,5
5855,4,527,5,2,3,1,32,52,0,300,4,5
5856,3,118,4,1,3,1,98,57,60,180,4,5
5857,3,97,3,2,3,1,49,28,420,540,1,5
5858,10,21,11,2,3,2,56,99,300,600,3,5
5859,13,426,15,2,3,1,36,0,0,300,3,5
5860,5,153,5,2,3,3,72,19,420,540,3,5
5861,3,458,5,1,3,1,46,74,180,300,4,5
5862,11,28,11,1,3,3,87,72,60,180,2,5
5863,13,318,13,2,3,1,69,86,420,540,4,5
5864,6,416,6,2,3,1,83,63,420,540,3,5
5865,10,388,11,2,3,2,71,40,0,300,3,5
5866,6,140,6,2,3,1,13,97,420,540,4,5
5867,5,216,6,1,3,1,98,67,180,300,4,5
5868,11,176,11,1,3,1,95,54,180,300,1,5
5869,11,502,13,1,3,2,46,37,60,180,4,5
5870,1,91,1,1,3,2,59,81,180,300,2,5
5871,3,132,4,1,3,1,39,49,60,180,4,5
5872,5,232,5,2,3,1,55,5,420,540,3,5
5873,9,461,11,2,3,3,100,57,0,300,1,5
5874,3,124,4,1,3,1,13,16,0,300,4,5
5875,3,192,4,1,3,1,89,66,180,300,4,5
5876,14,584,15,2,3,1,55,77,300,420,3,5
5877,9,384,10,2,3,3,30,89,60,180,1,5
5878,4,444,5,1,3,1,46,18,60,180,2,5
5879,11,462,13,2,3,1,78,90,0,300,3,5
5880,11,100,11,1,3,3,42,51,180,300,1,5
5881,11,256,11,2,3,1,20,95,420,540,3,5
5882,4,387,5,2,3,1,76,79,300,600,3,5
5883,3,290,4,1,3,1,96,60,60,180,1,5
5884,6,389,6,2,3,1,83,24,420,540,1,5
5885,6,481,7,1,3,1,36,30,0,300,2,5
5886,5,74,5,1,3,2,37,42,180,300,2,5
5887,2,278,3,1,3,3,79,60,60,180,3,5
5888,9,238,9,2,3,2,29,60,300,420,4,5
5889,6,68,7,1,3,3,16,92,0,300,4,5
5890,13,77,13,2,3,2,55,51,180,300,1,5
5891,2,231,2,2,3,1,81,51,420,540,2,5
5892,2,515,4,1,3,2,41,10,180,300,1,5
5893,10,296,11,1,3,2,47,22,60,180,3,5
5894,6,560,8,1,3,1,84,59,0,300,2,5
5895,13,448,14,1,3,2,27,47,0,300,4,5
5896,12,162,13,2,3,2,16,73,300,600,1,5
5897,13,9,14,1,3,2,6,55,180,300,1,5
5898,8,448,9,1,3,2,13,10,180,300,2,5
5899,5,249,6,1,3,2,4,53,180,300,3,5
5900,10,247,10,2,3,1,56,38,420,540,1,5
5901,10,527,11,1,3,2,5,92,60,180,1,5
5902,12,336,13,2,3,1,40,56,420,540,1,5
5903,12,296,12,2,3,3,53,12,300,420,2,5
5904,2,197,2,2,3,3,93,49,300,420,1,5
5905,14,458,15,2,3,3,28,77,0,300,3,5
5906,4,135,5,1,3,1,65,7,60,180,1,5
5907,2,230,3,1,3,3,0,71,0,300,2,5
5908,6,554,7,2,3,3,38,17,60,180,2,5
5909,13,205,14,1,3,1,100,71,60,180,2,5
5910,9,540,11,1,3,2,22,60,0,300,1,5
5911,6,104,7,1,3,2,64,44,180,300,4,5
5912,7,499,9,1,3,3,23,27,60,180,2,5
5913,5,382,6,1,3,1,86,74,0,300,3,5
5914,1,0,1,1,3,1,1,63,60,180,2,5
5915,5,454,7,2,3,1,70,5,300,600,2,5
5916,4,552,6,2,3,2,75,92,60,180,2,5
5917,2,169,4,2,3,2,47,91,0,300,2,5
5918,5,6,5,2,3,3,51,60,180,300,2,5
5919,2,487,4,1,3,2,64,73,60,180,2,5
5920,1,429,2,2,3,2,6,56,60,180,3,5
5921,14,447,15,1,3,1,79,68,0,300,4,5
5922,12,6,12,1,3,3,42,0,60,180,1,5
5923,7,554,8,1,3,1,69,38,60,180,3,5
5924,5,577,6,1,3,1,73,34,0,300,2,5
5925,9,380,11,2,3,1,99,56,0,300,4,5
5926,4,402,5,2,3,1,54,17,300,600,4,5
5927,10,65,11,2,3,1,19,74,0,300,3,5
5928,14,184,14,2,3,2,41,1,420,540,1,5
5929,4,566,6,1,3,3,5,77,180,300,2,5
5930,11,146,12,1,3,2,26,27,180,300,2,5
5931,11,540,13,1,3,3,74,44,60,180,4,5
5932,5,345,6,1,3,2,73,37,60,180,4,5
5933,4,412,4,2,3,1,48,21,420,540,2,5
5934,10,25,11,1,3,2,16,73,180,300,3,5
5935,6,195,6,2,3,1,51,77,420,540,2,5
5936,12,446,13,1,3,2,28,28,60,180,1,5
5937,3,497,4,1,3,3,0,80,60,180,4,5
5938,2,456,4,1,3,3,49,8,60,180,1,5
5939,2,298,3,1,3,1,11,39,60,180,4,5
5940,2,254,2,2,3,2,83,36,420,540,1,5
5941,2,448,3,1,3,3,41,4,0,300,2,5
5942,10,476,11,2,3,1,5,7,60,180,1,5
5943,5,553,6,2,3,3,98,42,0,300,2,5
5944,8,69,8,1,3,1,39,66,180,300,2,5
5945,14,78,15,1,3,1,98,68,0,300,2,5
5946,12,235,12,2,3,1,29,88,420,540,4,5
5947,9,451,10,1,3,3,16,1,60,180,4,5
5948,10,570,12,1,3,1,33,37,180,300,2,5
5949,4,386,5,2,3,3,22,19,180,300,3,5
5950,3,327,3,2,3,3,17,64,420,540,1,5
5951,1,551,3,1,3,1,52,60,0,300,4,5
5952,2,173,3,1,3,3,31,88,60,180,3,5
5953,3,437,4,1,3,1,12,13,0,300,3,5
5954,8,357,10,2,3,1,10,57,60,180,3,5
5955,5,344,5,2,3,3,63,74,420,540,4,5
5956,12,571,13,1,3,3,17,61,0,300,1,5
5957,6,264,6,2,3,2,71,93,420,540,1,5
5958,8,452,9,1,3,1,31,64,0,300,1,5
5959,5,42,5,1,3,3,26,5,60,180,3,5
5960,1,280,2,2,3,1,90,64,420,540,4,5
5961,4,75,4,2,3,1,66,57,420,540,4,5
5962,13,554,14,1,3,3,32,96,60,180,1,5
5963,7,423,8,1,3,3,59,58,180,300,2,5
5964,13,346,14,1,3,3,21,41,60,180,3,5
5965,6,430,8,2,3,3,72,71,60,180,1,5
5966,3,209,4,1,3,2,57,11,0,300,4,5
5967,14,595,16,1,3,3,92,48,0,300,1,5
5968,11,575,12,1,3,3,17,68,0,300,3,5
5969,8,588,10,1,3,2,46,39,60,180,2,5
5970,10,24,10,1,3,1,41,56,60,180,2,5
5971,3,224,3,2,3,3,61,98,300,420,4,5
5972,5,29,6,1,3,2,74,37,0,300,4,5
5973,9,366,10,1,3,2,6,59,60,180,2,5
5974,12,424,14,1,3,1,31,42,60,180,3,5
5975,12,64,14,1,3,2,67,58,180,300,3,5
5976,13,5,13,1,3,2,96,12,60,180,2,5
5977,2,403,3,1,3,2,98,64,60,180,3,5
5978,5,568,6,1,3,3,91,27,60,180,4,5
5979,13,435,15,1,3,3,44,46,180,300,4,5
5980,4,554,6,1,3,3,53,8,60,180,3,5
5981,5,124,6,1,3,3,12,71,180,300,2,5
5982,3,570,5,2,3,1,3,14,180,300,3,5
5983,12,350,12,2,3,1,38,79,420,540,3,5
5984,5,168,5,1,3,1,86,93,180,300,1,5
5985,12,334,12,2,3,1,91,43,420,540,1,5
5986,14,476,15,1,3,1,67,73,180,300,2,5
5987,7,579,9,2,3,2,33,71,60,180,3,5
5988,3,487,4,2,3,2,24,67,420,540,1,5
5989,5,145,5,1,3,1,16,54,180,300,1,5
5990,1,209,3,1,3,1,23,89,180,300,4,5
5991,2,377,4,1,3,2,11,31,0,300,4,5
5992,7,292,7,2,3,2,4,68,300,420,2,5
5993,10,294,11,1,3,3,25,76,0,300,1,5
5994,2,454,3,1,3,2,16,88,60,180,3,5
5995,13,81,15,1,3,3,87,14,0,300,1,5
5996,11,36,11,1,3,1,71,41,60,180,2,5
5997,3,443,4,1,3,2,25,49,0,300,4,5
5998,1,3,2,2,3,3,65,68,180,300,4,5
5999,14,556,15,1,3,3,36,55,180,300,3,5
6000,8,131,8,1,3,1,43,96,180,300,3,5
6001,11,535,12,1,3,1,52,36,0,300,2,5
6002,14,64,15,1,3,2,57,35,60,180,3,5
6003,7,39,9,2,3,1,63,28,180,300,1,5
6004,4,217,4,2,3,1,87,26,300,600,1,5
6005,11,348,12,2,3,3,22,34,180,300,1,5
6006,8,172,9,1,3,3,11,78,60,180,1,5
6007,9,265,10,1,3,1,55,8,0,300,4,5
6008,5,412,5,2,3,1,1,94,420,540,4,5
6009,2,229,2,2,3,2,11,32,300,420,3,5
6010,13,341,13,2,3,3,39,52,420,540,3,5
6011,5,98,7,1,3,3,33,81,60,180,1,5
6012,4,433,6,2,3,2,85,14,0,300,2,5
6013,7,317,7,2,3,2,11,88,420,540,3,5
6014,11,353,11,2,3,3,90,78,420,540,3,5
6015,5,256,5,2,3,2,51,32,300,600,1,5
6016,7,50,8,1,3,1,1,22,60,180,3,5
6017,10,541,11,2,3,1,62,84,60,180,2,5
6018,1,405,1,2,3,2,33,83,420,540,2,5
6019,4,584,5,1,3,3,100,16,180,300,2,5
6020,14,281,14,2,3,1,23,62,300,420,3,5
6021,8,558,10,2,3,2,42,62,0,300,4,5
6022,11,477,12,2,3,1,42,21,60,180,4,5
6023,2,594,3,1,3,2,97,6,0,300,4,5
6024,2,437,3,1,3,3,54,46,180,300,4,5
6025,9,59,10,1,3,1,59,11,180,300,3,5
6026,8,578,10,1,3,3,57,23,180,300,3,5
6027,4,287,4,2,3,3,31,84,420,540,3,5
6028,8,381,9,1,3,1,75,49,180,300,3,5
6029,14,62,15,1,3,1,93,12,180,300,1,5
6030,13,313,14,1,3,3,100,83,60,180,4,5
6031,6,202,7,2,3,1,24,75,420,540,3,5
6032,12,342,12,2,3,2,75,55,420,540,1,5
6033,5,68,6,1,3,2,79,97,0,300,3,5
6034,3,271,3,2,3,2,43,54,300,600,3,5
6035,2,416,2,2,3,2,46,71,420,540,3,5
6036,12,589,14,1,3,2,33,38,0,300,1,5
6037,9,103,9,1,3,1,39,73,180,300,3,5
6038,6,393,7,1,3,2,54,4,0,300,3,5
6039,10,45,11,1,3,1,31,60,0,300,2,5
6040,4,479,6,1,3,2,40,99,180,300,3,5
6041,1,94,2,1,3,2,21,0,180,300,2,5
6042,5,138,5,1,3,2,15,29,180,300,3,5
6043,6,308,8,2,3,2,69,62,300,420,3,5
6044,8,459,9,1,3,2,45,25,0,300,3,5
6045,7,87,7,1,3,2,96,17,180,300,3,5
6046,9,242,9,2,3,2,32,32,420,540,1,5
6047,8,32,9,1,3,3,72,81,60,180,3,5
6048,14,62,14,1,3,1,40,27,180,300,2,5
6049,8,207,8,2,3,3,34,25,300,420,2,5
6050,6,78,7,2,3,3,39,83,180,300,2,5
6051,10,394,10,2,3,1,42,36,420,540,4,5
6052,14,191,15,1,3,3,10,45,180,300,2,5
6053,14,277,14,2,3,2,65,11,420,540,1,5
6054,13,449,15,1,3,1,73,4,0,300,3,5
6055,3,147,4,2,3,1,28,70,300,420,1,5
6056,7,228,8,1,3,1,57,54,180,300,4,5
6057,4,447,5,1,3,1,71,94,180,300,4,5
6058,7,50,8,1,3,1,46,40,60,180,2,5
6059,3,427,5,2,3,1,84,13,0,300,2,5
6060,9,309,10,1,3,3,53,30,0,300,4,5
6061,14,355,14,2,3,2,56,17,420,540,3,5
6062,7,532,8,2,3,2,70,69,180,300,3,5
6063,6,215,6,2,3,2,52,99,300,600,1,5
6064,11,188,11,2,3,3,3,41,300,420,1,5
6065,9,509,10,2,3,2,88,37,300,600,2,5
6066,14,224,16,1,3,1,23,81,60,180,3,5
6067,13,265,13,2,3,3,90,30,420,540,3,5
6068,4,402,5,2,3,3,75,15,300,600,3,5
6069,12,155,12,2,3,1,55,46,420,540,2,5
6070,9,306,10,1,3,3,63,48,0,300,4,5
6071,14,94,15,2,3,3,43,71,60,180,2,5
6072,5,250,5,2,3,1,48,1,300,600,2,5
6073,5,105,6,1,3,3,8,63,0,300,4,5
6074,6,259,6,2,3,3,98,68,300,420,1,5
6075,9,286,9,2,3,1,35,20,420,540,4,5
6076,2,204,2,2,3,2,13,88,420,540,3,5
6077,7,141,7,2,3,2,69,86,300,420,2,5
6078,14,92,14,1,3,1,85,17,180,300,3,5
6079,1,250,1,2,3,2,16,77,420,540,2,5
6080,6,506,7,2,3,2,68,87,420,540,2,5
6081,3,180,3,1,3,2,41,6,180,300,2,5
6082,8,158,9,1,3,1,93,40,180,300,4,5
6083,4,147,4,1,3,2,76,34,180,300,2,5
6084,3,481,5,1,3,2,24,13,180,300,1,5
6085,14,291,14,2,3,1,14,4,420,540,1,5
6086,13,214,13,2,3,1,98,72,300,600,1,5
6087,13,569,14,1,3,2,5,47,60,180,2,5
6088,14,249,14,2,3,3,95,43,300,600,1,5
6089,14,37,14,1,3,1,31,19,60,180,2,5
6090,8,313,9,2,3,3,87,32,180,300,2,5
6091,5,523,6,1,3,2,72,82,60,180,3,5
6092,12,461,14,2,3,3,96,7,60,180,1,5
6093,1,344,1,2,3,1,57,88,420,540,2,5
6094,6,220,6,2,3,1,14,95,420,540,4,5
6095,14,13,15,1,3,1,95,97,180,300,2,5
6096,1,223,1,2,3,2,81,16,420,540,2,5
6097,12,478,13,1,3,1,99,56,0,300,1,5
6098,6,356,7,1,3,1,24,30,60,180,1,5
6099,10,111,11,1,3,2,37,58,0,300,3,5
6100,14,21,14,1,3,2,86,16,60,180,2,5
6101,9,538,10,1,3,1,65,93,60,180,3,5
6102,13,549,15,1,3,3,87,37,180,300,1,5
6103,1,455,3,2,3,3,59,73,60,180,4,5
6104,6,195,6,2,3,3,62,43,420,540,3,5
6105,9,370,9,2,3,2,2,58,420,540,3,5
6106,1,232,2,1,3,3,56,60,180,300,4,5
6107,7,135,7,2,3,1,82,74,180,300,4,5
6108,11,295,12,2,3,1,62,6,300,420,1,5
6109,9,39,9,2,3,1,91,0,180,300,1,5
6110,12,526,13,2,3,3,20,26,180,300,1,5
6111,7,21,7,1,3,2,3,86,60,180,3,5
6112,6,590,8,1,3,3,65,2,180,300,2,5
6113,4,239,5,1,3,1,20,93,180,300,2,5
6114,12,238,12,2,3,1,92,23,420,540,4,5
6115,5,317,6,1,3,2,99,74,0,300,2,5
6116,7,490,9,1,3,3,41,35,180,300,1,5
6117,1,546,3,2,3,2,9,57,0,300,1,5
6118,11,27,12,1,3,3,65,45,180,300,3,5
6119,8,405,8,2,3,2,93,84,420,540,1,5
6120,7,591,8,1,3,3,86,64,60,180,3,5
6121,13,337,14,1,3,1,27,28,60,180,2,5
6122,6,177,7,1,3,1,55,18,0,300,4,5
6123,9,435,10,1,3,1,47,99,0,300,3,5
6124,11,560,13,1,3,2,9,98,0,300,4,5
6125,2,50,2,1,3,2,75,29,60,180,2,5
6126,8,254,10,1,3,2,26,69,60,180,1,5
6127,12,319,14,2,3,3,28,38,300,600,3,5
6128,10,455,12,1,3,2,29,83,0,300,2,5
6129,12,303,13,1,3,3,12,51,180,300,4,5
6130,7,39,7,2,3,2,51,32,180,300,3,5
6131,7,192,7,2,3,3,88,64,300,600,1,5
6132,7,9,8,1,3,1,69,80,180,300,1,5
6133,12,199,12,2,3,2,61,18,420,540,4,5
6134,9,179,10,1,3,1,93,63,180,300,4,5
6135,4,135,5,1,3,2,1,74,60,180,2,5
6136,1,396,1,2,3,1,89,51,420,540,2,5
6137,11,217,11,2,3,3,60,20,300,600,1,5
6138,6,8,7,1,3,1,19,43,60,180,4,5
6139,3,410,4,2,3,2,37,93,60,180,2,5
6140,1,357,1,2,3,2,77,95,420,540,1,5
6141,13,438,14,1,3,1,81,20,0,300,1,5
6142,10,117,11,2,3,1,19,57,420,540,2,5
6143,7,84,7,2,3,1,16,70,300,600,2,5
6144,9,532,11,2,3,3,22,79,180,300,4,5
6145,11,285,12,1,3,2,45,41,0,300,3,5
6146,13,537,14,2,3,2,56,25,420,540,1,5
6147,6,541,8,1,3,3,78,76,180,300,2,5
6148,5,367,7,2,3,1,42,68,60,180,2,5
6149,10,94,10,2,3,1,10,6,300,420,1,5
6150,1,404,1,2,3,1,13,65,420,540,2,5
6151,7,336,8,1,3,2,63,32,180,300,4,5
6152,13,550,15,2,3,1,64,30,180,300,4,5
6153,6,431,7,1,3,3,50,6,60,180,4,5
6154,4,329,4,2,3,2,28,76,420,540,2,5
6155,5,442,7,2,3,2,44,98,60,180,2,5
6156,4,340,5,1,3,2,12,67,0,300,1,5
6157,2,514,4,2,3,3,1,5,0,300,2,5
6158,14,491,15,1,3,2,71,63,180,300,4,5
6159,4,360,4,2,3,3,28,0,420,540,3,5
6160,10,57,11,2,3,2,40,30,0,300,1,5
6161,11,561,12,2,3,1,28,80,300,600,4,5
6162,7,431,8,2,3,2,93,54,420,540,1,5
6163,13,396,13,2,3,1,37,46,420,540,3,5
6164,10,172,10,1,3,2,91,87,180,300,4,5
6165,4,323,4,2,3,1,29,75,420,540,2,5
6166,5,60,6,1,3,1,39,10,60,180,3,5
6167,14,229,14,2,3,2,33,5,300,600,4,5
6168,4,365,5,2,3,1,95,72,180,300,2,5
6169,4,383,4,2,3,1,67,55,420,540,4,5
6170,4,184,5,1,3,3,7,21,60,180,2,5
6171,3,217,4,1,3,3,59,52,60,180,1,5
6172,8,272,9,1,3,3,8,96,0,300,4,5
6173,1,117,3,1,3,3,17,85,0,300,3,5
6174,12,126,13,1,3,2,44,35,60,180,2,5
6175,3,261,3,2,3,3,30,13,300,420,4,5
6176,1,234,1,2,3,2,25,49,420,540,2,5
6177,8,557,9,2,3,2,86,75,420,540,2,5
6178,2,224,3,1,3,1,89,20,180,300,2,5
6179,13,172,14,2,3,2,89,97,0,300,3,5
6180,12,206,14,1,3,1,100,56,180,300,4,5
6181,13,260,14,1,3,2,33,97,60,180,2,5
6182,3,581,4,1,3,3,74,66,0,300,4,5
6183,7,67,7,2,3,3,75,81,300,600,4,5
6184,9,411,10,2,3,2,75,55,0,300,1,5
6185,6,151,6,1,3,1,95,68,180,300,2,5
6186,12,359,12,2,3,2,75,62,420,540,3,5
6187,1,66,2,1,3,2,87,15,180,300,4,5
6188,14,103,14,2,3,3,93,69,420,540,1,5
6189,12,255,12,2,3,1,90,7,420,540,2,5
6190,10,8,11,1,3,2,65,32,180,300,4,5
6191,6,125,6,2,3,1,84,50,420,540,4,5
6192,13,63,13,1,3,2,14,72,180,300,1,5
6193,9,185,9,2,3,2,26,73,300,600,4,5
6194,14,376,14,2,3,1,93,78,420,540,1,5
6195,11,178,11,2,3,2,99,10,420,540,1,5
6196,10,75,10,1,3,1,9,82,180,300,2,5
6197,8,416,9,1,3,1,0,77,0,300,2,5
6198,1,562,3,1,3,1,47,9,180,300,1,5
6199,5,8,5,1,3,1,9,1,60,180,1,5
6200,11,365,12,1,3,2,96,80,180,300,3,5
6201,5,45,5,2,3,1,79,39,420,540,3,5
6202,1,483,3,1,3,3,20,65,180,300,1,5
6203,7,162,7,1,3,1,79,94,180,300,1,5
6204,13,485,15,1,3,1,11,82,0,300,4,5
6205,2,378,3,1,3,2,36,62,60,180,1,5
6206,9,21,9,1,3,1,30,60,60,180,4,5
6207,4,579,6,1,3,3,19,84,60,180,2,5
6208,5,44,7,1,3,1,17,15,60,180,2,5
6209,2,558,4,1,3,1,3,64,180,300,4,5
6210,9,6,9,2,3,2,86,55,300,420,1,5
6211,9,280,9,2,3,3,79,93,420,540,2,5
6212,2,313,2,2,3,2,94,3,420,540,2,5
6213,11,449,12,2,3,2,31,61,0,300,3,5
6214,2,186,3,2,3,2,86,0,420,540,2,5
6215,8,364,8,2,3,3,51,7,420,540,3,5
6216,2,398,2,2,3,1,46,87,420,540,4,5
6217,12,487,13,1,3,1,80,84,180,300,4,5
6218,3,169,4,1,3,2,75,57,180,300,3,5
6219,5,348,7,1,3,1,52,85,0,300,4,5
6220,14,480,16,2,3,3,72,14,420,540,2,5
6221,4,61,5,1,3,1,10,72,60,180,1,5
6222,12,410,12,2,3,3,2,63,420,540,1,5
6223,14,354,15,1,3,1,74,33,60,180,4,5
6224,14,211,14,2,3,3,92,61,300,420,3,5
6225,7,566,9,2,3,3,10,26,0,300,1,5
6226,7,18,8,1,3,2,33,94,0,300,1,5
6227,1,93,2,1,3,2,98,31,180,300,4,5
6228,2,56,2,2,3,3,12,11,300,600,1,5
6229,12,89,13,1,3,3,80,79,60,180,4,5
6230,7,351,8,2,3,2,100,17,420,540,4,5
6231,2,568,3,2,3,2,18,60,300,600,2,5
6232,6,44,6,2,3,1,13,52,0,300,4,5
6233,13,60,14,2,3,1,96,45,0,300,3,5
6234,10,417,11,1,3,3,65,21,60,180,3,5
6235,6,477,7,2,3,1,100,86,180,300,1,5
6236,4,420,5,2,3,3,36,22,60,180,2,5
6237,14,0,15,1,3,3,56,9,60,180,3,5
6238,3,457,4,1,3,3,42,61,180,300,4,5
6239,14,474,15,1,3,1,98,62,0,300,4,5
6240,1,181,2,1,3,1,49,7,60,180,4,5
6241,8,278,9,2,3,3,45,23,420,540,4,5
6242,3,274,3,2,3,1,76,39,300,600,4,5
6243,1,343,1,2,3,1,38,33,420,540,3,5
6244,10,264,10,2,3,1,26,29,420,540,3,5
6245,2,31,2,2,3,3,36,67,420,540,1,5
6246,5,588,6,1,3,2,58,71,0,300,1,5
6247,14,22,15,1,3,1,17,94,0,300,1,5
6248,11,11,11,1,3,3,89,22,60,180,4,5
6249,5,134,5,1,3,3,40,63,180,300,3,5
6250,9,383,11,1,3,1,29,76,0,300,3,5
6251,1,22,1,1,3,1,72,20,60,180,3,5
6252,9,167,9,1,3,1,89,36,180,300,1,5
6253,5,78,5,2,3,3,2,17,420,540,3,5
6254,11,426,12,1,3,2,69,45,60,180,4,5
6255,3,543,5,1,3,1,36,46,180,300,1,5
6256,11,289,11,2,3,3,13,8,300,420,3,5
6257,5,326,5,2,3,2,31,72,420,540,3,5
6258,11,463,12,1,3,3,37,90,180,300,1,5
6259,7,585,9,1,3,3,12,43,180,300,1,5
6260,3,394,3,2,3,3,60,56,420,540,4,5
6261,1,52,1,2,3,2,54,66,0,300,2,5
6262,5,481,7,2,3,3,53,8,180,300,4,5
6263,1,417,2,1,3,1,59,30,0,300,3,5
6264,3,440,5,2,3,2,3,10,180,300,4,5
6265,11,478,13,1,3,3,100,34,180,300,2,5
6266,6,161,7,2,3,3,26,0,420,540,4,5
6267,2,16,2,1,3,2,83,0,60,180,4,5
6268,1,546,2,1,3,1,38,100,180,300,2,5
6269,2,152,3,1,3,2,72,22,60,180,3,5
6270,14,278,14,2,3,1,35,24,300,600,3,5
6271,4,124,4,1,3,3,41,49,180,300,3,5
6272,13,556,15,2,3,2,19,51,60,180,1,5
6273,9,81,9,2,3,3,75,12,300,420,3,5
6274,14,250,14,2,3,2,5,57,300,600,4,5
6275,1,95,1,2,3,1,58,47,180,300,1,5
6276,6,452,7,2,3,2,62,27,60,180,2,5
6277,2,336,2,2,3,2,45,86,420,540,2,5
6278,3,282,3,2,3,3,70,75,420,540,1,5
6279,5,368,5,2,3,1,14,0,420,540,4,5
6280,9,545,10,1,3,1,70,21,0,300,1,5
6281,5,77,5,1,3,2,59,96,180,300,4,5
6282,14,511,16,1,3,2,62,0,60,180,2,5
6283,10,550,11,1,3,1,63,79,180,300,3,5
6284,12,9,12,1,3,2,92,58,60,180,4,5
6285,10,550,11,2,3,2,66,51,180,300,4,5
6286,8,510,10,1,3,2,38,60,180,300,4,5
6287,5,571,6,1,3,1,5,78,180,300,3,5
6288,7,399,7,2,3,1,96,97,420,540,2,5
6289,14,171,14,1,3,3,54,28,180,300,1,5
6290,1,163,1,1,3,1,75,14,180,300,3,5
6291,13,561,14,1,3,3,100,92,180,300,3,5
6292,14,226,15,1,3,3,33,68,180,300,2,5
6293,12,593,14,1,3,2,68,91,0,300,1,5
6294,13,300,13,2,3,1,84,62,300,600,4,5
6295,13,81,13,2,3,3,24,3,420,540,2,5
6296,8,321,9,1,3,1,22,30,180,300,1,5
6297,7,12,7,2,3,1,74,94,300,600,4,5
6298,14,587,16,1,3,1,28,89,60,180,3,5
6299,13,119,13,1,3,1,7,7,180,300,1,5
6300,2,70,2,1,3,3,85,84,180,300,1,5
6301,7,276,7,2,3,2,6,84,300,600,2,5
6302,2,471,4,2,3,3,83,98,60,180,2,5
6303,2,305,3,2,3,1,18,12,300,420,4,5
6304,7,306,8,1,3,2,38,82,180,300,4,5
6305,9,438,10,1,3,1,53,97,0,300,2,5
6306,10,125,10,1,3,1,99,30,180,300,3,5
6307,9,221,9,2,3,2,90,30,420,540,2,5
6308,5,67,7,1,3,3,3,62,0,300,4,5
6309,11,586,12,1,3,2,56,38,180,300,1,5
6310,5,200,5,2,3,2,1,56,420,540,1,5
6311,5,378,5,2,3,2,74,82,420,540,4,5
6312,12,37,12,1,3,3,92,99,60,180,2,5
6313,4,44,5,1,3,1,55,2,60,180,3,5
6314,10,488,12,1,3,1,44,63,60,180,1,5
6315,8,448,10,1,3,3,44,47,0,300,2,5
6316,12,204,13,2,3,3,62,20,180,300,1,5
6317,12,416,12,2,3,1,12,60,420,540,4,5
6318,8,64,8,2,3,2,49,76,180,300,1,5
6319,12,268,12,2,3,2,12,31,420,540,4,5
6320,14,389,15,2,3,2,49,15,0,300,2,5
6321,14,349,14,2,3,1,30,89,420,540,3,5
6322,2,315,2,2,3,2,23,56,420,540,3,5
6323,3,524,5,1,3,2,56,66,60,180,3,5
6324,11,259,11,2,3,2,57,0,420,540,4,5
6325,5,214,5,2,3,1,80,21,420,540,1,5
6326,11,72,13,1,3,1,41,56,60,180,3,5
6327,12,93,13,2,3,2,79,85,300,600,1,5
6328,12,422,13,1,3,3,96,0,60,180,3,5
6329,12,195,12,2,3,3,22,97,300,600,4,5
6330,7,526,8,1,3,3,33,6,180,300,4,5
6331,11,498,13,1,3,1,47,18,60,180,3,5
6332,10,429,12,1,3,1,60,51,60,180,2,5
6333,1,167,2,2,3,2,47,92,300,600,2,5
6334,8,113,8,1,3,3,1,52,180,300,3,5
6335,3,100,3,1,3,3,38,12,180,300,2,5
6336,13,393,13,2,3,1,29,15,420,540,3,5
6337,8,575,10,1,3,3,16,93,60,180,2,5
6338,1,510,3,2,3,1,27,98,300,600,3,5
6339,4,20,5,2,3,2,56,10,60,180,1,5
6340,10,521,12,1,3,1,67,94,0,300,1,5
6341,9,464,11,1,3,1,35,78,0,300,2,5
6342,12,335,12,2,3,3,46,57,420,540,2,5
6343,6,595,7,1,3,2,21,49,180,300,3,5
6344,4,590,5,2,3,1,66,21,180,300,3,5
6345,13,234,13,2,3,1,80,3,300,600,4,5
6346,5,473,7,2,3,2,88,55,420,540,2,5
6347,14,284,15,2,3,2,54,1,180,300,2,5
6348,13,584,15,1,3,2,1,42,180,300,1,5
6349,10,223,10,2,3,3,2,15,420,540,2,5
6350,1,472,2,2,3,3,46,30,60,180,2,5
6351,9,83,9,2,3,2,70,13,420,540,3,5
6352,14,342,14,2,3,1,43,62,420,540,3,5
6353,8,528,9,2,3,1,63,19,180,300,1,5
6354,11,486,13,2,3,1,72,36,420,540,4,5
6355,8,204,8,2,3,1,34,83,300,600,2,5
6356,1,110,2,2,3,1,5,54,300,420,1,5
6357,3,502,5,2,3,3,73,87,60,180,2,5
6358,3,54,3,1,3,1,6,48,60,180,2,5
6359,1,426,2,2,3,2,78,100,300,420,4,5
6360,12,397,12,2,3,3,99,44,420,540,3,5
6361,6,167,7,2,3,1,60,36,0,300,1,5
6362,11,152,12,1,3,2,36,9,0,300,2,5
6363,11,269,11,2,3,2,37,91,420,540,1,5
6364,6,390,6,2,3,3,14,79,420,540,2,5
6365,1,327,2,1,3,1,56,91,60,180,4,5
6366,5,480,7,1,3,2,68,30,60,180,3,5
6367,5,39,5,1,3,2,61,34,60,180,4,5
6368,3,235,4,2,3,3,99,79,300,600,3,5
6369,1,14,1,2,3,2,80,43,60,180,1,5
6370,14,512,15,1,3,3,34,69,60,180,3,5
6371,7,369,7,2,3,3,93,41,420,540,1,5
6372,6,549,7,2,3,1,12,88,180,300,4,5
6373,12,28,12,2,3,1,99,82,0,300,1,5
6374,7,62,8,1,3,2,93,44,60,180,3,5
6375,7,338,7,2,3,1,7,30,420,540,1,5
6376,11,145,11,1,3,2,26,53,180,300,1,5
6377,9,474,11,2,3,3,42,54,60,180,3,5
6378,10,534,12,2,3,3,21,50,0,300,1,5
6379,8,580,9,1,3,2,3,51,180,300,1,5
6380,5,446,6,2,3,2,8,26,0,300,1,5
6381,1,63,2,1,3,2,39,85,0,300,2,5
6382,6,572,8,1,3,1,83,57,60,180,2,5
6383,9,204,10,2,3,1,18,2,0,300,1,5
6384,7,350,8,1,3,1,58,88,0,300,3,5
6385,7,438,9,2,3,1,57,71,180,300,4,5
6386,9,581,11,1,3,3,27,11,0,300,1,5
6387,1,575,2,2,3,3,4,68,420,540,3,5
6388,12,56,12,1,3,1,19,90,60,180,4,5
6389,13,489,14,1,3,1,69,37,0,300,4,5
6390,6,19,6,1,3,1,17,84,60,180,1,5
6391,14,64,15,2,3,2,59,69,0,300,1,5
6392,1,341,1,2,3,3,16,46,420,540,1,5
6393,3,0,3,1,3,2,67,9,60,180,2,5
6394,3,387,3,2,3,1,81,48,420,540,1,5
6395,12,74,12,2,3,3,22,36,180,300,2,5
6396,11,378,11,2,3,1,91,8,420,540,3,5
6397,12,80,12,2,3,1,48,70,420,540,3,5
6398,13,414,13,2,3,3,76,69,420,540,2,5
6399,2,151,3,1,3,1,80,63,0,300,1,5
6400,6,115,6,2,3,1,28,36,420,540,4,5
6401,2,557,4,1,3,2,23,40,60,180,3,5
6402,10,206,11,2,3,1,38,93,300,420,3,5
6403,1,558,3,2,3,1,72,25,0,300,3,5
6404,11,289,11,2,3,2,98,21,420,540,2,5
6405,8,339,9,1,3,3,19,10,0,300,2,5
6406,14,36,15,1,3,2,35,20,0,300,2,5
6407,11,428,13,1,3,1,9,0,60,180,4,5
6408,7,78,8,1,3,1,100,43,60,180,1,5
6409,1,47,1,1,3,2,33,79,60,180,2,5
6410,14,359,14,2,3,3,84,92,420,540,3,5
6411,11,156,11,1,3,3,25,2,180,300,3,5
6412,7,231,7,2,3,1,87,17,300,600,3,5
6413,1,218,1,2,3,2,34,70,300,600,1,5
6414,8,199,8,2,3,3,98,70,420,540,2,5
6415,9,171,9,2,3,2,72,24,300,420,2,5
6416,6,519,8,2,3,1,4,77,0,300,3,5
6417,11,80,11,2,3,2,30,42,180,300,4,5
6418,4,120,5,1,3,1,93,74,60,180,1,5
6419,1,567,2,1,3,3,3,19,60,180,1,5
6420,1,138,1,1,3,2,50,61,180,300,3,5
6421,13,421,15,2,3,3,85,72,300,600,3,5
6422,6,581,7,1,3,2,53,11,180,300,4,5
6423,8,21,9,2,3,2,98,4,180,300,1,5
6424,13,316,14,2,3,3,95,34,180,300,4,5
6425,1,377,1,2,3,2,74,20,420,540,3,5
6426,6,174,7,2,3,1,73,59,180,300,1,5
6427,3,490,4,1,3,1,14,67,180,300,1,5
6428,10,343,10,2,3,3,23,57,420,540,2,5
6429,13,361,14,1,3,3,68,7,60,180,4,5
6430,1,358,3,1,3,1,41,15,60,180,1,5
6431,4,157,5,1,3,3,50,35,180,300,3,5
6432,8,399,8,2,3,1,25,26,420,540,1,5
6433,3,293,3,2,3,3,89,17,420,540,4,5
6434,14,535,15,1,3,2,89,33,60,180,1,5
6435,3,558,4,1,3,2,52,24,60,180,3,5
6436,14,200,14,2,3,1,32,94,300,600,2,5
6437,12,358,12,2,3,1,36,95,420,540,1,5
6438,13,572,15,1,3,2,64,76,60,180,1,5
6439,10,571,12,1,3,3,29,97,180,300,1,5
6440,13,392,13,2,3,3,53,61,420,540,4,5
6441,14,189,14,2,3,3,28,14,300,600,4,5
6442,12,140,12,2,3,1,11,67,300,600,3,5
6443,4,173,4,1,3,3,9,66,180,300,3,5
6444,6,458,7,1,3,2,63,99,0,300,1,5
6445,8,235,8,2,3,2,64,91,420,540,2,5
6446,8,348,8,2,3,1,4,53,420,540,3,5
6447,10,374,10,2,3,3,51,21,420,540,3,5
6448,6,326,7,1,3,2,13,21,180,300,2,5
6449,13,428,15,1,3,2,27,97,180,300,3,5
6450,2,335,2,2,3,1,78,39,420,540,3,5
6451,14,594,15,2,3,2,88,66,420,540,2,5
6452,4,77,5,1,3,3,71,99,0,300,4,5
6453,14,593,16,2,3,2,19,57,60,180,4,5
6454,4,30,5,1,3,1,53,26,180,300,4,5
6455,12,18,12,1,3,1,87,31,60,180,2,5
6456,6,572,8,2,3,3,36,29,60,180,4,5
6457,5,67,5,2,3,2,51,7,180,300,3,5
6458,4,133,6,1,3,1,61,56,60,180,3,5
6459,13,416,14,1,3,2,51,20,180,300,2,5
6460,10,46,10,2,3,2,81,16,0,300,3,5
6461,12,154,12,1,3,2,39,98,180,300,4,5
6462,5,29,5,2,3,2,29,72,0,300,3,5
6463,3,201,4,1,3,3,1,38,60,180,3,5
6464,8,382,8,2,3,2,60,29,420,540,1,5
6465,14,164,15,1,3,1,21,89,60,180,3,5
6466,3,120,3,1,3,1,7,97,180,300,1,5
6467,14,356,14,2,3,3,85,67,420,540,3,5
6468,1,322,2,2,3,2,100,95,60,180,2,5
6469,10,118,11,1,3,3,41,21,60,180,2,5
6470,4,578,6,2,3,1,54,77,180,300,3,5
6471,8,586,10,1,3,2,95,97,60,180,3,5
6472,7,2,7,2,3,2,39,84,420,540,3,5
6473,8,303,9,1,3,2,89,41,180,300,2,5
6474,5,313,5,2,3,2,94,55,420,540,1,5
6475,6,498,8,1,3,3,32,63,0,300,3,5
6476,7,173,7,1,3,2,7,25,180,300,1,5
6477,10,278,10,2,3,1,46,71,300,420,2,5
6478,6,419,7,1,3,2,63,73,60,180,4,5
6479,12,65,12,1,3,2,12,28,180,300,2,5
6480,5,280,6,1,3,2,11,71,60,180,4,5
6481,3,506,4,2,3,2,59,76,60,180,2,5
6482,12,585,13,1,3,2,71,60,0,300,4,5
6483,10,358,10,2,3,1,41,13,420,540,2,5
6484,10,7,11,1,3,1,67,5,0,300,4,5
6485,14,48,15,2,3,2,5,88,300,420,1,5
6486,7,374,8,2,3,3,87,87,0,300,3,5
6487,3,548,4,1,3,1,68,58,0,300,1,5
6488,9,518,10,1,3,2,10,3,60,180,4,5
6489,8,221,8,2,3,2,4,78,420,540,4,5
6490,5,28,5,1,3,3,77,95,60,180,3,5
6491,2,130,2,1,3,3,89,94,180,300,4,5
6492,9,558,10,1,3,1,9,92,0,300,2,5
6493,3,381,4,1,3,3,13,0,180,300,2,5
6494,1,200,2,1,3,1,48,10,0,300,2,5
6495,10,223,10,2,3,2,46,72,300,600,2,5
6496,9,307,9,2,3,2,17,68,420,540,4,5
6497,11,71,12,1,3,3,44,7,60,180,1,5
6498,3,427,5,1,3,1,62,100,60,180,3,5
6499,3,498,4,2,3,3,51,33,60,180,3,5
6500,6,490,8,2,3,1,85,53,180,300,3,5
6501,4,176,4,1,3,2,85,78,180,300,1,5
6502,10,330,10,2,3,1,40,51,420,540,1,5
6503,4,29,4,1,3,3,7,84,60,180,3,5
6504,1,384,2,1,3,3,54,26,0,300,1,5
6505,2,584,3,2,3,2,14,44,300,420,4,5
6506,1,353,2,2,3,2,87,51,420,540,4,5
6507,6,12,7,1,3,2,22,54,60,180,4,5
6508,2,262,3,1,3,3,70,89,60,180,4,5
6509,13,168,13,1,3,2,65,49,180,300,4,5
6510,1,502,2,2,3,1,48,22,60,180,3,5
6511,11,528,12,1,3,2,56,49,0,300,4,5
6512,5,596,6,1,3,1,1,78,0,300,2,5
6513,3,322,3,2,3,2,5,70,420,540,1,5
6514,13,77,13,1,3,3,67,91,180,300,4,5
6515,7,368,7,2,3,3,47,21,420,540,3,5
6516,8,498,9,1,3,3,77,77,0,300,1,5
6517,6,265,6,2,3,3,99,88,300,420,3,5
6518,2,210,2,2,3,1,99,49,420,540,2,5
6519,4,65,5,1,3,3,99,94,180,300,3,5
6520,9,447,11,1,3,1,34,44,0,300,1,5
6521,13,203,14,1,3,3,31,21,180,300,4,5
6522,5,327,5,2,3,2,48,72,420,540,4,5
6523,2,242,2,2,3,2,78,26,300,420,2,5
6524,7,72,8,1,3,1,14,65,180,300,4,5
6525,7,471,9,2,3,1,68,50,180,300,1,5
6526,4,64,4,2,3,2,82,22,420,540,4,5
6527,9,344,9,2,3,3,63,74,420,540,3,5
6528,14,393,14,2,3,1,90,34,420,540,1,5
6529,13,586,14,1,3,1,56,33,180,300,2,5
6530,2,585,4,2,3,2,21,52,300,420,4,5
6531,6,8,6,1,3,2,9,74,60,180,3,5
6532,9,288,9,2,3,1,25,43,300,420,1,5
6533,3,306,3,2,3,2,40,25,420,540,3,5
6534,11,92,11,1,3,2,62,87,180,300,1,5
6535,3,511,5,1,3,2,91,30,60,180,3,5
6536,1,237,1,2,3,1,54,54,420,540,3,5
6537,5,475,6,1,3,2,46,13,0,300,4,5
6538,12,139,12,1,3,2,39,49,180,300,2,5
6539,2,181,4,1,3,1,41,58,0,300,1,5
6540,5,466,7,2,3,1,41,98,420,540,2,5
6541,10,133,11,1,3,2,24,61,180,300,3,5
6542,4,118,5,2,3,3,65,97,420,540,2,5
6543,2,493,3,2,3,3,17,90,420,540,2,5
6544,1,102,1,1,3,3,86,84,180,300,2,5
6545,5,115,6,2,3,1,91,83,300,600,3,5
6546,3,570,4,1,3,3,5,24,0,300,2,5
6547,11,161,12,1,3,1,3,8,0,300,4,5
6548,10,386,10,2,3,2,43,10,420,540,1,5
6549,4,468,6,2,3,1,42,80,180,300,2,5
6550,14,113,15,1,3,3,3,85,60,180,2,5
6551,10,355,10,2,3,3,71,51,420,540,2,5
6552,14,591,16,1,3,2,52,70,180,300,2,5
6553,11,233,11,2,3,2,39,4,300,600,3,5
6554,13,575,15,1,3,2,53,43,0,300,3,5
6555,10,411,10,2,3,3,18,99,420,540,3,5
6556,10,525,11,2,3,1,77,17,180,300,2,5
6557,1,215,1,2,3,3,78,10,420,540,4,5
6558,3,314,3,2,3,1,76,42,420,540,2,5
6559,1,108,1,2,3,1,16,57,300,600,1,5
6560,8,99,8,1,3,3,48,44,180,300,4,5
6561,9,390,10,1,3,2,66,65,180,300,3,5
6562,12,133,12,1,3,3,13,22,180,300,4,5
6563,10,249,11,1,3,2,15,51,180,300,1,5
6564,3,158,3,2,3,2,87,46,420,540,1,5
6565,5,374,5,2,3,2,61,64,420,540,3,5
6566,2,170,3,2,3,3,12,13,180,300,2,5
6567,8,347,8,2,3,1,76,25,420,540,4,5
6568,14,393,15,1,3,1,66,32,180,300,1,5
6569,10,186,10,2,3,1,64,53,300,600,2,5
6570,14,13,16,2,3,2,38,28,0,300,2,5
6571,11,163,11,2,3,3,44,25,300,420,3,5
6572,5,383,5,2,3,1,45,3,420,540,1,5
6573,13,393,13,2,3,3,19,10,420,540,1,5
6574,14,94,14,1,3,3,1,93,180,300,3,5
6575,1,439,3,1,3,3,84,42,0,300,2,5
6576,11,150,12,2,3,1,72,46,180,300,1,5
6577,13,500,14,2,3,1,97,75,180,300,4,5
6578,11,394,12,1,3,1,32,71,0,300,4,5
6579,12,477,13,2,3,2,94,32,420,540,2,5
6580,12,462,13,1,3,2,13,55,180,300,3,5
6581,10,426,12,2,3,1,86,12,60,180,4,5
6582,6,506,8,2,3,3,99,54,0,300,3,5
6583,6,414,7,1,3,1,5,78,180,300,1,5
6584,12,315,12,2,3,1,19,86,420,540,1,5
6585,7,418,7,2,3,3,0,11,420,540,3,5
6586,4,211,4,2,3,3,59,48,420,540,2,5
6587,1,55,1,2,3,1,38,24,60,180,1,5
6588,11,418,12,1,3,3,62,28,60,180,2,5
6589,6,472,8,1,3,2,97,12,60,180,2,5
6590,8,165,8,1,3,3,62,19,180,300,1,5
6591,9,359,9,2,3,1,10,75,420,540,1,5
6592,5,144,5,1,3,2,59,42,180,300,1,5
6593,2,256,2,2,3,3,33,7,300,420,2,5
6594,6,123,7,2,3,3,63,32,60,180,4,5
6595,8,457,9,1,3,3,6,15,0,300,2,5
6596,14,385,15,2,3,3,29,47,0,300,3,5
6597,11,308,11,2,3,2,24,58,420,540,3,5
6598,1,147,2,1,3,3,24,20,0,300,3,5
6599,9,151,9,1,3,3,70,98,180,300,2,5
6600,13,569,15,2,3,3,64,45,420,540,2,5
6601,12,30,12,2,3,3,92,61,180,300,2,5
6602,11,577,12,2,3,2,78,97,300,420,1,5
6603,14,108,14,2,3,2,68,19,180,300,4,5
6604,9,444,11,1,3,1,13,82,180,300,3,5
6605,10,427,12,1,3,2,6,72,60,180,3,5
6606,5,76,5,1,3,1,48,86,180,300,4,5
6607,1,28,1,2,3,3,65,7,0,300,4,5
6608,11,125,12,2,3,1,9,50,180,300,2,5
6609,2,60,2,2,3,1,42,65,420,540,2,5
6610,4,589,5,1,3,3,83,76,180,300,3,5
6611,12,164,12,1,3,3,90,100,180,300,1,5
6612,1,409,2,1,3,1,77,91,60,180,2,5
6613,13,134,13,2,3,3,5,10,180,300,3,5
6614,9,130,10,2,3,3,39,49,180,300,3,5
6615,1,600,3,1,3,1,42,22,180,300,4,5
6616,1,226,2,1,3,3,19,38,180,300,2,5
6617,6,219,6,2,3,1,76,84,420,540,4,5
6618,8,358,8,2,3,1,74,99,420,540,3,5
6619,8,107,8,1,3,3,24,35,180,300,3,5
6620,11,313,12,1,3,1,84,19,180,300,2,5
6621,8,564,9,1,3,2,15,80,180,300,2,5
6622,7,88,7,1,3,1,80,3,180,300,2,5
6623,8,591,10,2,3,1,22,98,0,300,1,5
6624,9,81,10,2,3,2,90,34,420,540,1,5
6625,4,578,5,1,3,2,29,31,0,300,1,5
6626,1,372,1,2,3,3,47,22,420,540,4,5
6627,10,28,10,1,3,1,67,77,60,180,3,5
6628,5,179,5,2,3,1,32,65,300,600,2,5
6629,9,306,9,2,3,2,74,47,420,540,3,5
6630,14,107,15,1,3,1,37,80,180,300,2,5
6631,11,109,11,2,3,1,61,23,180,300,1,5
6632,2,45,2,1,3,3,91,3,60,180,2,5
6633,5,597,7,1,3,2,82,24,60,180,4,5
6634,6,92,7,2,3,3,79,78,0,300,2,5
6635,12,410,12,2,3,1,89,98,420,540,2,5
6636,7,320,8,2,3,1,93,100,180,300,4,5
6637,6,358,7,1,3,2,99,98,60,180,2,5
6638,14,320,14,2,3,3,36,41,420,540,2,5
6639,1,409,1,2,3,2,38,77,420,540,4,5
6640,3,196,3,2,3,2,89,77,300,420,4,5
6641,3,308,3,2,3,3,84,72,420,540,1,5
6642,2,91,2,1,3,1,78,29,180,300,2,5
6643,13,479,15,1,3,1,9,65,60,180,4,5
6644,4,525,5,2,3,1,5,71,300,600,3,5
6645,5,527,7,1,3,2,40,85,0,300,1,5
6646,10,368,10,2,3,1,64,96,420,540,4,5
6647,6,94,6,1,3,1,24,96,180,300,3,5
6648,10,286,11,1,3,2,53,51,0,300,4,5
6649,11,69,11,2,3,2,99,24,180,300,3,5
6650,1,156,1,1,3,1,60,22,180,300,2,5
6651,12,98,13,1,3,1,12,67,180,300,3,5
6652,8,316,8,2,3,1,74,57,420,540,2,5
6653,7,305,8,1,3,2,6,58,60,180,3,5
6654,8,75,9,1,3,2,69,91,60,180,1,5
6655,6,80,7,1,3,3,33,58,0,300,2,5
6656,12,378,12,2,3,1,8,28,420,540,1,5
6657,10,199,10,2,3,1,36,19,420,540,1,5
6658,6,374,6,2,3,3,11,32,420,540,3,5
6659,9,88,10,1,3,1,92,50,0,300,2,5
6660,14,417,14,2,3,2,23,31,420,540,2,5
6661,2,477,3,1,3,2,79,53,0,300,1,5
6662,4,323,4,2,3,1,87,89,420,540,1,5
6663,8,179,8,1,3,1,91,45,180,300,3,5
6664,3,397,3,2,3,2,48,15,420,540,1,5
6665,11,328,11,2,3,3,8,51,420,540,1,5
6666,10,346,10,2,3,2,27,97,420,540,3,5
6667,8,181,8,2,3,2,61,67,300,420,4,5
6668,7,360,7,2,3,2,17,11,420,540,4,5
6669,14,305,14,2,3,3,0,56,420,540,1,5
6670,14,139,15,1,3,3,73,19,180,300,2,5
6671,12,49,12,1,3,2,66,37,60,180,4,5
6672,4,388,5,1,3,3,54,60,0,300,4,5
6673,12,299,13,1,3,2,92,22,180,300,4,5
6674,9,402,9,2,3,1,71,0,420,540,4,5
6675,11,413,11,2,3,2,51,14,420,540,2,5
6676,3,214,3,2,3,1,17,58,300,600,4,5
6677,1,279,3,1,3,1,49,80,0,300,2,5
6678,13,206,14,2,3,3,91,35,180,300,4,5
6679,10,441,12,1,3,1,58,9,0,300,3,5
6680,9,48,9,1,3,2,2,8,60,180,1,5
6681,12,326,13,1,3,3,40,60,60,180,4,5
6682,6,215,7,1,3,1,16,47,180,300,3,5
6683,6,510,8,2,3,3,93,78,180,300,1,5
6684,1,102,2,2,3,3,87,73,0,300,2,5
6685,9,269,10,2,3,3,26,46,0,300,2,5
6686,6,128,6,1,3,3,18,6,180,300,4,5
6687,1,304,1,2,3,3,60,24,420,540,4,5
6688,6,439,7,1,3,3,20,23,180,300,4,5
6689,5,307,5,2,3,1,17,58,420,540,4,5
6690,13,52,13,1,3,3,49,80,60,180,3,5
6691,12,161,12,1,3,3,1,17,180,300,1,5
6692,14,471,16,2,3,1,80,23,300,420,3,5
6693,8,27,9,2,3,2,77,59,180,300,1,5
6694,14,439,15,1,3,3,18,41,0,300,1,5
6695,1,30,2,1,3,2,30,16,180,300,3,5
6696,6,46,6,1,3,2,1,100,60,180,4,5
6697,4,209,4,2,3,2,77,5,300,420,1,5
6698,12,189,13,1,3,1,33,68,0,300,1,5
6699,14,161,14,1,3,2,38,100,180,300,2,5
6700,13,50,14,1,3,2,50,87,0,300,4,5
6701,7,295,8,2,3,3,27,7,180,300,2,5
6702,2,260,2,2,3,2,83,74,300,600,4,5
6703,11,388,11,2,3,1,11,83,420,540,2,5
6704,10,473,11,2,3,3,69,55,0,300,3,5
6705,5,459,6,2,3,2,38,35,420,540,2,5
6706,9,485,11,1,3,1,78,69,0,300,4,5
6707,13,416,14,1,3,3,41,20,60,180,2,5
6708,13,471,14,2,3,3,5,59,60,180,3,5
6709,12,507,13,1,3,2,77,66,60,180,3,5
6710,6,275,7,1,3,3,55,7,0,300,4,5
6711,14,57,15,1,3,3,12,16,180,300,1,5
6712,10,532,12,1,3,1,47,55,60,180,2,5
6713,14,384,15,1,3,1,75,59,0,300,3,5
6714,6,36,6,1,3,1,85,16,60,180,1,5
6715,1,462,2,2,3,3,53,86,180,300,4,5
6716,4,561,6,1,3,1,49,67,180,300,2,5
6717,2,25,3,2,3,3,74,95,60,180,4,5
6718,12,209,12,2,3,2,61,88,420,540,3,5
6719,14,483,16,2,3,2,52,80,0,300,3,5
6720,4,113,4,1,3,1,48,8,180,300,1,5
6721,10,55,10,1,3,3,96,11,60,180,4,5
6722,7,50,7,1,3,3,51,70,60,180,2,5
6723,6,165,6,1,3,2,14,43,180,300,1,5
6724,8,338,8,2,3,1,45,11,420,540,3,5
6725,10,195,10,2,3,2,50,6,300,600,1,5
6726,2,204,2,2,3,3,87,7,420,540,4,5
6727,3,1,3,1,3,3,60,15,60,180,1,5
6728,13,258,13,2,3,1,63,32,300,420,4,5
6729,11,492,12,2,3,1,16,41,0,300,1,5
6730,9,505,10,1,3,2,100,19,0,300,2,5
6731,7,79,7,1,3,1,30,7,180,300,1,5
6732,11,332,11,2,3,1,25,39,420,540,1,5
6733,1,588,2,2,3,2,88,83,300,420,3,5
6734,13,556,14,1,3,1,8,59,60,180,1,5
6735,5,5,5,1,3,1,61,22,60,180,3,5
6736,6,263,7,2,3,1,77,37,60,180,3,5
6737,9,462,10,1,3,1,3,69,60,180,2,5
6738,11,410,11,2,3,1,97,69,420,540,4,5
6739,5,323,5,2,3,2,60,58,420,540,1,5
6740,1,380,2,1,3,2,30,75,0,300,1,5
6741,10,172,10,2,3,1,76,31,420,540,2,5
6742,3,401,3,2,3,2,85,49,420,540,3,5
6743,7,150,9,1,3,2,13,10,60,180,2,5
6744,4,105,5,2,3,1,4,47,0,300,4,5
6745,5,219,5,2,3,2,85,13,420,540,2,5
6746,7,238,8,2,3,3,73,74,0,300,2,5
6747,11,303,11,2,3,3,10,32,420,540,3,5
6748,4,171,5,1,3,2,10,35,60,180,3,5
6749,1,56,1,1,3,3,14,28,60,180,1,5
6750,14,163,15,1,3,2,93,21,0,300,1,5
6751,3,95,3,1,3,1,90,60,180,300,2,5
6752,3,322,3,2,3,1,68,85,420,540,2,5
6753,6,172,6,2,3,3,79,61,420,540,4,5
6754,7,408,8,2,3,2,56,100,180,300,3,5
6755,6,501,8,1,3,1,0,97,60,180,2,5
6756,10,271,11,1,3,2,52,29,0,300,4,5
6757,10,359,11,1,3,1,79,9,0,300,3,5
6758,3,289,3,2,3,3,76,30,300,600,3,5
6759,2,521,3,1,3,2,57,90,0,300,4,5
6760,5,163,5,2,3,1,13,52,180,300,1,5
6761,12,426,14,1,3,1,44,52,60,180,4,5
6762,4,560,6,2,3,2,17,4,60,180,4,5
6763,4,101,5,1,3,1,45,21,180,300,2,5
6764,6,114,6,1,3,2,1,62,180,300,4,5
6765,4,452,5,1,3,2,60,38,180,300,1,5
6766,1,131,2,1,3,1,24,74,180,300,1,5
6767,9,517,11,1,3,3,25,11,60,180,2,5
6768,4,193,4,2,3,3,85,70,300,600,4,5
6769,10,248,10,2,3,2,23,95,300,420,2,5
6770,5,370,5,2,3,2,86,38,420,540,1,5
6771,11,369,12,1,3,1,48,89,60,180,3,5
6772,11,521,12,1,3,1,88,36,180,300,1,5
6773,6,462,7,1,3,1,26,79,0,300,2,5
6774,10,120,11,1,3,2,73,59,180,300,2,5
6775,5,3,6,1,3,3,96,87,180,300,2,5
6776,11,483,12,1,3,1,57,98,0,300,3,5
6777,8,233,8,2,3,2,83,84,420,540,3,5
6778,5,550,6,1,3,3,31,46,0,300,2,5
6779,2,17,3,2,3,2,8,30,0,300,3,5
6780,12,578,14,1,3,2,8,68,180,300,1,5
6781,6,205,6,2,3,1,42,39,300,600,3,5
6782,9,266,9,2,3,3,45,42,420,540,2,5
6783,13,134,13,1,3,3,81,57,180,300,3,5
6784,9,76,9,2,3,1,82,50,420,540,4,5
6785,10,41,10,1,3,2,30,41,60,180,1,5
6786,6,401,7,1,3,3,34,0,0,300,4,5
6787,12,437,14,1,3,1,14,69,60,180,2,5
6788,5,109,6,1,3,3,86,64,0,300,4,5
6789,9,569,10,1,3,2,0,47,0,300,4,5
6790,2,378,2,2,3,3,59,74,420,540,1,5
6791,5,75,5,1,3,1,83,22,180,300,1,5
6792,7,506,9,1,3,3,60,69,180,300,1,5
6793,13,160,14,1,3,2,63,9,180,300,1,5
6794,7,58,7,1,3,2,50,6,60,180,2,5
6795,11,58,13,2,3,1,33,45,300,600,4,5
6796,8,187,9,1,3,2,13,49,60,180,4,5
6797,9,481,11,1,3,1,87,9,60,180,4,5
6798,10,277,11,1,3,3,99,31,180,300,4,5
6799,2,525,3,1,3,3,39,22,60,180,1,5
6800,1,1,1,2,3,1,56,56,300,420,2,5
6801,12,249,12,2,3,2,87,13,300,420,1,5
6802,6,69,7,1,3,2,49,98,0,300,4,5
6803,3,158,4,2,3,1,23,43,60,180,1,5
6804,6,487,8,2,3,2,47,17,180,300,3,5
6805,2,51,2,2,3,3,41,34,180,300,1,5
6806,9,244,9,2,3,3,54,87,300,420,3,5
6807,8,412,8,2,3,1,59,34,420,540,4,5
6808,9,330,10,2,3,2,39,97,420,540,2,5
6809,13,372,13,2,3,2,80,23,420,540,1,5
6810,6,156,6,2,3,2,94,37,180,300,4,5
6811,4,580,5,1,3,2,65,31,60,180,2,5
6812,10,523,11,1,3,3,60,19,0,300,4,5
6813,2,505,3,1,3,2,27,18,180,300,4,5
6814,10,164,11,2,3,2,87,62,420,540,1,5
6815,6,205,6,2,3,3,73,11,300,420,4,5
6816,4,43,5,1,3,3,26,94,180,300,2,5
6817,13,429,15,2,3,2,54,8,180,300,4,5
6818,7,446,9,1,3,2,37,65,60,180,2,5
6819,5,294,6,1,3,1,2,78,0,300,2,5
6820,10,62,10,1,3,2,69,93,180,300,2,5
6821,14,5,14,1,3,1,41,96,60,180,2,5
6822,1,264,1,2,3,2,95,42,300,420,2,5
6823,7,206,7,2,3,1,77,64,300,600,1,5
6824,13,515,14,1,3,2,24,90,0,300,4,5
6825,8,111,8,2,3,2,2,69,300,600,4,5
6826,1,232,1,2,3,1,32,84,420,540,3,5
6827,1,407,1,2,3,3,83,81,420,540,1,5
6828,4,77,4,2,3,2,22,40,180,300,3,5
6829,4,581,5,1,3,2,94,54,180,300,2,5
6830,1,95,2,2,3,2,22,27,300,600,4,5
6831,7,403,7,2,3,1,15,59,420,540,2,5
6832,8,556,9,2,3,1,71,25,300,600,2,5
6833,5,269,5,2,3,2,52,7,300,420,4,5
6834,1,474,3,1,3,2,59,34,180,300,4,5
6835,14,240,15,1,3,3,60,19,180,300,1,5
6836,8,296,8,2,3,1,98,67,420,540,4,5
6837,2,508,3,2,3,3,8,82,180,300,3,5
6838,12,29,12,1,3,2,63,58,60,180,1,5
6839,9,153,9,1,3,3,94,16,180,300,1,5
6840,8,13,8,1,3,2,74,88,60,180,4,5
6841,13,2,13,1,3,1,7,6,60,180,4,5
6842,6,583,7,2,3,1,16,67,300,600,4,5
6843,11,302,11,2,3,3,7,53,420,540,2,5
6844,3,379,4,1,3,2,84,99,180,300,3,5
6845,3,201,3,2,3,3,93,96,420,540,2,5
6846,1,435,2,1,3,3,31,82,180,300,1,5
6847,6,289,7,1,3,1,58,64,0,300,1,5
6848,13,163,13,1,3,2,65,17,180,300,4,5
6849,6,597,8,1,3,3,15,17,60,180,1,5
6850,11,430,12,2,3,2,46,3,420,540,4,5
6851,5,55,6,1,3,2,32,52,0,300,2,5
6852,9,225,10,2,3,1,9,98,300,420,1,5
6853,3,62,4,1,3,3,6,19,180,300,3,5
6854,3,112,4,1,3,2,71,87,180,300,3,5
6855,6,367,6,2,3,3,95,27,420,540,4,5
6856,4,328,4,2,3,3,73,59,420,540,3,5
6857,10,489,12,1,3,1,50,45,180,300,1,5
6858,6,556,8,2,3,1,28,65,0,300,3,5
6859,4,375,4,2,3,1,19,30,420,540,3,5
6860,7,442,9,2,3,3,90,59,300,600,3,5
6861,7,433,8,1,3,1,21,55,60,180,1,5
6862,4,451,6,1,3,1,77,93,60,180,1,5
6863,5,560,6,1,3,1,46,63,180,300,4,5
6864,1,313,1,2,3,1,48,36,420,540,1,5
6865,3,538,5,2,3,3,56,82,180,300,3,5
6866,8,96,9,1,3,3,37,40,0,300,2,5
6867,9,442,11,2,3,2,0,92,60,180,4,5
6868,12,368,13,1,3,3,98,57,0,300,2,5
6869,12,269,12,2,3,3,57,0,420,540,3,5
6870,6,297,6,2,3,2,13,14,300,420,1,5
6871,3,213,3,2,3,1,34,16,300,420,1,5
6872,9,342,10,1,3,2,61,67,60,180,4,5
6873,7,280,7,2,3,2,25,53,420,540,4,5
6874,2,530,3,2,3,3,20,65,300,600,3,5
6875,2,423,4,1,3,2,37,40,180,300,1,5
6876,12,525,13,1,3,3,12,98,60,180,3,5
6877,8,221,8,2,3,1,32,99,420,540,4,5
6878,9,400,10,2,3,3,36,3,300,420,4,5
6879,1,547,2,1,3,3,32,46,180,300,2,5
6880,10,124,10,1,3,2,61,91,180,300,1,5
6881,4,341,4,2,3,3,26,94,420,540,3,5
6882,13,33,14,2,3,3,47,87,0,300,4,5
6883,7,409,8,2,3,2,48,31,300,600,2,5
6884,11,78,11,2,3,2,81,31,420,540,3,5
6885,2,87,2,1,3,2,8,38,180,300,4,5
6886,1,147,1,2,3,3,79,73,420,540,1,5
6887,4,361,5,1,3,1,76,20,60,180,3,5
6888,8,460,9,1,3,3,62,32,60,180,4,5
6889,11,16,12,2,3,1,68,43,300,600,3,5
6890,4,395,4,2,3,1,51,85,420,540,2,5
6891,1,335,2,2,3,2,78,42,180,300,2,5
6892,4,408,4,2,3,3,85,22,420,540,2,5
6893,9,123,10,2,3,2,59,14,0,300,4,5
6894,5,488,6,1,3,3,16,53,60,180,2,5
6895,3,394,3,2,3,2,27,47,420,540,4,5
6896,14,31,14,2,3,3,48,91,300,420,1,5
6897,7,302,7,2,3,1,32,59,420,540,1,5
6898,3,243,4,2,3,1,51,40,60,180,1,5
6899,7,514,8,2,3,1,7,89,420,540,2,5
6900,7,455,9,2,3,3,10,16,420,540,3,5
6901,14,325,14,2,3,1,79,75,420,540,4,5
6902,3,177,3,2,3,2,0,37,300,600,2,5
6903,4,84,5,2,3,1,40,70,60,180,2,5
6904,5,125,6,1,3,1,42,45,0,300,1,5
6905,7,311,8,1,3,2,1,12,180,300,2,5
6906,5,162,7,1,3,1,29,97,0,300,3,5
6907,5,316,5,2,3,2,6,99,420,540,2,5
6908,1,510,3,1,3,2,38,60,180,300,1,5
6909,1,2,2,1,3,2,97,26,180,300,1,5
6910,8,386,8,2,3,2,13,45,420,540,2,5
6911,5,559,6,1,3,3,88,26,180,300,3,5
6912,11,586,13,1,3,2,84,71,180,300,4,5
6913,8,381,8,2,3,2,0,83,420,540,4,5
6914,14,556,15,2,3,3,62,47,0,300,1,5
6915,7,188,7,2,3,3,38,97,300,420,1,5
6916,7,502,9,1,3,2,90,35,180,300,4,5
6917,14,553,15,1,3,2,86,29,60,180,4,5
6918,2,447,3,1,3,3,75,81,180,300,2,5
6919,3,318,3,2,3,3,85,79,420,540,2,5
6920,10,105,11,1,3,2,10,13,180,300,2,5
6921,13,493,14,2,3,2,45,44,300,600,1,5
6922,6,58,6,1,3,2,94,79,60,180,1,5
6923,10,26,10,2,3,2,55,52,0,300,4,5
6924,12,502,14,1,3,3,47,99,180,300,3,5
6925,3,2,3,1,3,2,100,61,60,180,2,5
6926,4,100,4,1,3,3,84,77,180,300,1,5
6927,3,282,3,2,3,3,67,84,300,420,1,5
6928,13,553,15,1,3,1,81,64,60,180,2,5
6929,12,589,13,1,3,3,42,57,0,300,1,5
6930,2,249,2,2,3,1,23,27,420,540,3,5
6931,12,232,13,1,3,2,49,2,180,300,3,5
6932,3,70,3,1,3,2,7,51,180,300,4,5
6933,3,291,4,1,3,1,36,66,0,300,4,5
6934,9,545,10,2,3,2,58,12,300,600,2,5
6935,7,573,9,2,3,3,56,70,300,600,3,5
6936,11,173,12,1,3,3,13,100,180,300,1,5
6937,6,133,7,1,3,3,47,91,0,300,4,5
6938,11,490,12,2,3,3,62,0,420,540,4,5
6939,4,81,5,1,3,3,99,6,180,300,1,5
6940,4,254,4,2,3,1,93,31,420,540,1,5
6941,7,40,7,2,3,2,17,47,420,540,4,5
6942,1,58,2,1,3,1,49,20,60,180,1,5
6943,4,67,4,1,3,3,42,45,180,300,4,5
6944,1,300,2,1,3,3,63,58,0,300,2,5
6945,9,210,11,2,3,3,15,58,420,540,3,5
6946,10,243,10,2,3,1,92,10,420,540,3,5
6947,5,37,6,1,3,3,99,7,180,300,4,5
6948,6,484,8,1,3,3,41,33,0,300,3,5
6949,3,272,4,2,3,2,96,77,300,420,2,5
6950,10,392,10,2,3,1,31,90,420,540,1,5
6951,8,174,8,1,3,3,0,46,180,300,4,5
6952,9,545,11,1,3,2,6,40,0,300,3,5
6953,8,217,8,2,3,2,28,39,300,600,1,5
6954,13,377,13,2,3,3,5,70,420,540,2,5
6955,6,1,7,1,3,2,41,77,0,300,1,5
6956,9,517,11,2,3,1,74,13,420,540,2,5
6957,14,11,14,1,3,1,19,81,60,180,3,5
6958,11,234,11,2,3,1,70,6,300,600,2,5
6959,3,60,3,1,3,1,100,84,180,300,4,5
6960,11,396,11,2,3,1,0,56,420,540,3,5
6961,1,493,3,1,3,2,50,26,60,180,2,5
6962,1,507,2,2,3,3,5,14,60,180,3,5
6963,11,226,11,2,3,3,80,83,300,600,1,5
6964,7,492,9,2,3,3,82,37,180,300,2,5
6965,5,277,5,2,3,1,98,73,420,540,1,5
6966,12,153,12,1,3,3,36,18,180,300,3,5
6967,6,259,6,2,3,2,38,1,300,600,4,5
6968,5,109,5,1,3,2,14,18,180,300,3,5
6969,9,594,10,1,3,3,14,81,0,300,4,5
6970,14,145,15,1,3,3,41,33,180,300,4,5
6971,10,538,12,1,3,2,33,60,60,180,2,5
6972,12,413,13,2,3,2,85,31,180,300,2,5
6973,8,337,8,2,3,1,66,93,420,540,4,5
6974,1,202,2,2,3,3,71,46,180,300,4,5
6975,4,149,4,1,3,3,32,86,180,300,2,5
6976,12,450,14,1,3,2,92,51,0,300,4,5
6977,5,175,6,1,3,2,33,31,180,300,1,5
6978,14,221,14,2,3,1,47,82,300,600,3,5
6979,6,29,6,1,3,2,68,78,60,180,1,5
6980,2,191,3,1,3,1,16,62,180,300,1,5
6981,8,48,8,1,3,2,17,28,60,180,3,5
6982,10,270,10,2,3,1,19,97,300,600,1,5
6983,6,246,6,2,3,2,54,57,300,600,1,5
6984,6,503,7,1,3,1,88,99,60,180,4,5
6985,14,505,15,1,3,3,99,39,60,180,3,5
6986,1,581,3,1,3,2,60,5,60,180,2,5
6987,8,21,9,1,3,1,96,46,180,300,4,5
6988,11,492,12,1,3,2,15,62,180,300,4,5
6989,6,456,7,1,3,1,32,59,0,300,2,5
6990,6,508,8,1,3,3,50,9,180,300,2,5
6991,11,218,11,2,3,3,27,42,300,600,3,5
6992,14,33,14,1,3,3,92,10,60,180,1,5
6993,12,383,12,2,3,1,95,34,420,540,4,5
6994,7,417,7,2,3,2,74,17,420,540,1,5
6995,5,145,6,2,3,3,36,68,60,180,3,5
6996,8,299,8,2,3,3,29,84,420,540,2,5
6997,10,117,10,2,3,2,29,64,300,420,4,5
6998,9,505,11,2,3,2,66,82,180,300,1,5
6999,7,596,8,1,3,2,57,3,180,300,3,5
7000,9,454,10,1,3,3,89,41,180,300,2,5
7001,2,405,3,1,3,3,44,28,0,300,1,5
7002,1,513,2,2,3,3,36,83,60,180,1,5
7003,3,293,3,2,3,1,15,87,300,600,4,5
7004,12,63,12,2,3,1,41,16,180,300,4,5
7005,9,471,10,1,3,2,19,40,180,300,2,5
7006,10,528,11,2,3,1,39,23,300,420,2,5
7007,7,392,7,2,3,2,6,54,420,540,2,5
7008,13,382,13,2,3,1,93,68,420,540,2,5
7009,14,94,14,2,3,2,25,2,300,420,2,5
7010,3,536,5,1,3,1,41,35,60,180,3,5
7011,10,221,10,2,3,3,36,65,300,600,3,5
7012,7,229,7,2,3,2,21,78,420,540,1,5
7013,12,499,14,1,3,3,95,35,0,300,4,5
7014,9,189,10,2,3,2,33,89,180,300,3,5
7015,14,338,14,2,3,2,11,39,420,540,3,5
7016,10,591,12,2,3,1,72,69,180,300,3,5
7017,11,512,13,1,3,1,96,12,60,180,2,5
7018,2,178,2,2,3,3,30,77,420,540,2,5
7019,12,333,12,2,3,1,44,6,420,540,4,5
7020,14,450,15,1,3,3,85,94,180,300,4,5
7021,7,548,8,2,3,1,51,67,0,300,2,5
7022,9,60,10,1,3,3,10,9,60,180,4,5
7023,7,286,7,2,3,1,26,32,420,540,4,5
7024,3,276,3,2,3,2,54,62,420,540,3,5
7025,7,466,8,2,3,3,54,97,300,600,3,5
7026,9,247,9,2,3,2,12,66,300,420,1,5
7027,8,586,10,1,3,2,57,1,60,180,2,5
7028,2,261,3,2,3,2,87,22,180,300,4,5
7029,9,84,11,1,3,2,30,87,180,300,1,5
7030,7,577,8,1,3,1,67,66,60,180,2,5
7031,9,15,9,2,3,1,71,80,60,180,4,5
7032,6,472,7,1,3,3,71,60,0,300,1,5
7033,4,520,6,1,3,2,25,16,0,300,4,5
7034,3,273,4,2,3,3,50,0,60,180,3,5
7035,3,593,4,2,3,3,66,33,0,300,2,5
7036,13,111,13,1,3,1,73,4,180,300,1,5
7037,8,507,10,1,3,2,83,60,60,180,4,5
7038,11,121,11,1,3,2,61,44,180,300,2,5
7039,3,488,5,1,3,2,48,93,60,180,3,5
7040,8,505,10,1,3,3,49,61,0,300,2,5
7041,13,332,13,2,3,2,48,77,420,540,3,5
7042,9,191,11,1,3,1,97,21,180,300,4,5
7043,8,328,8,2,3,3,55,15,420,540,1,5
7044,14,284,14,2,3,3,10,37,420,540,2,5
7045,8,475,10,1,3,1,25,73,0,300,3,5
7046,13,20,14,1,3,1,88,13,60,180,2,5
7047,2,596,3,1,3,2,21,47,0,300,4,5
7048,3,523,4,2,3,3,10,93,60,180,1,5
7049,2,399,4,2,3,2,45,46,60,180,1,5
7050,5,257,5,2,3,3,79,5,420,540,1,5
7051,13,221,14,1,3,3,16,72,180,300,4,5
7052,7,64,7,1,3,2,73,95,180,300,1,5
7053,3,521,5,1,3,3,0,1,180,300,1,5
7054,9,442,10,1,3,2,64,39,60,180,4,5
7055,10,214,10,2,3,1,13,27,420,540,3,5
7056,3,272,3,2,3,3,15,49,300,420,3,5
7057,2,407,2,2,3,1,1,58,420,540,1,5
7058,6,319,6,2,3,2,12,52,420,540,3,5
7059,11,596,13,1,3,1,83,81,60,180,2,5
7060,5,508,7,1,3,2,40,32,180,300,1,5
7061,8,284,8,2,3,2,14,9,420,540,1,5
7062,14,345,15,1,3,1,67,11,180,300,1,5
7063,14,140,14,1,3,3,80,37,180,300,3,5
7064,4,527,6,2,3,3,39,33,300,420,1,5
7065,5,404,5,2,3,3,65,93,420,540,4,5
7066,11,335,11,2,3,3,92,31,420,540,4,5
7067,11,462,12,2,3,1,7,66,60,180,4,5
7068,13,564,14,1,3,1,38,70,0,300,3,5
7069,12,428,14,1,3,1,55,94,0,300,4,5
7070,4,180,4,1,3,3,34,44,180,300,4,5
7071,10,151,12,1,3,2,13,94,60,180,1,5
7072,14,44,14,1,3,3,57,69,60,180,1,5
7073,8,451,9,1,3,2,60,58,0,300,1,5
7074,10,21,10,1,3,2,7,28,60,180,3,5
7075,9,421,10,1,3,1,15,54,180,300,2,5
7076,12,0,12,1,3,2,20,84,60,180,1,5
7077,10,346,10,2,3,1,39,34,420,540,4,5
7078,3,216,4,1,3,3,91,87,60,180,2,5
7079,7,140,7,1,3,1,87,61,180,300,1,5
7080,12,217,12,2,3,2,25,69,300,600,2,5
7081,1,203,2,2,3,3,82,98,60,180,2,5
7082,3,560,4,2,3,1,16,60,60,180,3,5
7083,11,450,13,2,3,2,19,11,0,300,2,5
7084,8,337,9,2,3,2,89,4,0,300,1,5
7085,5,325,6,1,3,3,57,3,0,300,3,5
7086,10,112,11,1,3,3,75,40,180,300,3,5
7087,10,160,11,1,3,1,45,26,0,300,1,5
7088,8,587,10,1,3,1,46,9,60,180,1,5
7089,12,455,14,1,3,2,41,15,0,300,1,5
7090,6,296,8,2,3,3,98,52,60,180,3,5
7091,4,438,5,2,3,3,14,62,60,180,4,5
7092,5,294,5,2,3,1,28,59,420,540,2,5
7093,6,438,7,2,3,3,60,94,180,300,4,5
7094,3,157,3,1,3,2,82,13,180,300,1,5
7095,7,207,7,2,3,2,62,39,300,600,3,5
7096,10,330,11,2,3,2,94,8,180,300,1,5
7097,14,80,15,1,3,3,39,20,60,180,4,5
7098,10,454,11,2,3,3,78,37,420,540,3,5
7099,8,130,8,2,3,1,91,31,300,420,1,5
7100,3,597,5,1,3,1,23,40,0,300,2,5
7101,7,341,7,2,3,3,25,60,420,540,4,5
7102,10,253,10,2,3,3,72,94,420,540,2,5
7103,2,537,3,1,3,1,31,69,0,300,2,5
7104,11,221,12,2,3,2,96,80,180,300,4,5
7105,3,318,4,1,3,3,70,63,60,180,3,5
7106,10,344,10,2,3,2,76,30,420,540,1,5
7107,11,457,12,2,3,3,31,27,60,180,4,5
7108,6,577,8,1,3,2,30,33,60,180,2,5
7109,8,497,9,2,3,2,21,16,420,540,3,5
7110,9,463,11,1,3,3,93,31,180,300,4,5
7111,7,569,9,2,3,2,27,34,300,600,4,5
7112,14,591,15,2,3,3,96,93,420,540,1,5
7113,11,113,12,1,3,3,92,59,0,300,1,5
7114,5,498,6,2,3,1,100,46,300,420,3,5
7115,5,257,5,2,3,1,93,7,420,540,4,5
7116,5,354,5,2,3,3,35,60,420,540,2,5
7117,13,13,13,1,3,1,27,46,60,180,3,5
7118,4,19,5,2,3,3,92,72,180,300,1,5
7119,6,280,7,2,3,3,43,8,180,300,3,5
7120,12,364,12,2,3,1,19,60,420,540,2,5
7121,6,212,6,2,3,3,34,67,300,420,2,5
7122,3,295,3,2,3,2,95,22,300,420,3,5
7123,5,173,6,1,3,1,44,78,60,180,1,5
7124,1,64,1,2,3,2,87,24,420,540,1,5
7125,6,235,6,2,3,2,90,82,420,540,2,5
7126,3,136,4,2,3,3,51,11,60,180,3,5
7127,14,84,14,1,3,3,10,90,180,300,2,5
7128,13,461,14,1,3,3,53,78,0,300,1,5
7129,7,167,7,2,3,1,93,35,180,300,1,5
7130,14,585,16,1,3,2,88,8,60,180,4,5
7131,13,548,14,1,3,2,49,11,180,300,3,5
7132,10,479,11,1,3,1,19,3,0,300,2,5
7133,9,594,11,2,3,1,74,50,180,300,4,5
7134,12,376,13,2,3,3,38,17,420,540,1,5
7135,10,38,11,1,3,3,72,69,60,180,4,5
7136,3,201,3,2,3,1,41,35,300,420,1,5
7137,10,390,11,1,3,2,10,98,180,300,2,5
7138,11,325,12,1,3,2,51,76,0,300,1,5
7139,6,217,6,2,3,2,66,75,420,540,1,5
7140,7,11,7,1,3,1,82,24,60,180,3,5
7141,6,5,6,1,3,2,82,23,60,180,3,5
7142,1,475,3,1,3,1,7,89,60,180,1,5
7143,9,282,9,2,3,1,89,9,300,420,4,5
7144,6,41,7,1,3,2,44,28,0,300,2,5
7145,5,196,5,2,3,1,68,97,300,600,2,5
7146,5,226,5,2,3,1,30,90,300,420,1,5
7147,9,540,10,2,3,1,53,79,420,540,4,5
7148,2,302,2,2,3,3,59,33,420,540,2,5
7149,14,22,14,1,3,2,43,16,60,180,1,5
7150,12,154,14,1,3,3,55,2,0,300,1,5
7151,11,591,12,2,3,2,26,73,180,300,1,5
7152,8,10,8,2,3,1,38,52,180,300,2,5
7153,14,119,15,1,3,3,91,0,60,180,3,5
7154,7,256,8,2,3,3,44,86,300,420,2,5
7155,3,207,3,2,3,3,77,94,420,540,2,5
7156,4,486,6,2,3,3,27,71,60,180,1,5
7157,13,10,13,1,3,2,12,82,60,180,3,5
7158,14,29,14,1,3,3,32,35,60,180,4,5
7159,13,382,14,2,3,2,93,23,0,300,2,5
7160,7,330,7,2,3,3,17,42,420,540,1,5
7161,13,156,14,1,3,3,31,45,180,300,1,5
7162,14,365,15,1,3,3,30,39,60,180,4,5
7163,9,208,9,2,3,1,19,63,300,420,1,5
7164,10,536,12,2,3,1,59,83,180,300,1,5
7165,11,568,13,2,3,3,12,98,420,540,4,5
7166,14,491,16,2,3,2,80,27,420,540,1,5
7167,7,461,8,1,3,3,40,8,60,180,3,5
7168,5,44,6,2,3,3,31,33,180,300,4,5
7169,3,12,4,1,3,3,40,56,180,300,3,5
7170,8,253,9,1,3,3,82,81,180,300,1,5
7171,4,175,5,1,3,1,65,22,0,300,4,5
7172,9,355,9,2,3,2,34,42,420,540,1,5
7173,6,299,7,1,3,3,38,99,0,300,4,5
7174,3,148,3,1,3,2,99,28,180,300,4,5
7175,11,484,12,2,3,2,82,48,60,180,2,5
7176,3,579,4,2,3,2,99,16,60,180,1,5
7177,11,111,11,1,3,1,81,56,180,300,1,5
7178,10,455,11,2,3,1,56,69,0,300,4,5
7179,12,52,13,1,3,3,51,65,60,180,3,5
7180,7,53,7,2,3,2,22,21,0,300,3,5
7181,12,342,12,2,3,2,24,86,420,540,4,5
7182,13,27,14,1,3,2,95,23,180,300,4,5
7183,10,2,10,2,3,1,36,62,300,600,4,5
7184,7,565,8,1,3,3,20,42,60,180,3,5
7185,10,441,11,1,3,1,10,14,180,300,3,5
7186,4,439,6,2,3,3,49,99,300,420,1,5
7187,9,470,10,2,3,3,84,89,60,180,2,5
7188,13,590,14,1,3,2,7,6,0,300,3,5
7189,1,134,1,1,3,3,73,65,180,300,1,5
7190,12,197,12,2,3,2,68,28,420,540,1,5
7191,7,343,8,1,3,3,28,31,180,300,2,5
7192,3,410,4,1,3,1,56,85,0,300,2,5
7193,10,525,11,1,3,3,97,42,180,300,3,5
7194,1,268,2,1,3,3,88,79,60,180,4,5
7195,10,583,12,1,3,2,2,2,180,300,2,5
7196,12,22,13,1,3,3,5,56,0,300,4,5
7197,13,282,13,2,3,1,50,17,300,420,2,5
7198,5,225,6,2,3,2,14,88,60,180,4,5
7199,13,545,14,1,3,1,40,20,60,180,3,5
7200,12,342,12,2,3,2,31,73,420,540,2,5
7201,3,199,3,2,3,3,10,5,420,540,1,5
7202,4,208,4,2,3,3,79,93,420,540,4,5
7203,4,580,6,2,3,2,94,90,300,420,4,5
7204,12,166,14,1,3,2,81,91,0,300,2,5
7205,13,53,13,1,3,2,98,20,60,180,3,5
7206,13,407,13,2,3,1,35,82,420,540,4,5
7207,11,437,12,1,3,1,62,28,60,180,1,5
7208,7,121,8,1,3,2,4,2,180,300,3,5
7209,6,543,8,1,3,3,89,80,60,180,4,5
7210,8,578,9,1,3,1,28,8,0,300,1,5
7211,8,12,9,1,3,1,19,16,0,300,1,5
7212,11,157,11,2,3,3,18,79,180,300,2,5
7213,3,93,4,2,3,3,1,50,180,300,1,5
7214,4,412,4,2,3,1,13,39,420,540,4,5
7215,1,154,1,1,3,3,12,62,180,300,3,5
7216,8,147,9,2,3,2,12,78,0,300,2,5
7217,1,229,1,2,3,1,97,64,420,540,3,5
7218,5,59,5,2,3,1,44,54,0,300,4,5
7219,10,416,10,2,3,3,66,1,420,540,1,5
7220,2,449,4,1,3,2,8,41,0,300,1,5
7221,7,95,7,1,3,3,43,99,180,300,3,5
7222,14,246,14,2,3,1,97,43,300,600,1,5
7223,4,66,5,1,3,2,87,20,60,180,3,5
7224,1,13,1,1,3,3,56,67,60,180,1,5
7225,6,212,6,2,3,2,81,93,300,420,2,5
7226,13,324,14,2,3,1,41,66,300,600,1,5
7227,6,55,7,1,3,3,0,54,60,180,1,5
7228,13,449,14,2,3,1,84,83,420,540,1,5
7229,2,213,2,2,3,1,11,52,300,600,3,5
7230,2,577,3,1,3,2,14,15,60,180,1,5
7231,2,85,3,2,3,2,85,4,0,300,4,5
7232,12,170,13,2,3,3,41,90,60,180,2,5
7233,12,319,12,2,3,2,4,26,420,540,4,5
7234,5,531,7,2,3,2,29,38,180,300,2,5
7235,5,460,7,2,3,3,50,8,300,420,4,5
7236,9,257,10,1,3,2,60,57,0,300,2,5
7237,12,373,12,2,3,1,82,2,420,540,3,5
7238,1,33,1,1,3,2,20,24,60,180,3,5
7239,14,420,15,1,3,3,79,51,0,300,1,5
7240,14,113,14,2,3,2,20,84,300,420,2,5
7241,8,91,8,2,3,1,91,70,180,300,1,5
7242,13,241,14,1,3,3,100,26,0,300,4,5
7243,2,156,3,2,3,2,75,29,420,540,1,5
7244,3,440,4,1,3,2,93,54,0,300,4,5
7245,11,130,11,2,3,2,70,19,420,540,4,5
7246,1,161,2,1,3,3,35,73,60,180,1,5
7247,1,281,3,2,3,3,87,43,300,420,2,5
7248,8,547,10,1,3,3,72,4,0,300,3,5
7249,7,14,7,1,3,3,98,61,60,180,3,5
7250,5,421,7,2,3,3,0,9,420,540,2,5
7251,3,497,4,2,3,3,27,37,0,300,2,5
7252,7,161,8,1,3,1,52,57,180,300,2,5
7253,2,173,2,2,3,3,100,28,180,300,1,5
7254,5,291,5,2,3,3,31,13,300,600,4,5
7255,5,501,7,2,3,3,72,39,180,300,1,5
7256,8,378,10,1,3,3,40,82,180,300,1,5
7257,1,9,1,2,3,3,33,34,180,300,1,5
7258,11,121,11,2,3,1,72,0,180,300,3,5
7259,8,591,10,1,3,1,67,23,0,300,4,5
7260,7,505,9,1,3,2,11,85,180,300,3,5
7261,11,210,12,2,3,3,95,9,420,540,3,5
7262,7,251,7,2,3,1,43,92,420,540,1,5
7263,5,230,6,1,3,1,76,47,60,180,1,5
7264,13,147,13,2,3,1,49,72,300,600,1,5
7265,1,597,2,2,3,1,43,48,300,600,3,5
7266,5,280,6,1,3,1,47,43,60,180,4,5
7267,2,39,2,1,3,2,70,64,60,180,2,5
7268,2,400,2,2,3,2,79,0,420,540,1,5
7269,7,439,8,1,3,1,59,82,60,180,4,5
7270,4,509,5,2,3,3,72,40,180,300,4,5
7271,7,542,8,2,3,1,36,98,60,180,3,5
7272,12,533,14,2,3,2,58,15,300,600,3,5
7273,1,80,3,1,3,2,96,68,180,300,4,5
7274,14,366,15,2,3,3,91,31,180,300,1,5
7275,11,486,13,2,3,2,80,33,60,180,4,5
7276,9,147,11,1,3,2,24,29,60,180,4,5
7277,8,229,8,2,3,1,9,59,300,600,3,5
7278,13,327,14,1,3,1,70,25,0,300,1,5
7279,7,262,8,2,3,1,37,86,180,300,4,5
7280,9,600,11,2,3,1,35,84,0,300,2,5
7281,3,434,5,1,3,3,26,79,0,300,3,5
7282,2,290,3,2,3,2,2,5,60,180,3,5
7283,10,3,10,1,3,2,47,77,60,180,4,5
7284,12,363,13,1,3,1,89,25,0,300,3,5
7285,6,55,6,2,3,1,42,63,420,540,2,5
7286,10,479,11,1,3,1,44,59,0,300,1,5
7287,12,579,14,1,3,3,63,25,0,300,2,5
7288,1,470,3,1,3,2,34,78,0,300,3,5
7289,11,59,11,1,3,1,60,13,60,180,2,5
7290,3,88,4,1,3,1,63,45,0,300,4,5
7291,10,119,10,1,3,1,43,85,180,300,3,5
7292,11,194,12,1,3,3,91,3,60,180,3,5
7293,7,308,7,2,3,1,17,88,420,540,4,5
7294,11,209,11,2,3,1,17,86,300,420,1,5
7295,8,107,8,1,3,2,58,12,180,300,3,5
7296,2,101,3,1,3,3,44,64,180,300,4,5
7297,6,70,7,1,3,1,11,79,0,300,2,5
7298,7,167,8,2,3,3,89,19,180,300,3,5
7299,11,258,11,2,3,2,85,85,420,540,1,5
7300,12,184,12,2,3,1,83,91,420,540,2,5
7301,1,207,1,2,3,1,41,80,300,420,1,5
7302,4,536,6,1,3,1,36,12,180,300,1,5
7303,10,538,11,1,3,2,76,23,60,180,3,5
7304,4,546,5,1,3,2,13,2,60,180,2,5
7305,8,448,10,1,3,3,99,15,0,300,2,5
7306,12,577,13,1,3,3,65,59,0,300,4,5
7307,2,74,3,2,3,2,15,15,420,540,3,5
7308,2,512,3,1,3,3,79,60,180,300,1,5
7309,11,390,11,2,3,1,78,23,420,540,4,5
7310,11,568,12,1,3,2,84,52,0,300,2,5
7311,1,82,2,1,3,3,44,35,60,180,2,5
7312,2,552,3,1,3,2,89,7,60,180,4,5
7313,14,22,15,1,3,1,86,61,0,300,3,5
7314,8,513,9,2,3,2,6,36,60,180,2,5
7315,2,497,3,1,3,1,67,16,0,300,3,5
7316,5,171,5,1,3,3,57,81,180,300,4,5
7317,14,430,16,2,3,2,42,74,420,540,1,5
7318,14,202,14,2,3,1,79,6,420,540,4,5
7319,10,244,10,2,3,2,63,75,420,540,1,5
7320,4,365,4,2,3,1,40,8,420,540,4,5
7321,11,152,11,1,3,2,33,70,180,300,2,5
7322,8,278,9,1,3,3,69,31,60,180,1,5
7323,14,489,16,1,3,3,85,87,180,300,4,5
7324,8,72,8,1,3,1,80,18,180,300,1,5
7325,12,579,14,1,3,2,9,42,180,300,2,5
7326,12,416,12,2,3,3,14,70,420,540,1,5
7327,5,207,6,1,3,2,22,48,60,180,3,5
7328,1,229,2,1,3,2,87,16,180,300,2,5
7329,4,216,4,2,3,3,67,50,420,540,2,5
7330,4,545,5,1,3,1,31,8,0,300,4,5
7331,5,182,5,2,3,1,77,2,300,420,3,5
7332,8,343,8,2,3,1,83,93,420,540,1,5
7333,8,237,9,1,3,3,39,20,60,180,3,5
7334,3,144,3,1,3,3,6,20,180,300,2,5
7335,14,284,15,2,3,1,5,72,420,540,3,5
7336,13,525,14,1,3,1,52,52,180,300,3,5
7337,2,98,2,2,3,2,96,22,420,540,2,5
7338,13,595,15,1,3,1,65,55,0,300,2,5
7339,2,429,3,1,3,1,86,50,0,300,1,5
7340,4,476,6,2,3,1,30,44,180,300,1,5
7341,5,299,5,2,3,2,62,58,300,600,3,5
7342,2,107,2,2,3,1,63,3,420,540,4,5
7343,14,322,14,2,3,1,30,71,420,540,4,5
7344,1,528,3,1,3,3,80,20,180,300,1,5
7345,9,110,9,1,3,2,21,57,180,300,1,5
7346,6,91,7,1,3,2,32,76,180,300,2,5
7347,6,169,6,2,3,1,29,84,300,420,3,5
7348,1,272,1,2,3,1,17,92,300,420,1,5
7349,5,573,6,1,3,2,73,65,0,300,1,5
7350,9,144,10,1,3,3,97,20,0,300,4,5
7351,6,539,7,2,3,2,46,67,300,600,3,5
7352,2,169,2,2,3,2,52,69,420,540,4,5
7353,7,240,8,1,3,2,9,47,60,180,3,5
7354,9,136,10,2,3,1,76,93,0,300,3,5
7355,10,304,11,2,3,2,76,9,300,420,2,5
7356,1,288,2,2,3,1,37,78,300,420,1,5
7357,3,410,3,2,3,1,48,86,420,540,1,5
7358,13,482,15,1,3,3,83,63,60,180,2,5
7359,10,375,11,1,3,1,21,47,180,300,4,5
7360,10,92,10,1,3,3,5,20,180,300,2,5
7361,13,104,13,2,3,3,76,64,300,420,3,5
7362,3,509,5,2,3,1,2,71,180,300,2,5
7363,2,209,3,1,3,2,17,15,60,180,1,5
7364,13,438,14,1,3,1,2,47,0,300,2,5
7365,14,599,15,1,3,3,9,95,60,180,4,5
7366,14,311,14,2,3,1,22,67,420,540,4,5
7367,11,590,12,2,3,2,19,46,0,300,3,5
7368,6,303,6,2,3,2,85,96,420,540,1,5
7369,12,493,14,1,3,2,31,64,0,300,4,5
7370,14,409,14,2,3,3,84,3,420,540,3,5
7371,3,121,4,1,3,1,73,70,60,180,3,5
7372,4,7,5,1,3,3,52,2,60,180,3,5
7373,13,82,13,2,3,2,79,60,180,300,4,5
7374,9,389,10,1,3,3,93,8,180,300,1,5
7375,6,100,6,2,3,2,70,67,420,540,1,5
7376,1,596,3,2,3,2,80,34,420,540,1,5
7377,12,63,12,2,3,3,55,60,180,300,3,5
7378,4,76,4,2,3,2,45,40,420,540,3,5
7379,8,309,8,2,3,2,5,67,420,540,2,5
7380,4,109,4,1,3,1,84,35,180,300,4,5
7381,8,383,8,2,3,3,26,68,420,540,3,5
7382,14,599,16,2,3,1,28,35,420,540,4,5
7383,10,42,10,2,3,3,29,79,60,180,3,5
7384,4,516,5,1,3,3,75,63,0,300,3,5
7385,8,153,10,1,3,2,69,53,60,180,1,5
7386,11,129,12,2,3,3,86,22,300,420,3,5
7387,2,265,2,2,3,3,73,11,300,600,4,5
7388,2,288,2,2,3,1,23,48,300,600,1,5
7389,12,75,12,1,3,3,35,76,180,300,1,5
7390,10,36,10,1,3,2,54,41,60,180,1,5
7391,13,289,13,2,3,2,61,25,420,540,2,5
7392,6,185,6,2,3,2,28,87,300,600,2,5
7393,3,347,3,2,3,3,66,2,420,540,1,5
7394,1,546,2,1,3,3,84,98,0,300,4,5
7395,1,146,1,2,3,3,17,4,180,300,2,5
7396,5,576,7,1,3,3,79,23,60,180,3,5
7397,2,81,3,1,3,1,6,61,60,180,1,5
7398,6,476,8,1,3,1,4,88,0,300,3,5
7399,9,397,10,2,3,3,80,11,420,540,4,5
7400,12,421,14,2,3,2,12,69,420,540,3,5
7401,4,596,5,1,3,3,0,0,60,180,3,5
7402,7,373,8,2,3,1,25,90,300,600,4,5
7403,2,142,2,2,3,3,44,43,420,540,4,5
7404,6,485,7,1,3,2,99,56,0,300,4,5
7405,2,475,3,2,3,1,4,67,420,540,2,5
7406,6,38,6,1,3,3,50,82,60,180,2,5
7407,3,295,4,1,3,2,45,20,60,180,4,5
7408,10,219,10,2,3,1,78,20,300,420,3,5
7409,4,309,4,2,3,2,13,84,420,540,3,5
7410,4,557,6,2,3,2,82,23,0,300,1,5
7411,10,345,10,2,3,3,31,11,420,540,4,5
7412,6,58,6,1,3,3,97,53,60,180,1,5
7413,5,298,5,2,3,1,62,48,300,420,2,5
7414,11,297,12,1,3,2,70,78,180,300,4,5
7415,3,255,4,1,3,1,98,99,0,300,2,5
7416,3,350,4,2,3,2,3,81,180,300,1,5
7417,5,440,7,1,3,2,42,46,0,300,3,5
7418,2,302,4,1,3,2,87,49,180,300,1,5
7419,2,159,2,1,3,1,87,91,180,300,1,5
7420,9,478,11,1,3,1,27,59,180,300,4,5
7421,3,473,4,1,3,2,76,49,60,180,3,5
7422,3,410,4,1,3,3,25,51,60,180,4,5
7423,8,6,8,1,3,3,16,67,60,180,2,5
7424,2,85,2,1,3,1,20,91,180,300,2,5
7425,14,128,14,2,3,2,75,1,300,420,3,5
7426,9,409,9,2,3,2,31,85,420,540,1,5
7427,7,592,9,1,3,2,20,33,60,180,3,5
7428,1,277,2,1,3,1,36,27,60,180,4,5
7429,1,86,2,1,3,1,98,36,180,300,3,5
7430,13,370,14,2,3,2,61,35,180,300,4,5
7431,5,371,5,2,3,2,71,98,420,540,3,5
7432,1,141,1,2,3,2,83,26,420,540,1,5
7433,6,23,6,1,3,1,71,44,60,180,2,5
7434,8,509,9,2,3,3,0,79,300,600,3,5
7435,6,579,7,1,3,1,75,72,60,180,4,5
7436,6,398,7,1,3,3,62,30,180,300,1,5
7437,4,593,5,1,3,2,71,9,60,180,1,5
7438,1,91,1,1,3,2,51,6,180,300,3,5
7439,14,23,14,2,3,1,59,90,0,300,4,5
7440,3,516,5,1,3,3,0,34,0,300,4,5
7441,9,390,10,1,3,2,65,96,0,300,3,5
7442,14,117,15,1,3,2,48,28,60,180,2,5
7443,9,541,11,1,3,1,90,54,60,180,1,5
7444,4,246,4,2,3,1,3,21,300,600,1,5
7445,14,177,15,1,3,1,26,10,180,300,2,5
7446,12,499,13,2,3,3,84,44,300,420,2,5
7447,1,519,3,2,3,2,66,29,420,540,2,5
7448,7,520,8,1,3,3,1,65,180,300,4,5
7449,2,113,2,1,3,1,96,72,180,300,3,5
7450,2,284,2,2,3,3,37,91,300,600,1,5
7451,11,530,13,1,3,3,24,80,0,300,3,5
7452,10,128,11,1,3,3,74,16,60,180,3,5
7453,14,131,14,2,3,2,76,43,180,300,2,5
7454,13,184,14,2,3,1,63,75,180,300,4,5
7455,4,521,5,1,3,1,60,17,60,180,1,5
7456,1,461,2,1,3,3,89,46,0,300,2,5
7457,13,323,13,2,3,2,52,69,420,540,3,5
7458,14,147,14,2,3,3,75,16,420,540,1,5
7459,13,205,13,2,3,3,93,56,300,600,1,5
7460,4,89,4,2,3,3,19,14,300,420,3,5
7461,8,481,10,1,3,3,53,0,0,300,3,5
7462,4,494,6,1,3,1,61,78,60,180,3,5
7463,10,27,11,1,3,2,12,41,60,180,1,5
7464,9,592,11,1,3,3,98,23,180,300,2,5
7465,14,97,14,1,3,2,93,21,180,300,4,5
7466,7,112,8,2,3,1,97,74,60,180,1,5
7467,8,275,8,2,3,2,9,40,300,420,2,5
7468,12,518,14,1,3,3,99,44,0,300,1,5
7469,2,565,3,2,3,3,21,85,180,300,3,5
7470,1,135,2,2,3,3,35,89,300,420,3,5
7471,6,77,6,2,3,3,36,75,300,420,2,5
7472,1,174,1,1,3,1,5,17,180,300,2,5
7473,6,512,7,2,3,2,16,82,60,180,1,5
7474,4,199,5,2,3,3,77,94,0,300,4,5
7475,2,429,3,1,3,3,33,61,60,180,3,5
7476,2,404,2,2,3,1,43,0,420,540,4,5
7477,12,170,13,1,3,1,1,91,60,180,4,5
7478,1,329,1,2,3,3,49,2,420,540,3,5
7479,2,285,2,2,3,1,69,43,300,600,3,5
7480,7,37,9,2,3,3,71,10,0,300,4,5
7481,6,178,7,1,3,1,10,96,60,180,1,5
7482,13,126,13,1,3,2,7,58,180,300,4,5
7483,10,39,10,1,3,3,24,82,60,180,1,5
7484,9,391,10,1,3,3,5,80,180,300,3,5
7485,11,186,11,2,3,2,77,41,300,420,4,5
7486,12,536,14,1,3,3,83,31,60,180,3,5
7487,2,180,2,1,3,2,23,50,180,300,3,5
7488,13,187,14,1,3,3,62,76,0,300,1,5
7489,10,453,12,1,3,2,55,78,0,300,1,5
7490,8,371,9,1,3,3,65,27,60,180,3,5
7491,10,516,12,1,3,3,42,55,0,300,3,5
7492,2,119,3,1,3,2,33,76,0,300,2,5
7493,6,467,7,1,3,2,62,42,60,180,1,5
7494,12,296,12,2,3,1,11,49,300,600,2,5
7495,2,322,3,2,3,3,25,26,60,180,4,5
7496,13,591,14,1,3,3,69,21,180,300,1,5
7497,10,392,10,2,3,3,52,97,420,540,2,5
7498,10,243,10,2,3,2,54,67,420,540,1,5
7499,3,14,4,1,3,3,28,41,60,180,2,5
7500,9,343,10,1,3,3,51,60,180,300,1,5
7501,10,320,10,2,3,2,57,95,420,540,2,5
7502,9,156,9,1,3,1,9,84,180,300,3,5
7503,3,406,4,1,3,3,96,62,60,180,2,5
7504,14,573,16,1,3,3,84,78,60,180,2,5
7505,12,496,13,2,3,3,37,89,300,420,1,5
7506,4,553,5,2,3,2,25,51,0,300,4,5
7507,8,413,8,2,3,1,37,46,420,540,2,5
7508,8,151,8,2,3,2,80,22,180,300,1,5
7509,2,503,3,2,3,1,92,56,180,300,2,5
7510,5,482,7,1,3,1,76,81,180,300,3,5
7511,5,499,6,2,3,1,89,53,0,300,2,5
7512,6,340,6,2,3,1,49,13,420,540,1,5
7513,10,258,10,2,3,1,45,6,300,420,2,5
7514,2,291,2,2,3,2,20,19,300,600,1,5
7515,8,292,8,2,3,3,15,82,300,420,4,5
7516,11,490,13,2,3,3,81,7,60,180,2,5
7517,3,327,5,2,3,1,19,72,0,300,4,5
7518,14,518,16,1,3,3,47,46,60,180,2,5
7519,13,283,13,2,3,3,52,75,300,600,3,5
7520,10,78,11,1,3,3,50,9,180,300,3,5
7521,14,509,16,1,3,1,33,46,0,300,2,5
7522,7,52,7,1,3,3,78,16,60,180,3,5
7523,8,223,9,1,3,1,35,40,0,300,1,5
7524,14,98,15,1,3,3,81,80,60,180,3,5
7525,10,485,12,1,3,2,68,75,180,300,4,5
7526,8,593,9,1,3,2,100,93,180,300,3,5
7527,7,510,8,1,3,3,95,47,60,180,2,5
7528,10,437,11,2,3,2,71,49,0,300,2,5
7529,1,13,1,2,3,3,42,78,420,540,2,5
7530,10,276,10,2,3,2,26,73,420,540,2,5
7531,5,418,6,1,3,3,69,25,180,300,2,5
7532,6,133,6,2,3,1,55,42,180,300,3,5
7533,1,393,1,2,3,3,19,51,420,540,1,5
7534,4,136,4,1,3,3,0,90,180,300,2,5
7535,6,525,8,2,3,3,70,4,180,300,4,5
7536,11,438,13,1,3,3,76,73,180,300,3,5
7537,2,240,2,2,3,2,13,18,300,600,1,5
7538,6,469,7,1,3,3,87,11,60,180,3,5
7539,3,289,3,2,3,3,74,72,420,540,1,5
7540,6,116,7,1,3,2,5,67,60,180,1,5
7541,12,401,12,2,3,2,12,11,420,540,2,5
7542,13,535,15,1,3,2,47,96,180,300,1,5
7543,8,231,8,2,3,2,0,34,300,600,3,5
7544,13,357,13,2,3,1,63,95,420,540,3,5
7545,11,265,12,2,3,2,85,52,0,300,2,5
7546,4,109,5,2,3,2,92,68,180,300,3,5
7547,3,371,4,1,3,3,33,91,0,300,1,5
7548,9,40,10,2,3,1,78,51,0,300,2,5
7549,9,423,10,1,3,2,18,58,60,180,2,5
7550,11,70,12,1,3,2,45,26,60,180,4,5
7551,6,338,7,1,3,2,47,70,60,180,1,5
7552,3,535,4,2,3,3,85,48,300,420,1,5
7553,8,308,9,2,3,1,37,23,0,300,1,5
7554,2,193,2,2,3,1,74,6,420,540,4,5
7555,2,280,3,2,3,1,13,64,180,300,1,5
7556,3,197,3,2,3,3,29,59,420,540,2,5
7557,7,362,8,2,3,2,80,75,180,300,1,5
7558,14,132,14,1,3,3,98,78,180,300,2,5
7559,3,47,3,1,3,3,9,17,60,180,3,5
7560,8,384,8,2,3,1,78,69,420,540,3,5
7561,1,356,1,2,3,2,36,90,420,540,2,5
7562,5,396,6,2,3,2,54,10,0,300,2,5
7563,13,120,14,1,3,2,2,9,180,300,3,5
7564,9,46,9,1,3,3,20,38,60,180,1,5
7565,1,295,1,2,3,3,81,8,420,540,1,5
7566,12,140,13,1,3,2,94,76,60,180,2,5
7567,14,530,15,1,3,3,6,93,60,180,4,5
7568,13,105,13,1,3,1,15,77,180,300,4,5
7569,7,342,7,2,3,1,37,86,420,540,1,5
7570,2,125,2,2,3,2,17,45,420,540,4,5
7571,3,35,4,1,3,3,23,20,0,300,4,5
7572,10,282,10,2,3,3,56,59,300,420,2,5
7573,11,111,12,2,3,3,86,31,420,540,2,5
7574,4,94,4,1,3,1,53,55,180,300,1,5
7575,7,287,7,2,3,3,64,32,300,600,3,5
7576,14,510,16,2,3,2,33,21,420,540,4,5
7577,12,426,13,2,3,1,86,45,0,300,2,5
7578,8,132,8,2,3,2,33,40,300,420,2,5
7579,14,214,14,2,3,1,22,97,420,540,1,5
7580,2,72,3,1,3,1,24,64,60,180,4,5
7581,7,346,8,1,3,1,88,16,60,180,2,5
7582,6,55,6,1,3,1,81,89,60,180,4,5
7583,6,520,7,2,3,1,94,53,60,180,3,5
7584,5,351,5,2,3,2,91,5,420,540,2,5
7585,7,327,7,2,3,1,67,81,420,540,3,5
7586,2,479,3,1,3,1,43,2,60,180,3,5
7587,5,157,5,2,3,2,76,39,180,300,2,5
7588,14,175,14,1,3,2,37,19,180,300,1,5
7589,2,288,3,2,3,1,21,50,300,600,1,5
7590,1,29,1,1,3,2,74,65,60,180,4,5
7591,1,133,3,2,3,1,79,36,180,300,2,5
7592,3,425,4,1,3,1,46,93,180,300,1,5
7593,4,216,4,2,3,2,82,12,300,600,2,5
7594,4,399,5,1,3,1,96,32,60,180,3,5
7595,13,437,15,1,3,1,46,48,0,300,3,5
7596,2,74,2,2,3,1,31,96,420,540,1,5
7597,10,490,11,1,3,1,86,61,0,300,2,5
7598,12,297,12,2,3,1,21,20,300,420,3,5
7599,9,189,9,2,3,3,38,28,300,420,4,5
7600,12,578,14,1,3,3,14,9,0,300,2,5
7601,7,79,7,2,3,1,92,32,300,420,1,5
7602,7,389,9,1,3,3,3,11,180,300,3,5
7603,1,1,1,1,3,1,10,0,60,180,4,5
7604,13,495,15,1,3,1,98,56,60,180,2,5
7605,8,90,8,1,3,1,12,59,180,300,4,5
7606,7,196,8,1,3,3,98,57,0,300,1,5
7607,7,272,9,1,3,2,53,71,60,180,3,5
7608,3,238,4,2,3,1,29,95,0,300,2,5
7609,12,549,13,1,3,3,69,12,180,300,3,5
7610,3,74,3,2,3,1,76,10,180,300,1,5
7611,10,412,10,2,3,2,33,60,420,540,2,5
7612,3,116,4,1,3,2,96,57,60,180,4,5
7613,13,86,14,1,3,3,87,62,60,180,2,5
7614,9,195,9,2,3,2,21,75,420,540,3,5
7615,6,224,6,2,3,3,69,86,420,540,3,5
7616,7,30,7,2,3,2,37,33,60,180,1,5
7617,10,37,11,1,3,3,44,52,60,180,2,5
7618,8,80,9,2,3,3,24,100,180,300,4,5
7619,14,270,14,2,3,3,62,48,420,540,3,5
7620,3,161,3,2,3,2,4,12,300,420,3,5
7621,5,2,5,1,3,2,67,17,60,180,1,5
7622,4,39,5,2,3,2,60,16,420,540,2,5
7623,5,216,5,2,3,3,77,39,300,600,1,5
7624,6,356,6,2,3,3,62,97,420,540,2,5
7625,8,486,9,2,3,2,69,68,300,600,2,5
7626,12,592,13,1,3,2,70,99,180,300,3,5
7627,12,567,14,1,3,1,19,48,60,180,1,5
7628,8,22,9,2,3,1,2,38,420,540,3,5
7629,14,388,14,2,3,3,28,49,420,540,2,5
7630,1,552,2,2,3,3,72,41,420,540,4,5
7631,8,77,8,1,3,1,95,94,180,300,1,5
7632,5,46,5,1,3,1,50,54,60,180,1,5
7633,1,190,1,2,3,1,74,22,420,540,4,5
7634,11,104,12,1,3,2,51,83,0,300,2,5
7635,10,552,11,1,3,1,45,39,0,300,3,5
7636,6,312,6,2,3,1,73,76,420,540,2,5
7637,1,433,3,1,3,2,5,31,180,300,4,5
7638,3,451,4,1,3,3,13,79,180,300,3,5
7639,12,89,12,1,3,2,75,74,180,300,3,5
7640,10,162,10,1,3,3,25,39,180,300,4,5
7641,2,292,2,2,3,3,21,7,420,540,3,5
7642,7,401,8,1,3,3,90,80,60,180,2,5
7643,8,255,8,2,3,3,22,29,420,540,1,5
7644,8,50,8,1,3,1,46,34,60,180,3,5
7645,14,51,14,1,3,3,69,35,60,180,4,5
7646,12,438,14,1,3,3,37,78,180,300,4,5
7647,4,565,6,1,3,3,19,98,180,300,1,5
7648,11,204,12,1,3,1,59,35,60,180,4,5
7649,14,218,14,2,3,1,72,25,420,540,3,5
7650,10,415,11,2,3,2,37,4,60,180,2,5
7651,14,163,14,1,3,3,79,6,180,300,3,5
7652,8,472,9,1,3,3,66,89,0,300,1,5
7653,5,570,7,2,3,2,90,46,300,420,2,5
7654,2,536,4,1,3,2,73,3,60,180,4,5
7655,8,216,8,2,3,1,64,77,300,420,4,5
7656,1,180,2,2,3,2,10,58,0,300,2,5
7657,12,134,12,1,3,2,26,71,180,300,2,5
7658,11,342,12,2,3,1,73,25,300,600,3,5
7659,1,145,1,2,3,1,40,38,420,540,3,5
7660,8,96,8,1,3,2,40,64,180,300,3,5
7661,5,21,5,1,3,1,11,15,60,180,4,5
7662,6,256,7,2,3,2,39,25,0,300,3,5
7663,8,466,9,1,3,2,32,89,60,180,1,5
7664,10,251,10,2,3,2,38,5,420,540,3,5
7665,7,340,8,1,3,1,59,43,0,300,4,5
7666,2,244,3,1,3,2,73,6,0,300,4,5
7667,9,368,9,2,3,1,54,58,420,540,1,5
7668,14,198,14,2,3,3,42,57,300,420,4,5
7669,6,78,7,1,3,2,55,54,60,180,1,5
7670,13,208,13,2,3,1,86,16,300,600,2,5
7671,1,596,3,1,3,3,72,84,180,300,2,5
7672,2,378,2,2,3,2,96,95,420,540,1,5
7673,1,273,1,2,3,3,24,75,300,420,3,5
7674,6,443,7,1,3,3,51,97,180,300,2,5
7675,8,246,8,2,3,2,56,6,420,540,1,5
7676,13,528,14,1,3,1,27,36,0,300,4,5
7677,10,190,11,1,3,1,80,17,180,300,2,5
7678,14,382,14,2,3,3,63,78,420,540,3,5
7679,10,512,11,2,3,3,66,33,420,540,1,5
7680,9,595,11,1,3,3,54,18,0,300,3,5
7681,12,135,12,1,3,1,85,91,180,300,1,5
7682,9,22,9,1,3,1,36,44,60,180,2,5
7683,4,131,5,1,3,1,61,17,180,300,2,5
7684,13,143,13,1,3,2,21,11,180,300,3,5
7685,6,417,6,2,3,1,4,71,420,540,1,5
7686,9,181,10,1,3,1,31,77,60,180,2,5
7687,12,298,12,2,3,3,73,99,300,420,4,5
7688,12,506,13,1,3,3,15,0,60,180,2,5
7689,2,156,2,2,3,3,43,26,180,300,2,5
7690,4,207,5,1,3,3,53,70,60,180,2,5
7691,13,270,14,1,3,1,12,18,180,300,1,5
7692,5,234,5,2,3,3,62,42,420,540,2,5
7693,11,559,13,1,3,2,98,17,60,180,2,5
7694,10,353,10,2,3,2,98,83,420,540,2,5
7695,4,239,4,2,3,2,57,56,300,420,2,5
7696,13,518,15,2,3,2,100,8,300,420,1,5
7697,8,527,9,1,3,1,21,83,60,180,1,5
7698,6,534,7,1,3,2,49,26,180,300,4,5
7699,7,105,7,1,3,1,67,95,180,300,1,5
7700,12,172,14,1,3,2,85,7,60,180,4,5
7701,9,242,10,2,3,3,5,86,0,300,1,5
7702,7,525,8,1,3,1,44,71,60,180,1,5
7703,4,99,4,2,3,1,3,64,180,300,3,5
7704,1,108,1,1,3,1,19,58,180,300,3,5
7705,6,309,6,2,3,2,35,61,420,540,1,5
7706,7,443,8,2,3,1,45,91,60,180,3,5
7707,9,575,11,1,3,1,71,75,0,300,1,5
7708,1,410,1,2,3,3,18,52,420,540,1,5
7709,4,451,6,1,3,3,52,45,180,300,4,5
7710,11,50,11,1,3,1,13,90,60,180,3,5
7711,1,317,2,1,3,2,68,17,180,300,1,5
7712,13,18,14,1,3,2,23,94,0,300,4,5
7713,12,431,13,1,3,1,75,57,180,300,1,5
7714,14,467,16,1,3,1,72,67,0,300,2,5
7715,5,176,7,1,3,2,38,70,60,180,4,5
7716,2,167,3,1,3,2,88,70,0,300,2,5
7717,14,562,15,1,3,1,36,2,60,180,2,5
7718,12,327,12,2,3,3,69,60,420,540,1,5
7719,7,277,8,2,3,2,43,68,420,540,4,5
7720,8,264,8,2,3,2,14,57,300,420,3,5
7721,6,493,8,1,3,3,12,32,60,180,2,5
7722,12,130,12,2,3,2,96,72,420,540,2,5
7723,8,415,8,2,3,1,37,73,420,540,3,5
7724,4,468,6,1,3,3,86,18,60,180,4,5
7725,5,421,7,1,3,2,46,100,60,180,1,5
7726,9,227,9,2,3,2,26,95,420,540,1,5
7727,8,467,9,1,3,1,2,36,60,180,1,5
7728,3,450,5,1,3,1,35,18,0,300,3,5
7729,9,401,10,2,3,1,92,71,180,300,4,5
7730,3,541,4,1,3,1,49,28,60,180,2,5
7731,8,159,9,1,3,2,91,26,60,180,1,5
7732,12,49,13,1,3,1,85,86,0,300,2,5
7733,11,327,11,2,3,3,36,33,420,540,4,5
7734,10,51,10,1,3,1,36,22,60,180,1,5
7735,6,7,6,2,3,3,86,12,420,540,4,5
7736,13,331,15,2,3,3,14,37,60,180,4,5
7737,10,585,12,2,3,1,89,7,420,540,2,5
7738,9,420,9,2,3,2,18,21,420,540,2,5
7739,2,74,3,1,3,2,91,67,60,180,4,5
7740,5,228,5,2,3,2,22,94,300,600,1,5
7741,7,305,7,2,3,2,51,5,420,540,3,5
7742,5,156,5,2,3,1,79,19,420,540,4,5
7743,4,70,4,1,3,2,35,8,180,300,2,5
7744,14,260,15,2,3,1,73,57,300,600,4,5
7745,14,361,14,2,3,1,0,5,420,540,3,5
7746,3,115,4,1,3,2,32,39,60,180,2,5
7747,2,316,2,2,3,1,57,97,420,540,4,5
7748,9,242,10,1,3,3,30,64,0,300,4,5
7749,5,42,5,1,3,3,0,2,60,180,4,5
7750,7,356,8,1,3,2,63,99,60,180,3,5
7751,7,104,7,1,3,3,66,21,180,300,3,5
7752,8,91,8,1,3,2,89,70,180,300,1,5
7753,12,429,13,1,3,2,13,23,60,180,3,5
7754,10,86,10,2,3,1,98,74,420,540,3,5
7755,4,106,5,2,3,1,69,98,300,600,2,5
7756,5,435,7,1,3,2,28,90,180,300,2,5
7757,2,159,3,2,3,3,54,92,60,180,4,5
7758,7,488,8,1,3,3,89,86,60,180,2,5
7759,8,88,8,2,3,2,9,72,180,300,1,5
7760,8,549,9,1,3,1,16,96,180,300,2,5
7761,2,156,3,2,3,2,1,35,420,540,3,5
7762,12,219,13,1,3,1,10,1,0,300,3,5
7763,12,22,13,1,3,3,48,28,0,300,1,5
7764,5,238,6,1,3,3,48,15,60,180,4,5
7765,5,577,7,2,3,3,45,41,0,300,1,5
7766,1,194,1,2,3,3,66,94,420,540,4,5
7767,1,544,2,1,3,2,51,74,60,180,1,5
7768,11,597,13,2,3,2,81,22,0,300,3,5
7769,10,53,11,1,3,3,52,35,0,300,4,5
7770,9,100,9,1,3,3,5,46,180,300,1,5
7771,9,314,10,2,3,3,58,22,0,300,4,5
7772,1,220,2,1,3,1,27,3,60,180,4,5
7773,8,249,8,2,3,2,94,53,420,540,2,5
7774,9,536,10,1,3,3,14,67,60,180,2,5
7775,14,257,14,2,3,2,67,39,300,600,1,5
7776,13,457,14,1,3,2,87,14,60,180,3,5
7777,11,385,13,1,3,2,8,56,180,300,2,5
7778,2,589,4,1,3,3,11,50,0,300,3,5
7779,10,263,10,2,3,1,54,28,300,420,2,5
7780,1,66,1,1,3,3,1,61,180,300,4,5
7781,7,130,8,1,3,3,40,34,60,180,4,5
7782,14,219,14,2,3,3,26,21,300,600,1,5
7783,2,405,2,2,3,2,22,68,420,540,2,5
7784,4,382,4,2,3,3,62,14,420,540,1,5
7785,13,49,14,2,3,1,21,58,0,300,1,5
7786,9,194,9,2,3,2,9,100,420,540,1,5
7787,4,527,6,2,3,1,54,60,60,180,4,5
7788,3,449,4,2,3,3,95,9,420,540,1,5
7789,5,450,7,2,3,2,39,62,60,180,3,5
7790,12,314,12,2,3,1,55,86,420,540,4,5
7791,11,266,11,2,3,2,91,34,300,600,1,5
7792,2,103,3,2,3,3,48,89,60,180,1,5
7793,9,522,11,1,3,2,92,87,60,180,4,5
7794,2,44,2,1,3,3,35,36,60,180,1,5
7795,2,251,2,2,3,2,97,76,300,420,3,5
7796,9,186,9,2,3,2,26,60,420,540,2,5
7797,9,288,9,2,3,3,48,44,420,540,3,5
7798,3,68,4,1,3,3,18,96,180,300,3,5
7799,1,454,3,1,3,1,8,63,180,300,3,5
7800,9,95,9,1,3,3,1,1,180,300,1,5
7801,8,226,8,2,3,3,25,48,300,600,2,5
7802,7,11,7,1,3,2,26,17,60,180,1,5
7803,8,464,9,1,3,2,99,16,180,300,1,5
7804,3,580,5,1,3,2,79,39,180,300,1,5
7805,14,248,14,2,3,1,87,45,300,600,4,5
7806,10,0,10,2,3,1,87,84,300,600,1,5
7807,13,538,14,2,3,3,85,56,60,180,4,5
7808,2,395,2,2,3,2,55,67,420,540,2,5
7809,9,397,10,2,3,3,80,69,420,540,2,5
7810,12,366,13,1,3,3,48,27,60,180,3,5
7811,4,491,6,2,3,2,2,68,0,300,4,5
7812,6,523,8,1,3,1,41,55,180,300,4,5
7813,10,202,11,2,3,2,25,69,180,300,1,5
7814,7,437,9,1,3,3,0,13,60,180,3,5
7815,3,329,3,2,3,2,85,34,420,540,2,5
7816,7,169,7,1,3,2,29,16,180,300,3,5
7817,11,284,11,2,3,1,99,83,420,540,2,5
7818,3,199,4,1,3,3,36,71,180,300,1,5
7819,13,324,14,1,3,3,9,2,60,180,4,5
7820,2,342,3,2,3,2,74,12,60,180,3,5
7821,7,368,8,1,3,1,100,24,0,300,4,5
7822,1,237,1,2,3,3,54,86,420,540,4,5
7823,11,160,11,1,3,1,58,48,180,300,3,5
7824,6,181,7,1,3,2,34,6,60,180,2,5
7825,7,385,8,1,3,3,55,69,60,180,3,5
7826,12,97,12,2,3,1,2,93,180,300,2,5
7827,11,451,12,1,3,1,82,95,60,180,1,5
7828,8,196,8,2,3,1,85,83,420,540,4,5
7829,8,567,9,2,3,2,90,11,420,540,3,5
7830,8,91,8,1,3,1,7,10,180,300,3,5
7831,1,118,1,2,3,1,44,4,420,540,3,5
7832,3,430,4,1,3,3,30,3,0,300,3,5
7833,5,45,5,1,3,1,10,38,60,180,2,5
7834,1,110,2,1,3,2,60,12,0,300,4,5
7835,7,208,7,2,3,3,75,89,300,420,3,5
7836,5,565,6,2,3,1,62,87,300,420,3,5
7837,10,75,11,1,3,1,24,1,0,300,3,5
7838,2,203,2,2,3,3,75,46,300,420,3,5
7839,8,108,8,1,3,3,51,48,180,300,2,5
7840,3,537,4,1,3,1,2,36,180,300,1,5
7841,13,154,14,1,3,2,87,19,0,300,3,5
7842,10,52,10,1,3,3,72,39,60,180,2,5
7843,4,388,4,2,3,1,49,36,420,540,3,5
7844,14,134,14,2,3,1,99,58,180,300,1,5
7845,6,376,6,2,3,1,85,46,420,540,2,5
7846,3,398,5,1,3,3,34,11,0,300,3,5
7847,9,173,9,1,3,3,35,42,180,300,4,5
7848,8,328,8,2,3,3,20,81,420,540,1,5
7849,14,342,15,1,3,1,18,72,0,300,2,5
7850,6,591,8,2,3,3,33,53,60,180,2,5
7851,8,402,8,2,3,1,1,11,420,540,3,5
7852,13,538,14,1,3,2,62,50,0,300,4,5
7853,5,372,5,2,3,1,100,32,420,540,1,5
7854,7,245,7,2,3,2,97,53,300,600,4,5
7855,2,323,3,1,3,2,18,35,180,300,1,5
7856,8,323,8,2,3,1,34,3,420,540,2,5
7857,10,335,11,1,3,1,69,10,0,300,1,5
7858,5,411,5,2,3,3,44,85,420,540,4,5
7859,7,429,9,2,3,2,40,5,300,420,4,5
7860,4,146,6,1,3,1,45,93,180,300,4,5
7861,9,68,9,2,3,1,57,86,300,600,1,5
7862,5,579,6,1,3,2,91,11,0,300,1,5
7863,12,548,13,2,3,2,14,14,420,540,4,5
7864,14,573,16,2,3,3,12,25,180,300,3,5
7865,8,274,8,2,3,3,30,93,300,420,2,5
7866,13,375,13,2,3,1,60,87,420,540,1,5
7867,14,218,15,1,3,2,83,80,0,300,1,5
7868,2,557,4,1,3,2,25,77,180,300,1,5
7869,14,416,15,2,3,1,48,78,60,180,3,5
7870,1,70,1,1,3,3,50,75,180,300,4,5
7871,5,96,5,1,3,2,5,22,180,300,1,5
7872,6,133,7,1,3,2,68,65,180,300,4,5
7873,5,468,6,1,3,1,28,60,60,180,4,5
7874,2,513,3,2,3,3,81,78,60,180,2,5
7875,5,64,6,1,3,3,91,82,180,300,2,5
7876,3,425,5,1,3,2,3,7,60,180,2,5
7877,7,220,7,2,3,2,58,96,300,600,1,5
7878,3,258,4,1,3,3,65,62,60,180,1,5
7879,6,264,7,2,3,3,92,93,420,540,3,5
7880,8,227,8,2,3,2,7,83,300,420,1,5
7881,9,243,10,1,3,2,2,22,60,180,3,5
7882,7,595,8,1,3,3,18,41,0,300,2,5
7883,6,435,7,1,3,2,44,67,0,300,1,5
7884,7,195,7,2,3,2,1,3,300,420,3,5
7885,13,588,14,1,3,1,50,47,0,300,3,5
7886,2,445,3,2,3,1,59,8,0,300,2,5
7887,1,217,1,2,3,2,82,20,420,540,4,5
7888,1,455,2,2,3,1,78,84,420,540,1,5
7889,4,114,5,1,3,3,50,69,180,300,4,5
7890,12,419,14,1,3,2,7,50,0,300,1,5
7891,7,266,7,2,3,3,63,88,420,540,2,5
7892,5,461,7,2,3,2,77,90,420,540,1,5
7893,3,549,5,1,3,1,82,25,0,300,3,5
7894,3,421,4,1,3,1,59,66,60,180,4,5
7895,5,148,5,2,3,2,25,38,300,600,4,5
7896,12,137,13,2,3,3,73,43,420,540,4,5
7897,7,497,8,1,3,2,18,52,0,300,4,5
7898,2,223,3,1,3,1,97,51,180,300,4,5
7899,7,539,9,1,3,2,39,88,180,300,1,5
7900,10,61,11,1,3,3,37,41,0,300,1,5
7901,2,107,3,1,3,2,83,3,0,300,3,5
7902,10,298,10,2,3,3,79,74,420,540,1,5
7903,12,474,13,2,3,2,20,33,300,420,3,5
7904,2,150,2,1,3,3,10,6,180,300,1,5
7905,1,230,3,2,3,2,0,74,60,180,2,5
7906,2,340,3,1,3,1,20,50,60,180,3,5
7907,5,8,5,2,3,3,57,77,0,300,4,5
7908,2,210,3,1,3,3,46,93,0,300,3,5
7909,8,290,9,1,3,1,83,79,60,180,3,5
7910,14,235,15,2,3,2,3,95,180,300,4,5
7911,10,345,10,2,3,1,20,44,420,540,3,5
7912,10,582,12,2,3,3,36,37,300,420,2,5
7913,10,419,10,2,3,1,45,33,420,540,3,5
7914,9,260,9,2,3,2,87,53,420,540,2,5
7915,2,2,2,1,3,3,15,0,60,180,4,5
7916,5,129,5,2,3,1,42,99,420,540,4,5
7917,3,199,3,2,3,1,49,86,420,540,2,5
7918,8,424,10,1,3,1,59,43,180,300,1,5
7919,12,261,12,2,3,3,60,27,300,420,2,5
7920,14,455,16,1,3,2,72,16,180,300,2,5
7921,2,287,2,2,3,2,56,45,420,540,2,5
7922,8,2,8,1,3,2,84,87,60,180,2,5
7923,8,311,8,2,3,2,13,31,420,540,4,5
7924,6,528,7,2,3,1,39,19,180,300,4,5
7925,7,582,8,2,3,2,22,38,300,600,3,5
7926,5,565,6,1,3,2,76,44,0,300,3,5
7927,7,574,9,1,3,3,95,58,0,300,1,5
7928,5,479,7,1,3,2,91,86,0,300,2,5
7929,4,169,4,1,3,1,28,34,180,300,3,5
7930,2,45,2,1,3,3,20,95,60,180,1,5
7931,13,509,14,1,3,3,73,39,60,180,2,5
7932,9,123,10,1,3,2,38,35,180,300,2,5
7933,12,410,12,2,3,2,89,23,420,540,2,5
7934,5,66,5,1,3,3,100,5,180,300,1,5
7935,14,569,15,2,3,1,64,18,180,300,4,5
7936,10,499,11,2,3,3,26,55,420,540,1,5
7937,14,462,16,2,3,2,6,94,0,300,4,5
7938,14,427,16,2,3,3,37,41,180,300,1,5
7939,12,446,14,2,3,2,90,25,0,300,4,5
7940,2,63,2,1,3,1,93,60,180,300,3,5
7941,10,409,11,2,3,1,36,67,0,300,3,5
7942,12,72,12,1,3,3,16,84,180,300,3,5
7943,9,32,10,2,3,3,78,39,420,540,3,5
7944,5,290,6,2,3,1,86,28,180,300,2,5
7945,3,15,3,1,3,3,41,98,60,180,1,5
7946,14,367,15,1,3,2,80,87,60,180,2,5
7947,5,191,6,1,3,2,53,8,60,180,2,5
7948,8,270,10,2,3,2,3,23,60,180,1,5
7949,11,531,13,1,3,1,47,85,0,300,2,5
7950,5,471,7,2,3,2,75,73,420,540,3,5
7951,5,73,6,1,3,2,53,73,180,300,3,5
7952,1,41,2,1,3,1,74,78,0,300,3,5
7953,5,243,5,2,3,2,95,84,300,420,3,5
7954,7,479,9,1,3,1,72,36,60,180,1,5
7955,12,446,13,1,3,3,78,72,0,300,4,5
7956,9,541,11,2,3,1,54,37,60,180,3,5
7957,12,549,13,1,3,2,77,23,0,300,4,5
7958,12,572,14,2,3,1,40,71,60,180,4,5
7959,8,122,10,2,3,2,52,43,60,180,4,5
7960,1,59,2,1,3,1,68,66,180,300,1,5
7961,7,197,7,2,3,2,98,35,420,540,4,5
7962,3,74,3,1,3,3,31,48,180,300,3,5
7963,13,121,14,1,3,2,83,36,60,180,3,5
7964,1,587,3,1,3,2,21,67,180,300,4,5
7965,10,386,10,2,3,1,13,30,420,540,1,5
7966,3,255,3,2,3,2,37,79,420,540,3,5
7967,1,545,2,1,3,2,61,76,0,300,1,5
7968,10,209,10,2,3,2,70,44,300,420,4,5
7969,4,584,6,1,3,2,7,24,60,180,2,5
7970,14,178,14,2,3,3,71,95,180,300,1,5
7971,6,69,7,1,3,2,39,99,60,180,3,5
7972,7,181,8,1,3,2,45,15,60,180,2,5
7973,2,488,3,2,3,1,9,40,180,300,3,5
7974,14,521,15,2,3,1,60,27,420,540,1,5
7975,5,394,7,1,3,2,32,47,180,300,3,5
7976,7,170,7,1,3,2,32,60,180,300,3,5
7977,6,64,6,1,3,3,3,82,180,300,1,5
7978,13,332,13,2,3,2,9,94,420,540,1,5
7979,11,505,13,1,3,3,18,34,60,180,4,5
7980,10,507,12,2,3,1,40,22,0,300,2,5
7981,4,525,6,2,3,1,93,42,60,180,2,5
7982,1,402,1,2,3,3,41,0,420,540,1,5
7983,9,273,9,2,3,1,95,51,300,600,2,5
7984,9,27,10,1,3,3,7,71,60,180,2,5
7985,5,1,5,2,3,3,50,91,0,300,3,5
7986,13,132,14,1,3,3,68,99,180,300,1,5
7987,5,120,6,1,3,1,94,23,0,300,2,5
7988,7,134,8,1,3,1,98,84,60,180,4,5
7989,10,499,12,1,3,3,96,69,60,180,1,5
7990,2,29,3,1,3,3,100,76,0,300,1,5
7991,14,315,15,1,3,1,89,57,180,300,4,5
7992,9,39,9,1,3,2,66,10,60,180,2,5
7993,9,226,10,1,3,3,66,23,60,180,2,5
7994,10,534,11,2,3,1,36,43,180,300,1,5
7995,6,385,7,1,3,2,12,26,180,300,1,5
7996,13,251,13,2,3,1,82,5,300,600,3,5
7997,12,252,12,2,3,1,71,13,420,540,2,5
7998,10,565,12,2,3,2,21,14,420,540,4,5
7999,9,498,11,2,3,2,88,91,300,420,4,5
8000,6,158,7,2,3,3,4,21,60,180,2,5
8001,1,202,2,2,3,3,72,42,180,300,1,5
8002,10,0,10,1,3,3,25,39,60,180,4,5
8003,8,135,8,2,3,1,1,68,300,600,3,5
8004,4,334,4,2,3,1,44,54,420,540,4,5
8005,3,76,4,2,3,1,72,7,180,300,1,5
8006,1,12,1,1,3,3,31,58,60,180,3,5
8007,13,393,14,1,3,1,25,61,0,300,4,5
8008,13,174,13,1,3,1,50,45,180,300,4,5
8009,11,92,12,2,3,1,87,51,60,180,2,5
8010,9,114,9,1,3,2,40,66,180,300,3,5
8011,12,472,14,1,3,1,35,34,0,300,3,5
8012,8,30,8,1,3,1,8,17,60,180,1,5
8013,10,144,11,2,3,2,85,33,420,540,4,5
8014,12,175,12,1,3,3,95,75,180,300,1,5
8015,13,267,13,2,3,3,26,96,300,600,2,5
8016,8,166,8,2,3,3,25,75,420,540,3,5
8017,3,105,3,2,3,3,48,85,420,540,2,5
8018,3,113,4,1,3,1,30,3,60,180,2,5
8019,8,135,8,1,3,2,25,31,180,300,1,5
8020,4,9,4,1,3,3,20,76,60,180,3,5
8021,5,163,5,1,3,2,74,55,180,300,3,5
8022,2,394,2,2,3,2,71,17,420,540,1,5
8023,9,306,9,2,3,2,84,83,420,540,1,5
8024,3,203,3,2,3,3,53,36,420,540,3,5
8025,10,209,11,1,3,1,87,23,60,180,4,5
8026,11,553,13,1,3,2,19,43,180,300,2,5
8027,13,238,13,2,3,3,59,37,420,540,3,5
8028,3,86,4,1,3,3,42,88,0,300,2,5
8029,6,521,7,2,3,2,57,26,300,600,4,5
8030,9,327,9,2,3,3,82,43,420,540,3,5
8031,6,26,6,1,3,2,77,83,60,180,1,5
8032,11,178,11,1,3,2,21,41,180,300,2,5
8033,3,386,3,2,3,2,17,11,420,540,4,5
8034,10,408,11,1,3,2,97,13,0,300,3,5
8035,2,27,3,2,3,3,32,16,300,600,1,5
8036,8,74,8,2,3,3,31,20,180,300,2,5
8037,6,337,6,2,3,2,39,81,420,540,1,5
8038,4,27,5,1,3,3,79,39,180,300,1,5
8039,2,477,3,2,3,2,77,5,60,180,3,5
8040,11,3,13,1,3,2,86,49,60,180,3,5
8041,5,63,6,2,3,1,69,71,60,180,3,5
8042,12,265,12,2,3,2,36,50,300,600,3,5
8043,4,60,4,1,3,2,62,81,180,300,1,5
8044,8,241,10,1,3,3,39,4,60,180,4,5
8045,7,241,8,1,3,2,62,79,0,300,4,5
8046,10,114,10,1,3,2,4,96,180,300,3,5
8047,2,382,2,2,3,3,0,17,420,540,4,5
8048,8,78,9,2,3,3,68,39,420,540,4,5
8049,13,361,14,2,3,3,10,74,0,300,2,5
8050,7,196,8,1,3,2,35,19,180,300,2,5
8051,9,307,9,2,3,2,69,29,420,540,3,5
8052,5,400,5,2,3,3,2,78,420,540,1,5
8053,2,443,3,1,3,3,94,87,0,300,3,5
8054,1,297,3,1,3,2,66,24,180,300,4,5
8055,14,143,15,1,3,2,28,23,60,180,4,5
8056,14,325,14,2,3,3,51,25,420,540,1,5
8057,12,563,14,1,3,3,83,55,180,300,1,5
8058,7,256,7,2,3,2,44,20,420,540,4,5
8059,9,539,10,2,3,2,93,83,180,300,4,5
8060,6,50,7,1,3,2,7,52,180,300,2,5
8061,3,55,3,1,3,3,22,95,60,180,2,5
8062,4,424,5,2,3,1,55,99,0,300,1,5
8063,6,570,8,1,3,1,86,89,0,300,3,5
8064,7,449,9,1,3,1,58,27,60,180,1,5
8065,13,73,13,2,3,3,29,45,300,420,2,5
8066,2,477,4,2,3,3,27,92,180,300,3,5
8067,11,243,11,2,3,2,89,21,300,420,3,5
8068,4,33,4,1,3,3,41,42,60,180,4,5
8069,13,98,13,1,3,3,80,59,180,300,3,5
8070,7,269,7,2,3,3,75,76,420,540,3,5
8071,1,347,1,2,3,3,85,61,420,540,2,5
8072,9,494,11,1,3,1,98,69,180,300,4,5
8073,14,70,15,2,3,1,21,58,60,180,3,5
8074,14,296,15,1,3,3,81,88,0,300,4,5
8075,12,503,13,1,3,3,58,13,60,180,2,5
8076,12,39,13,1,3,2,26,9,0,300,2,5
8077,2,84,4,2,3,1,19,41,180,300,3,5
8078,5,421,7,1,3,3,35,72,60,180,3,5
8079,7,479,8,1,3,1,43,79,60,180,1,5
8080,6,530,8,1,3,2,14,16,180,300,4,5
8081,7,427,9,2,3,1,30,61,180,300,2,5
8082,14,61,15,1,3,2,58,94,0,300,1,5
8083,1,171,2,1,3,3,87,52,60,180,1,5
8084,7,386,7,2,3,2,98,86,420,540,2,5
8085,4,497,5,1,3,1,8,15,0,300,3,5
8086,2,468,4,1,3,1,74,33,60,180,4,5
8087,12,471,13,2,3,1,3,81,60,180,1,5
8088,5,489,7,2,3,1,32,31,420,540,2,5
8089,6,233,7,1,3,2,5,37,0,300,2,5
8090,2,326,3,2,3,1,83,62,300,420,2,5
8091,2,269,2,2,3,2,53,31,420,540,1,5
8092,12,462,14,1,3,2,20,45,60,180,2,5
8093,12,155,12,1,3,3,1,95,180,300,4,5
8094,11,69,11,2,3,1,8,31,180,300,3,5
8095,12,492,14,1,3,2,93,41,60,180,4,5
8096,4,434,6,1,3,3,7,32,180,300,2,5
8097,11,344,12,2,3,2,14,55,60,180,4,5
8098,10,56,10,1,3,3,73,77,60,180,1,5
8099,8,5,9,2,3,1,85,68,60,180,3,5
8100,9,284,9,2,3,3,62,31,420,540,2,5
8101,12,70,12,2,3,3,13,26,300,600,2,5
8102,2,48,2,1,3,2,59,44,60,180,2,5
8103,10,44,10,2,3,2,17,77,60,180,2,5
8104,8,184,8,2,3,1,20,42,300,600,4,5
8105,11,12,12,2,3,2,10,94,0,300,1,5
8106,1,547,3,1,3,2,22,89,60,180,2,5
8107,4,540,5,1,3,1,60,89,60,180,3,5
8108,10,117,10,1,3,2,2,87,180,300,4,5
8109,12,178,13,2,3,2,14,45,300,600,1,5
8110,10,117,10,2,3,1,18,11,180,300,4,5
8111,9,96,9,2,3,3,68,17,420,540,2,5
8112,13,551,14,2,3,3,11,63,300,420,3,5
8113,4,230,4,2,3,2,68,14,420,540,4,5
8114,12,312,12,2,3,2,30,89,420,540,2,5
8115,6,314,7,1,3,1,9,39,180,300,3,5
8116,10,105,11,1,3,3,13,4,0,300,3,5
8117,11,482,13,2,3,3,92,46,300,600,4,5
8118,9,22,9,1,3,2,42,44,60,180,1,5
8119,4,95,4,2,3,2,36,34,420,540,4,5
8120,12,126,12,1,3,3,57,22,180,300,4,5
8121,12,71,13,1,3,3,94,67,0,300,1,5
8122,7,1,8,1,3,3,73,13,0,300,2,5
8123,5,526,6,2,3,3,25,18,180,300,4,5
8124,6,456,8,2,3,3,4,79,300,420,1,5
8125,6,594,8,2,3,1,72,50,0,300,3,5
8126,2,375,2,2,3,1,19,27,420,540,2,5
8127,7,4,7,1,3,2,55,60,60,180,3,5
8128,7,363,8,1,3,2,60,89,0,300,3,5
8129,8,568,9,2,3,2,89,69,420,540,2,5
8130,1,512,3,1,3,3,46,80,180,300,1,5
8131,14,119,14,1,3,2,50,86,180,300,2,5
8132,10,248,10,2,3,1,51,42,420,540,1,5
8133,12,264,12,2,3,1,87,21,420,540,1,5
8134,7,68,8,1,3,2,29,57,0,300,2,5
8135,7,484,8,1,3,3,53,54,180,300,1,5
8136,14,373,15,2,3,2,83,14,300,600,3,5
8137,1,203,2,1,3,1,31,95,0,300,2,5
8138,9,579,11,2,3,3,67,15,0,300,2,5
8139,12,532,14,2,3,1,13,62,180,300,2,5
8140,7,9,7,1,3,2,43,63,60,180,3,5
8141,8,125,9,1,3,3,74,51,0,300,1,5
8142,1,51,1,1,3,3,21,82,60,180,2,5
8143,6,260,8,2,3,3,89,12,60,180,2,5
8144,10,288,11,2,3,1,60,81,420,540,3,5
8145,13,294,13,2,3,1,18,69,420,540,2,5
8146,11,263,11,2,3,3,6,39,300,420,3,5
8147,9,246,9,2,3,2,67,0,420,540,3,5
8148,7,498,8,1,3,1,73,90,180,300,3,5
8149,6,210,7,1,3,1,12,60,0,300,1,5
8150,13,151,13,2,3,1,5,89,180,300,3,5
8151,10,472,11,1,3,3,55,28,60,180,1,5
8152,3,344,3,2,3,1,43,45,420,540,2,5
8153,3,74,4,1,3,1,92,60,60,180,3,5
8154,3,589,5,2,3,1,76,44,180,300,1,5
8155,6,574,8,1,3,2,24,47,60,180,2,5
8156,14,9,14,1,3,3,23,26,60,180,3,5
8157,8,113,8,1,3,1,37,28,180,300,2,5
8158,1,142,1,1,3,3,73,31,180,300,1,5
8159,6,177,6,2,3,2,74,50,420,540,2,5
8160,11,341,11,2,3,1,13,95,420,540,1,5
8161,13,72,14,1,3,3,70,58,0,300,3,5
8162,10,1,11,1,3,1,88,16,0,300,2,5
8163,1,264,1,2,3,1,84,4,420,540,4,5
8164,14,457,15,2,3,1,35,74,300,420,2,5
8165,11,135,11,1,3,2,71,73,180,300,2,5
8166,9,309,9,2,3,3,59,81,420,540,2,5
8167,3,393,3,2,3,2,23,17,420,540,1,5
8168,9,256,9,2,3,1,93,99,420,540,3,5
8169,4,351,4,2,3,2,8,48,420,540,2,5
8170,3,428,5,1,3,2,12,33,60,180,1,5
8171,4,294,5,1,3,1,15,7,60,180,1,5
8172,5,555,6,2,3,2,53,95,180,300,2,5
8173,4,241,4,2,3,2,53,16,420,540,1,5
8174,5,136,6,1,3,2,21,87,0,300,2,5
8175,11,383,11,2,3,3,15,8,420,540,4,5
8176,7,451,8,1,3,3,32,44,0,300,2,5
8177,5,364,6,2,3,1,94,44,420,540,4,5
8178,7,266,7,2,3,3,46,66,300,600,4,5
8179,1,181,1,2,3,3,3,32,300,600,3,5
8180,12,513,13,1,3,3,17,99,180,300,4,5
8181,2,220,2,2,3,3,89,25,420,540,1,5
8182,1,165,1,1,3,3,31,67,180,300,3,5
8183,3,358,3,2,3,3,61,93,420,540,2,5
8184,10,432,12,2,3,2,78,83,60,180,2,5
8185,14,600,16,2,3,1,77,87,180,300,2,5
8186,14,27,14,1,3,1,71,86,60,180,1,5
8187,12,286,14,2,3,1,15,19,300,420,1,5
8188,10,533,11,2,3,1,84,73,60,180,2,5
8189,14,508,16,1,3,3,10,24,180,300,2,5
8190,2,523,4,2,3,3,84,58,420,540,1,5
8191,9,136,10,1,3,1,86,53,180,300,3,5
8192,7,47,7,2,3,3,30,64,180,300,3,5
8193,13,382,13,2,3,2,56,66,420,540,4,5
8194,8,210,9,2,3,2,42,53,180,300,3,5
8195,5,85,6,1,3,1,49,94,180,300,1,5
8196,13,382,14,1,3,2,58,47,0,300,1,5
8197,10,516,11,1,3,2,65,98,180,300,4,5
8198,1,334,1,2,3,3,84,61,420,540,2,5
8199,1,471,3,1,3,1,27,95,180,300,4,5
8200,2,376,2,2,3,3,19,68,420,540,1,5
8201,6,493,7,2,3,2,56,92,0,300,1,5
8202,12,115,13,2,3,1,1,7,420,540,3,5
8203,4,143,4,1,3,3,35,77,180,300,1,5
8204,13,231,13,2,3,3,31,30,300,420,3,5
8205,2,574,3,1,3,1,55,68,0,300,2,5
8206,11,382,11,2,3,1,8,84,420,540,2,5
8207,3,178,4,1,3,2,55,23,60,180,3,5
8208,3,291,4,1,3,2,35,14,60,180,3,5
8209,10,486,11,1,3,3,69,14,180,300,3,5
8210,8,589,9,1,3,1,92,86,0,300,2,5
8211,7,185,7,2,3,2,38,12,420,540,1,5
8212,13,570,15,2,3,3,23,29,300,420,4,5
8213,5,0,6,1,3,1,47,37,0,300,3,5
8214,9,565,11,1,3,1,11,14,180,300,1,5
8215,11,89,11,2,3,1,93,2,420,540,2,5
8216,11,6,11,2,3,3,64,11,180,300,2,5
8217,12,462,13,1,3,1,80,50,0,300,2,5
8218,6,95,6,1,3,3,80,97,180,300,4,5
8219,1,283,1,2,3,1,37,1,420,540,4,5
8220,4,52,4,1,3,1,45,59,60,180,3,5
8221,4,25,5,1,3,3,51,82,60,180,3,5
8222,14,6,15,2,3,3,43,56,0,300,4,5
8223,8,484,9,1,3,1,25,21,60,180,3,5
8224,3,208,5,2,3,3,29,6,300,600,2,5
8225,10,407,11,2,3,1,96,52,300,600,1,5
8226,5,101,5,2,3,2,49,74,300,420,1,5
8227,8,29,9,2,3,3,99,9,0,300,1,5
8228,5,6,6,1,3,3,11,59,0,300,1,5
8229,5,438,6,1,3,2,3,8,60,180,4,5
8230,3,383,4,2,3,1,95,48,300,600,1,5
8231,9,507,11,1,3,1,47,69,180,300,3,5
8232,5,281,5,2,3,2,68,44,300,600,3,5
8233,14,64,14,1,3,2,47,19,180,300,1,5
8234,10,303,10,2,3,1,63,7,420,540,2,5
8235,8,285,9,2,3,3,33,51,60,180,3,5
8236,11,265,11,2,3,3,32,75,300,600,3,5
8237,8,183,8,2,3,3,4,75,300,420,2,5
8238,7,490,9,2,3,3,45,45,420,540,2,5
8239,13,127,14,2,3,2,29,78,60,180,1,5
8240,10,286,11,1,3,1,91,5,0,300,4,5
8241,5,591,6,1,3,2,57,79,0,300,1,5
8242,2,530,4,1,3,2,72,48,180,300,1,5
8243,2,290,2,2,3,1,43,91,300,600,3,5
8244,10,379,11,2,3,2,50,47,0,300,4,5
8245,5,534,6,1,3,2,40,64,0,300,2,5
8246,3,397,4,1,3,2,25,53,0,300,4,5
8247,14,358,15,1,3,1,64,97,0,300,4,5
8248,8,300,8,2,3,2,95,33,420,540,1,5
8249,3,202,3,2,3,3,68,87,420,540,2,5
8250,8,414,9,2,3,2,39,37,0,300,4,5
8251,7,430,9,2,3,3,19,38,420,540,4,5
8252,11,106,11,2,3,1,85,93,300,420,2,5
8253,12,543,13,2,3,2,4,40,180,300,3,5
8254,4,336,4,2,3,3,5,53,420,540,3,5
8255,3,498,5,1,3,2,61,4,180,300,3,5
8256,6,248,7,1,3,1,33,66,0,300,2,5
8257,4,291,5,1,3,2,50,37,0,300,2,5
8258,4,484,5,1,3,1,77,65,0,300,2,5
8259,2,452,3,1,3,3,21,56,60,180,3,5
8260,9,520,10,1,3,3,80,30,180,300,4,5
8261,9,470,10,1,3,2,33,60,180,300,3,5
8262,1,101,1,2,3,1,27,17,180,300,3,5
8263,7,307,8,2,3,3,33,31,60,180,3,5
8264,1,288,1,2,3,3,28,72,300,600,2,5
8265,12,430,13,2,3,1,41,2,180,300,3,5
8266,12,403,13,1,3,3,79,94,60,180,4,5
8267,14,82,16,1,3,3,100,86,180,300,2,5
8268,11,31,12,2,3,2,86,12,300,420,4,5
8269,9,523,11,1,3,1,94,66,60,180,4,5
8270,10,86,10,1,3,3,41,34,180,300,3,5
8271,13,381,13,2,3,1,53,16,420,540,3,5
8272,5,271,6,1,3,2,12,43,60,180,1,5
8273,12,47,12,1,3,3,49,63,60,180,3,5
8274,9,503,11,2,3,2,100,96,420,540,3,5
8275,5,268,5,2,3,1,81,31,300,600,1,5
8276,6,401,6,2,3,2,75,34,420,540,3,5
8277,6,513,8,2,3,2,17,84,0,300,1,5
8278,1,486,3,2,3,1,0,18,180,300,2,5
8279,9,413,9,2,3,3,85,69,420,540,2,5
8280,9,248,9,2,3,1,45,12,300,420,2,5
8281,13,329,13,2,3,3,65,90,420,540,2,5
8282,2,99,2,1,3,3,6,41,180,300,1,5
8283,7,205,7,2,3,2,36,1,420,540,1,5
8284,12,102,13,1,3,3,89,53,180,300,4,5
8285,11,159,12,2,3,2,86,19,60,180,4,5
8286,11,26,12,2,3,1,35,97,60,180,3,5
8287,8,389,8,2,3,3,71,17,420,540,4,5
8288,10,44,10,1,3,3,49,55,60,180,2,5
8289,3,182,3,2,3,3,73,51,420,540,3,5
8290,6,355,6,2,3,3,17,83,420,540,1,5
8291,6,523,7,1,3,2,25,11,60,180,2,5
8292,8,282,8,2,3,3,8,2,420,540,1,5
8293,5,148,6,2,3,3,80,59,0,300,2,5
8294,3,426,4,1,3,3,37,60,0,300,3,5
8295,3,598,5,1,3,1,82,8,180,300,2,5
8296,12,447,14,1,3,3,52,19,60,180,2,5
8297,10,535,11,1,3,3,33,64,180,300,3,5
8298,8,575,10,2,3,1,39,75,420,540,1,5
8299,11,130,12,2,3,3,19,67,420,540,4,5
8300,4,456,6,1,3,2,59,66,0,300,3,5
8301,12,234,12,2,3,1,97,99,300,600,3,5
8302,14,391,15,1,3,1,9,41,60,180,3,5
8303,3,132,3,1,3,2,63,97,180,300,2,5
8304,3,441,5,1,3,3,84,79,60,180,4,5
8305,6,80,7,1,3,2,45,11,180,300,2,5
8306,5,101,6,2,3,2,39,56,60,180,2,5
8307,8,349,9,2,3,2,62,91,0,300,3,5
8308,4,332,4,2,3,2,94,5,420,540,3,5
8309,2,204,2,2,3,3,95,20,300,420,1,5
8310,2,93,2,2,3,3,58,42,180,300,1,5
8311,10,392,11,2,3,3,73,4,60,180,2,5
8312,12,575,13,1,3,3,48,3,180,300,1,5
8313,4,246,4,2,3,3,33,30,420,540,1,5
8314,10,592,11,1,3,1,73,67,180,300,2,5
8315,5,75,6,2,3,3,29,98,180,300,4,5
8316,10,288,10,2,3,3,79,65,300,600,1,5
8317,9,387,9,2,3,1,54,79,420,540,4,5
8318,12,457,13,2,3,3,94,22,60,180,4,5
8319,13,477,15,2,3,3,15,21,60,180,1,5
8320,7,359,7,2,3,3,95,77,420,540,4,5
8321,9,188,9,2,3,3,91,45,420,540,4,5
8322,10,10,11,1,3,1,5,35,60,180,2,5
8323,14,200,14,2,3,3,52,6,300,420,1,5
8324,9,394,9,2,3,2,92,97,420,540,4,5
8325,3,542,5,1,3,1,52,87,180,300,4,5
8326,12,431,14,1,3,2,86,25,0,300,3,5
8327,14,492,15,1,3,3,9,89,0,300,4,5
8328,11,119,13,1,3,3,34,19,60,180,4,5
8329,12,145,12,1,3,3,52,72,180,300,2,5
8330,14,144,15,2,3,2,26,97,300,600,4,5
8331,6,19,6,1,3,3,65,72,60,180,2,5
8332,6,587,7,1,3,2,13,24,0,300,4,5
8333,10,468,12,1,3,2,67,22,180,300,1,5
8334,4,547,6,1,3,3,97,5,180,300,1,5
8335,11,346,11,2,3,2,38,75,420,540,4,5
8336,9,122,10,1,3,3,89,50,0,300,2,5
8337,12,192,13,2,3,3,8,15,300,600,4,5
8338,2,237,2,2,3,3,10,0,300,600,4,5
8339,8,474,10,1,3,1,71,44,0,300,3,5
8340,6,362,6,2,3,1,58,2,420,540,3,5
8341,6,355,7,2,3,2,41,34,60,180,1,5
8342,13,77,15,1,3,3,70,81,60,180,4,5
8343,2,157,3,2,3,1,23,49,420,540,2,5
8344,14,125,15,1,3,2,98,2,180,300,2,5
8345,14,400,15,1,3,2,72,39,0,300,1,5
8346,2,398,2,2,3,1,33,6,420,540,4,5
8347,1,528,3,2,3,3,83,25,300,600,2,5
8348,11,245,11,2,3,1,40,42,300,420,2,5
8349,4,39,6,1,3,2,84,28,180,300,2,5
8350,13,341,13,2,3,2,3,40,420,540,2,5
8351,2,411,2,2,3,1,25,2,420,540,3,5
8352,2,140,2,1,3,3,50,14,180,300,1,5
8353,5,12,5,2,3,1,66,47,0,300,3,5
8354,12,600,13,2,3,3,49,96,180,300,4,5
8355,12,83,13,2,3,1,36,10,0,300,1,5
8356,13,379,13,2,3,3,9,33,420,540,3,5
8357,7,367,8,2,3,3,69,30,0,300,2,5
8358,12,152,13,1,3,1,56,15,180,300,3,5
8359,4,488,6,1,3,3,12,67,60,180,2,5
8360,6,420,7,2,3,3,46,68,60,180,1,5
8361,4,399,4,2,3,2,2,4,420,540,2,5
8362,2,448,3,1,3,1,45,23,0,300,3,5
8363,9,168,9,1,3,3,49,60,180,300,1,5
8364,14,190,14,2,3,2,23,4,300,600,4,5
8365,12,421,14,1,3,2,26,25,0,300,1,5
8366,8,534,10,1,3,3,92,56,0,300,1,5
8367,8,113,8,1,3,3,78,5,180,300,1,5
8368,13,432,14,1,3,3,18,14,60,180,1,5
8369,3,180,4,2,3,1,88,43,300,600,4,5
8370,14,242,15,1,3,2,99,68,0,300,2,5
8371,11,401,11,2,3,1,60,56,420,540,3,5
8372,4,600,5,1,3,3,70,97,60,180,1,5
8373,6,568,7,1,3,2,40,36,0,300,2,5
8374,12,97,12,2,3,2,6,50,180,300,3,5
8375,3,217,4,1,3,3,32,94,180,300,4,5
8376,2,268,2,2,3,1,87,96,300,420,3,5
8377,12,107,12,1,3,3,42,55,180,300,2,5
8378,12,183,12,2,3,3,58,28,300,420,1,5
8379,11,589,12,2,3,3,82,97,60,180,2,5
8380,6,36,7,2,3,3,86,28,300,420,1,5
8381,8,300,8,2,3,3,95,0,300,600,2,5
8382,5,243,5,2,3,2,59,51,420,540,4,5
8383,1,220,1,2,3,2,26,41,300,600,2,5
8384,14,150,15,1,3,3,1,60,0,300,1,5
8385,3,386,3,2,3,2,4,19,420,540,1,5
8386,9,563,11,2,3,2,2,72,300,420,1,5
8387,1,280,2,1,3,1,22,33,60,180,1,5
8388,9,442,10,1,3,3,99,2,60,180,3,5
8389,4,342,4,2,3,1,57,93,420,540,1,5
8390,8,405,9,1,3,1,57,64,60,180,2,5
8391,1,140,1,1,3,1,2,54,180,300,2,5
8392,11,539,12,1,3,3,5,63,180,300,3,5
8393,3,397,3,2,3,1,7,95,420,540,3,5
8394,12,263,12,2,3,3,85,38,420,540,2,5
8395,7,229,7,2,3,3,97,37,300,420,2,5
8396,11,444,13,2,3,1,8,99,0,300,2,5
8397,6,261,6,2,3,1,80,83,300,600,4,5
8398,1,55,2,1,3,3,52,5,60,180,3,5
8399,4,588,6,1,3,3,31,25,0,300,4,5
8400,2,313,3,2,3,3,74,23,0,300,4,5
8401,3,100,4,2,3,2,23,94,180,300,4,5
8402,5,361,6,1,3,3,33,63,60,180,4,5
8403,6,291,7,1,3,3,18,37,0,300,2,5
8404,14,43,16,1,3,2,6,43,60,180,3,5
8405,7,142,8,1,3,3,72,28,0,300,2,5
8406,14,440,15,2,3,3,39,39,300,420,1,5
8407,8,599,9,2,3,3,34,59,0,300,3,5
8408,6,160,6,1,3,3,23,35,180,300,4,5
8409,5,462,7,1,3,2,58,95,60,180,3,5
8410,4,24,4,1,3,3,41,23,60,180,1,5
1,,,2,2,2,3,75,56,0,300,1,5
2,,,1,1,2,1,98,62,420,540,3,5
3,,,1,1,2,3,6,95,420,540,1,5
4,,,2,2,2,2,97,78,0,300,1,5
5,,,1,1,2,3,98,15,420,540,1,5
6,,,1,1,2,3,85,96,420,540,2,5
7,,,2,2,2,2,91,15,0,300,2,5
8,,,1,1,2,2,76,69,420,540,3,5
9,,,2,2,2,1,47,23,0,300,1,5
10,,,1,1,2,3,75,22,300,600,2,5
11,,,2,2,2,2,39,16,180,300,3,5
12,,,2,2,2,1,17,68,60,180,4,5
13,,,1,1,2,3,92,81,420,540,4,5
14,,,2,2,2,2,70,26,0,300,4,5
15,,,1,1,2,1,28,60,300,600,4,5
16,,,1,1,2,1,72,44,420,540,4,5
17,,,1,1,2,1,36,68,300,600,4,5
18,,,1,1,2,1,55,6,420,540,4,5
19,,,1,1,2,3,81,45,300,600,4,5
20,,,1,1,2,2,37,37,420,540,1,5
21,,,1,1,2,3,36,3,300,600,3,5
22,,,1,1,2,2,61,78,420,540,1,5
23,,,2,2,2,3,10,62,0,300,2,5
24,,,1,1,2,1,3,30,420,540,4,5
25,,,1,1,2,1,58,64,300,600,3,5
26,,,1,1,2,2,49,10,300,600,4,5
27,,,2,2,2,1,35,51,420,540,2,5
28,,,2,2,2,3,96,0,180,300,3,5
29,,,1,1,2,2,78,35,300,600,2,5
30,,,2,2,2,3,56,8,420,540,1,5
31,,,1,1,2,1,93,28,300,600,3,5
32,,,2,2,2,1,77,3,60,180,4,5
33,,,2,2,2,3,87,27,180,300,2,5
34,,,2,2,2,3,67,95,420,540,4,5
35,,,2,2,2,1,13,67,0,300,4,5
36,,,1,1,2,3,67,30,420,540,2,5
37,,,1,1,2,2,30,85,420,540,4,5
38,,,2,2,2,2,26,78,60,180,2,5
39,,,2,2,2,2,32,48,420,540,2,5
40,,,1,1,2,2,30,76,420,540,1,5
41,,,1,1,2,1,1,94,300,600,3,5
42,,,1,1,2,3,79,80,420,540,4,5
43,,,1,1,2,1,52,40,300,600,4,5
44,,,1,1,2,2,31,45,420,540,1,5
45,,,1,1,2,1,0,27,300,600,2,5
46,,,1,1,2,1,70,54,300,600,3,5
47,,,2,2,2,3,48,79,420,540,3,5
48,,,1,1,2,2,84,19,300,600,2,5
49,,,2,2,2,1,73,40,0,300,2,5
50,,,1,1,2,2,36,6,420,540,4,5
51,,,1,1,2,2,41,40,300,600,4,5
52,,,2,2,2,2,26,17,300,420,1,5
53,,,1,1,2,1,48,90,420,540,2,5
54,,,2,2,2,2,100,71,60,180,2,5
55,,,1,1,2,2,8,80,420,540,3,5
56,,,1,1,2,2,45,46,300,600,1,5
57,,,2,2,2,3,63,8,180,300,3,5
58,,,1,1,2,2,11,84,300,600,1,5
59,,,2,2,2,1,97,92,0,300,3,5
60,,,1,1,2,2,62,66,420,540,2,5
61,,,2,2,2,1,39,33,420,540,4,5
62,,,2,2,2,3,100,22,300,420,1,5
63,,,2,2,2,3,8,82,180,300,4,5
64,,,1,1,2,3,64,91,300,600,1,5
65,,,1,1,2,1,77,80,300,600,4,5
66,,,1,1,2,3,17,30,300,600,3,5
67,,,2,2,2,3,29,64,60,180,2,5
68,,,2,2,2,3,40,35,60,180,1,5
69,,,1,1,2,1,57,80,300,600,1,5
70,,,2,2,2,3,68,12,180,300,4,5
71,,,1,1,2,2,32,45,300,600,4,5
72,,,1,1,2,1,48,93,300,600,3,5
73,,,1,1,2,3,80,47,300,600,1,5
74,,,1,1,2,3,61,97,420,540,1,5
75,,,1,1,2,1,1,48,300,600,2,5
76,,,2,2,2,1,63,76,180,300,3,5
77,,,1,1,2,2,33,86,300,600,1,5
78,,,1,1,2,3,96,11,300,600,3,5
79,,,1,1,2,3,15,84,300,600,4,5
80,,,1,1,2,2,18,96,420,540,4,5
81,,,1,1,2,1,10,13,300,600,4,5
82,,,2,2,2,1,72,21,300,420,4,5
83,,,1,1,2,3,76,24,300,600,3,5
84,,,1,1,2,3,61,63,300,600,1,5
85,,,1,1,2,3,10,75,420,540,2,5
86,,,2,2,2,1,75,82,180,300,1,5
87,,,1,1,2,2,99,34,420,540,3,5
88,,,2,2,2,1,30,37,180,300,1,5
89,,,2,2,2,2,14,63,300,420,1,5
90,,,1,1,2,3,81,32,420,540,1,5
91,,,1,1,2,1,80,66,300,600,1,5
92,,,1,1,2,1,78,52,420,540,2,5
93,,,1,1,2,2,11,34,300,600,2,5
94,,,1,1,2,2,73,39,420,540,4,5
95,,,2,2,2,2,98,90,420,540,4,5
96,,,2,2,2,3,4,46,300,420,3,5
97,,,1,1,2,2,27,12,420,540,2,5
98,,,1,1,2,3,97,84,300,600,3,5
99,,,1,1,2,3,22,3,300,600,4,5
100,,,1,1,2,1,67,27,300,600,2,5
101,,,2,2,2,1,97,54,300,600,1,5
102,,,1,1,2,1,98,76,420,540,2,5
103,,,1,1,2,1,93,16,300,600,1,5
104,,,1,1,2,3,24,33,420,540,4,5
105,,,2,2,2,2,82,62,300,420,3,5
106,,,2,2,2,1,3,96,60,180,2,5
107,,,1,1,2,1,35,89,300,600,1,5
108,,,2,2,2,1,0,21,300,420,2,5
109,,,1,1,2,1,19,75,300,600,4,5
110,,,1,1,2,1,78,22,300,600,4,5
111,,,1,1,2,2,32,89,420,540,1,5
112,,,1,1,2,3,42,22,300,600,2,5
113,,,2,2,2,2,39,29,300,600,2,5
114,,,1,1,2,1,28,51,300,600,2,5
115,,,1,1,2,3,25,58,300,600,3,5
116,,,2,2,2,2,54,43,420,540,1,5
117,,,1,1,2,2,72,70,420,540,2,5
118,,,1,1,2,1,83,21,300,600,3,5
119,,,1,1,2,2,54,12,420,540,1,5
120,,,2,2,2,2,14,96,300,420,2,5
121,,,1,1,2,2,54,8,300,600,4,5
122,,,1,1,2,1,97,68,300,600,3,5
123,,,1,1,2,1,37,5,420,540,4,5
124,,,1,1,2,3,38,7,300,600,3,5
125,,,2,2,2,1,19,53,300,600,3,5
126,,,1,1,2,2,45,52,420,540,1,5
127,,,1,1,2,2,71,98,420,540,1,5
128,,,1,1,2,2,94,10,420,540,2,5
129,,,1,1,2,3,54,0,420,540,2,5
130,,,1,1,2,2,88,52,300,600,3,5
131,,,2,2,2,3,92,13,60,180,3,5
132,,,2,2,2,1,80,31,0,300,1,5
133,,,2,2,2,2,65,100,180,300,4,5
134,,,2,2,2,1,41,12,300,600,3,5
135,,,1,1,2,3,70,51,300,600,2,5
136,,,1,1,2,3,33,20,420,540,4,5
137,,,2,2,2,1,3,53,60,180,1,5
138,,,2,2,2,3,93,78,60,180,1,5
139,,,2,2,2,2,76,28,180,300,1,5
140,,,2,2,2,1,75,76,180,300,1,5
141,,,1,1,2,1,68,76,420,540,1,5
142,,,2,2,2,1,78,77,0,300,4,5
143,,,1,1,2,1,83,37,420,540,2,5
144,,,1,1,2,3,29,63,300,600,3,5
145,,,1,1,2,2,46,90,420,540,1,5
146,,,2,2,2,2,51,1,300,420,1,5
147,,,2,2,2,3,31,89,180,300,4,5
148,,,2,2,2,2,37,75,300,420,2,5
149,,,1,1,2,3,49,28,300,600,2,5
150,,,2,2,2,2,97,21,420,540,2,5
151,,,1,1,2,3,83,97,300,600,1,5
152,,,1,1,2,1,51,74,300,600,3,5
153,,,1,1,2,2,94,23,420,540,2,5
154,,,1,1,2,3,25,15,300,600,2,5
155,,,2,2,2,3,53,9,420,540,2,5
156,,,1,1,2,2,44,95,300,600,1,5
157,,,1,1,2,1,60,85,300,600,1,5
158,,,2,2,2,2,75,89,300,420,4,5
159,,,1,1,2,2,16,65,300,600,2,5
160,,,1,1,2,1,22,20,300,600,4,5
161,,,1,1,2,1,86,94,420,540,4,5
162,,,1,1,2,2,8,5,420,540,1,5
163,,,1,1,2,3,32,14,300,600,4,5
164,,,2,2,2,1,9,92,60,180,4,5
165,,,1,1,2,2,85,94,420,540,4,5
166,,,1,1,2,2,18,69,300,600,1,5
167,,,2,2,2,3,41,54,420,540,3,5
168,,,1,1,2,2,72,74,420,540,1,5
169,,,1,1,2,3,7,48,420,540,3,5
170,,,1,1,2,1,21,2,300,600,1,5
171,,,1,1,2,1,95,49,420,540,4,5
172,,,1,1,2,2,86,46,300,600,2,5
173,,,2,2,2,2,60,4,0,300,3,5
174,,,1,1,2,1,12,90,300,600,4,5
175,,,1,1,2,2,55,82,300,600,3,5
176,,,2,2,2,1,6,30,420,540,4,5
177,,,1,1,2,3,49,11,300,600,2,5
178,,,1,1,2,2,11,26,420,540,4,5
179,,,1,1,2,3,0,35,300,600,2,5
180,,,1,1,2,1,81,60,300,600,3,5
181,,,2,2,2,2,36,64,420,540,2,5
182,,,2,2,2,1,68,42,0,300,3,5
183,,,1,1,2,1,59,97,420,540,1,5
184,,,1,1,2,1,80,57,420,540,3,5
185,,,1,1,2,3,4,69,300,600,1,5
186,,,1,1,2,2,97,87,300,600,3,5
187,,,1,1,2,2,83,54,300,600,2,5
188,,,2,2,2,1,16,15,300,600,3,5
189,,,2,2,2,2,98,96,420,540,3,5
190,,,2,2,2,1,31,65,420,540,2,5
191,,,2,2,2,1,1,92,60,180,1,5
192,,,2,2,2,1,94,24,420,540,3,5
193,,,1,1,2,3,30,62,420,540,4,5
194,,,1,1,2,2,64,27,420,540,3,5
195,,,1,1,2,2,95,44,420,540,1,5
196,,,1,1,2,1,93,47,420,540,1,5
197,,,1,1,2,3,84,59,420,540,1,5
198,,,1,1,2,1,71,22,300,600,2,5
199,,,1,1,2,1,93,15,420,540,4,5
200,,,1,1,2,3,27,20,300,600,1,5
201,,,1,1,2,3,23,69,300,600,4,5
202,,,1,1,2,1,54,95,420,540,4,5
203,,,1,1,2,3,22,28,300,600,3,5
204,,,1,1,2,2,11,92,300,600,2,5
205,,,1,1,2,1,87,59,420,540,4,5
206,,,1,1,2,1,40,31,300,600,2,5
207,,,1,1,2,1,23,77,420,540,4,5
208,,,1,1,2,2,67,85,420,540,2,5
209,,,2,2,2,3,94,79,0,300,4,5
210,,,2,2,2,2,64,48,300,420,2,5
211,,,1,1,2,3,22,100,420,540,4,5
212,,,2,2,2,3,94,19,60,180,1,5
213,,,1,1,2,1,32,67,420,540,1,5
214,,,2,2,2,3,83,37,420,540,2,5
215,,,2,2,2,2,9,16,180,300,4,5
216,,,1,1,2,1,8,0,300,600,4,5
217,,,2,2,2,1,72,79,300,420,4,5
218,,,1,1,2,2,61,45,300,600,2,5
219,,,1,1,2,1,100,65,300,600,2,5
220,,,1,1,2,2,1,30,420,540,2,5
221,,,1,1,2,2,60,66,300,600,2,5
222,,,1,1,2,2,10,78,300,600,2,5
223,,,1,1,2,2,30,80,300,600,2,5
224,,,1,1,2,3,13,28,300,600,4,5
225,,,1,1,2,1,57,3,420,540,1,5
226,,,1,1,2,1,38,64,420,540,2,5
227,,,2,2,2,3,83,44,180,300,2,5
228,,,2,2,2,2,57,30,300,420,4,5
229,,,2,2,2,1,23,9,300,600,4,5
230,,,2,2,2,3,69,9,300,600,4,5
231,,,1,1,2,1,24,44,420,540,4,5
232,,,2,2,2,1,53,98,420,540,3,5
233,,,1,1,2,2,50,68,420,540,4,5
234,,,1,1,2,1,23,20,420,540,2,5
235,,,2,2,2,3,0,36,180,300,4,5
236,,,1,1,2,2,58,21,420,540,4,5
237,,,2,2,2,3,94,33,60,180,3,5
238,,,2,2,2,1,14,36,300,600,1,5
239,,,1,1,2,3,94,70,300,600,3,5
240,,,1,1,2,1,95,30,420,540,4,5
241,,,1,1,2,1,64,35,300,600,1,5
242,,,1,1,2,3,19,59,300,600,4,5
243,,,2,2,2,2,13,79,420,540,1,5
244,,,1,1,2,2,93,57,300,600,3,5
245,,,2,2,2,3,3,59,180,300,1,5
246,,,1,1,2,2,8,92,300,600,4,5
247,,,2,2,2,3,0,93,420,540,2,5
248,,,1,1,2,1,9,38,300,600,3,5
249,,,1,1,2,2,61,1,300,600,1,5
250,,,1,1,2,3,93,54,420,540,2,5
251,,,1,1,2,3,80,23,300,600,2,5
252,,,1,1,2,2,32,60,420,540,2,5
253,,,2,2,2,2,13,21,60,180,1,5
254,,,1,1,2,1,47,3,300,600,2,5
255,,,1,1,2,1,22,69,420,540,1,5
256,,,1,1,2,3,76,56,420,540,3,5
257,,,2,2,2,2,55,33,300,420,4,5
258,,,1,1,2,1,2,48,300,600,4,5
259,,,1,1,2,2,19,16,300,600,3,5
260,,,1,1,2,1,61,73,300,600,2,5
261,,,2,2,2,1,89,71,60,180,1,5
262,,,1,1,2,1,33,76,300,600,3,5
263,,,2,2,2,3,98,46,300,420,3,5
264,,,1,1,2,2,67,95,420,540,4,5
265,,,2,2,2,2,84,24,420,540,2,5
266,,,2,2,2,1,77,98,300,420,2,5
267,,,1,1,2,3,97,22,300,600,1,5
268,,,2,2,2,2,89,86,60,180,4,5
269,,,1,1,2,2,89,17,420,540,4,5
270,,,2,2,2,1,1,42,0,300,1,5
271,,,1,1,2,2,29,5,420,540,1,5
272,,,2,2,2,3,69,71,60,180,3,5
273,,,2,2,2,2,1,88,300,420,4,5
274,,,1,1,2,1,78,62,300,600,2,5
275,,,1,1,2,2,59,1,300,600,3,5
276,,,2,2,2,2,76,55,60,180,2,5
277,,,2,2,2,1,12,22,180,300,4,5
278,,,1,1,2,3,77,52,420,540,3,5
279,,,1,1,2,3,45,35,300,600,3,5
280,,,1,1,2,3,87,41,300,600,2,5
281,,,1,1,2,2,30,47,420,540,2,5
282,,,1,1,2,1,1,23,420,540,2,5
283,,,1,1,2,2,47,81,300,600,4,5
284,,,2,2,2,1,91,12,300,420,3,5
285,,,2,2,2,2,40,2,0,300,3,5
286,,,1,1,2,2,68,41,300,600,4,5
287,,,1,1,2,1,82,71,420,540,1,5
288,,,2,2,2,1,43,11,60,180,1,5
289,,,2,2,2,2,59,37,180,300,2,5
290,,,1,1,2,1,11,61,420,540,1,5
291,,,1,1,2,1,21,88,420,540,4,5
292,,,1,1,2,3,82,47,300,600,4,5
293,,,2,2,2,2,19,39,420,540,2,5
294,,,2,2,2,1,95,59,420,540,1,5
295,,,2,2,2,2,91,18,0,300,4,5
296,,,1,1,2,1,51,0,300,600,2,5
297,,,2,2,2,2,45,86,0,300,4,5
298,,,1,1,2,3,37,80,300,600,3,5
299,,,1,1,2,2,36,11,420,540,4,5
300,,,2,2,2,1,0,15,420,540,3,5
301,,,1,1,2,2,83,1,420,540,2,5
302,,,2,2,2,1,18,57,0,300,2,5
303,,,2,2,2,3,92,30,0,300,4,5
304,,,1,1,2,3,97,46,300,600,2,5
305,,,2,2,2,3,24,60,60,180,3,5
306,,,1,1,2,1,67,84,300,600,2,5
307,,,1,1,2,1,6,28,300,600,4,5
308,,,1,1,2,3,80,45,420,540,2,5
309,,,2,2,2,1,7,9,60,180,4,5
310,,,1,1,2,2,35,68,300,600,2,5
311,,,1,1,2,1,72,71,420,540,1,5
312,,,1,1,2,1,57,61,420,540,3,5
313,,,2,2,2,2,75,28,0,300,4,5
314,,,2,2,2,1,24,35,420,540,3,5
315,,,2,2,2,3,14,20,300,600,4,5
316,,,1,1,2,2,6,83,420,540,2,5
317,,,1,1,2,1,92,34,420,540,2,5
318,,,1,1,2,1,95,48,420,540,1,5
319,,,2,2,2,1,12,15,0,300,4,5
320,,,2,2,2,1,57,68,60,180,3,5
321,,,1,1,2,1,18,24,420,540,1,5
322,,,1,1,2,1,73,63,420,540,4,5
323,,,1,1,2,2,100,48,420,540,2,5
324,,,1,1,2,3,82,3,420,540,3,5
325,,,1,1,2,2,34,37,420,540,1,5
326,,,2,2,2,3,2,38,300,420,4,5
327,,,2,2,2,1,65,88,0,300,4,5
328,,,2,2,2,1,17,68,300,600,3,5
329,,,1,1,2,1,52,22,420,540,2,5
330,,,1,1,2,1,64,78,300,600,4,5
331,,,1,1,2,1,79,11,420,540,2,5
332,,,2,2,2,3,86,34,180,300,3,5
333,,,1,1,2,3,85,91,300,600,2,5
334,,,2,2,2,3,85,5,300,600,2,5
335,,,1,1,2,1,30,9,420,540,4,5
336,,,3,2,2,2,96,0,300,600,2,5
337,,,3,2,2,3,78,9,180,300,4,5
338,,,2,1,2,1,82,62,300,600,1,5
339,,,3,2,2,3,47,58,180,300,2,5
340,,,3,2,2,2,51,6,0,300,1,5
341,,,3,2,2,3,73,25,0,300,1,5
342,,,2,1,2,3,87,26,300,600,1,5
343,,,2,1,2,1,41,20,300,600,4,5
344,,,3,2,2,1,84,92,420,540,3,5
345,,,2,1,2,3,38,37,420,540,2,5
346,,,3,2,2,3,19,18,0,300,4,5
347,,,2,1,2,1,75,11,300,600,3,5
348,,,3,2,2,2,60,50,180,300,2,5
349,,,2,1,2,2,51,2,300,600,1,5
350,,,2,1,2,1,44,19,420,540,3,5
351,,,2,1,2,1,14,27,420,540,3,5
352,,,2,1,2,1,8,47,300,600,4,5
353,,,2,1,2,3,62,47,420,540,4,5
354,,,3,2,2,3,33,32,180,300,4,5
355,,,3,2,2,3,27,28,180,300,1,5
356,,,2,1,2,1,38,10,300,600,4,5
357,,,2,1,2,1,90,24,420,540,4,5
358,,,2,1,2,2,4,5,420,540,2,5
359,,,3,2,2,2,8,26,0,300,2,5
360,,,3,2,2,1,15,82,180,300,4,5
361,,,2,1,2,1,73,20,420,540,3,5
362,,,3,2,2,2,32,38,420,540,3,5
363,,,2,1,2,1,52,99,300,600,1,5
364,,,2,1,2,2,82,10,420,540,1,5
365,,,2,1,2,2,0,23,300,600,3,5
366,,,2,1,2,3,0,86,420,540,1,5
367,,,2,1,2,2,84,40,420,540,1,5
368,,,2,1,2,2,75,67,420,540,2,5
369,,,2,1,2,1,39,17,420,540,3,5
370,,,2,1,2,3,61,3,420,540,4,5
371,,,3,2,2,2,74,86,300,600,3,5
372,,,2,1,2,2,2,58,300,600,1,5
373,,,3,2,2,3,98,23,180,300,1,5
374,,,3,2,2,3,64,85,60,180,4,5
375,,,3,2,2,1,52,33,180,300,4,5
376,,,2,1,2,3,29,82,300,600,3,5
377,,,3,2,2,2,95,48,60,180,4,5
378,,,2,1,2,3,4,23,300,600,1,5
379,,,2,1,2,2,5,83,300,600,3,5
380,,,3,2,2,1,90,81,0,300,2,5
381,,,2,1,2,1,91,89,300,600,1,5
382,,,2,1,2,3,64,68,420,540,4,5
383,,,3,2,2,2,55,28,300,600,4,5
384,,,3,2,2,2,69,13,180,300,1,5
385,,,3,2,2,1,6,84,0,300,4,5
386,,,2,1,2,2,67,30,300,600,1,5
387,,,2,1,2,1,59,12,420,540,1,5
388,,,3,2,2,3,66,25,300,600,3,5
389,,,2,1,2,2,88,25,300,600,3,5
390,,,2,1,2,3,32,61,300,600,1,5
391,,,2,1,2,3,37,1,300,600,2,5
392,,,3,2,2,2,55,60,300,600,2,5
393,,,2,1,2,2,58,61,300,600,1,5
394,,,2,1,2,3,54,1,300,600,2,5
395,,,2,1,2,1,48,56,420,540,4,5
396,,,3,2,2,3,77,84,0,300,2,5
397,,,2,1,2,1,40,52,420,540,1,5
398,,,2,1,2,1,88,67,420,540,3,5
399,,,3,2,2,3,6,80,300,420,3,5
400,,,3,2,2,3,12,9,180,300,2,5
401,,,2,1,2,2,87,31,300,600,3,5
402,,,2,1,2,3,12,58,420,540,2,5
403,,,2,1,2,3,79,81,420,540,4,5
404,,,2,1,2,2,86,54,300,600,4,5
405,,,2,1,2,1,21,31,420,540,3,5
406,,,2,1,2,3,94,26,300,600,1,5
407,,,2,1,2,1,37,72,300,600,3,5
408,,,2,1,2,2,55,96,420,540,3,5
409,,,2,1,2,3,59,3,300,600,3,5
410,,,3,2,2,2,32,18,60,180,2,5
411,,,2,1,2,1,57,21,300,600,1,5
412,,,3,2,2,1,69,90,180,300,4,5
413,,,3,2,2,1,94,41,0,300,3,5
414,,,3,2,2,2,69,12,420,540,3,5
415,,,2,1,2,2,67,14,420,540,4,5
416,,,2,1,2,2,77,37,300,600,2,5
417,,,2,1,2,3,95,45,300,600,1,5
418,,,2,1,2,2,56,13,300,600,4,5
419,,,2,1,2,1,73,17,300,600,1,5
420,,,3,2,2,3,7,32,420,540,2,5
421,,,2,1,2,2,60,78,420,540,3,5
422,,,2,1,2,2,100,41,420,540,2,5
423,,,2,1,2,2,29,48,420,540,1,5
424,,,3,2,2,2,87,94,180,300,2,5
425,,,2,1,2,2,29,4,300,600,2,5
426,,,3,2,2,1,43,43,300,600,3,5
427,,,3,2,2,3,88,33,180,300,2,5
428,,,3,2,2,1,94,50,300,420,3,5
429,,,3,2,2,2,36,90,60,180,1,5
430,,,3,2,2,3,89,47,300,420,3,5
431,,,3,2,2,1,96,69,420,540,1,5
432,,,2,1,2,3,84,60,300,600,3,5
433,,,2,1,2,1,97,60,420,540,3,5
434,,,2,1,2,3,15,64,420,540,4,5
435,,,2,1,2,2,87,27,420,540,1,5
436,,,2,1,2,3,70,41,420,540,3,5
437,,,2,1,2,2,18,49,420,540,3,5
438,,,3,2,2,1,46,97,0,300,3,5
439,,,2,1,2,3,44,63,300,600,4,5
440,,,2,1,2,1,12,22,300,600,3,5
441,,,3,2,2,2,40,58,0,300,1,5
442,,,2,1,2,2,100,63,420,540,2,5
443,,,2,1,2,1,16,43,300,600,4,5
444,,,9,2,2,1,54,28,420,540,2,5
445,,,8,1,2,1,51,41,300,600,4,5
446,,,6,2,2,2,71,18,0,300,2,5
447,,,8,1,2,2,80,67,420,540,4,5
448,,,12,2,2,3,87,9,420,540,1,5
449,,,14,2,2,3,40,32,420,540,4,5
450,,,9,2,2,1,89,29,0,300,1,5
451,,,17,2,2,3,42,48,420,540,4,5
452,,,12,2,2,2,87,29,300,600,4,5
453,,,9,2,2,2,52,80,420,540,3,5
454,,,15,2,2,3,32,32,180,300,1,5
455,,,10,2,2,1,7,54,300,600,1,5
456,,,16,2,2,3,7,92,180,300,2,5
457,,,6,2,2,2,23,65,180,300,1,5
458,,,13,2,2,1,64,50,180,300,3,5
459,,,8,1,2,3,97,45,300,600,3,5
460,,,14,2,2,2,32,48,420,540,3,5
461,,,12,2,2,3,35,1,300,600,2,5
462,,,7,1,2,1,96,59,420,540,4,5
463,,,11,1,2,2,55,14,300,600,2,5
464,,,3,2,2,2,42,57,180,300,4,5
465,,,4,2,2,2,7,59,180,300,1,5
466,,,15,2,2,2,58,57,180,300,4,5
467,,,12,1,2,2,87,37,420,540,1,5
468,,,8,1,2,2,98,46,300,600,4,5
469,,,5,2,2,3,89,55,420,540,3,5
470,,,12,2,2,1,70,1,180,300,1,5
471,,,12,2,2,2,12,42,180,300,1,5
472,,,3,1,2,3,45,46,300,600,4,5
473,,,14,1,2,2,53,95,420,540,4,5
474,,,10,2,2,1,17,34,60,180,4,5
475,,,11,2,2,2,64,39,300,420,1,5
476,,,1,1,2,2,64,43,300,600,3,5
477,,,10,1,2,3,73,9,420,540,4,5
478,,,11,2,2,3,20,74,180,300,3,5
479,,,10,2,2,3,17,75,60,180,4,5
480,,,8,2,2,2,8,76,420,540,3,5
481,,,7,2,2,1,93,59,180,300,3,5
482,,,5,2,2,2,100,70,0,300,3,5
483,,,3,2,2,3,34,41,0,300,3,5
484,,,3,1,2,2,7,77,420,540,2,5
485,,,14,2,2,3,20,1,180,300,2,5
486,,,6,2,2,3,37,22,300,600,2,5
487,,,10,2,2,3,41,52,0,300,3,5
488,,,5,1,2,1,87,38,300,600,2,5
489,,,6,2,2,2,53,54,420,540,1,5
490,,,2,2,2,1,34,64,300,420,4,5
491,,,4,2,2,1,24,55,180,300,3,5
492,,,5,1,2,2,19,0,420,540,2,5
493,,,14,2,2,1,30,53,300,600,2,5
494,,,10,1,2,1,80,60,420,540,1,5
495,,,8,1,2,2,75,84,300,600,3,5
496,,,13,1,2,3,99,89,300,600,3,5
497,,,11,2,2,2,72,2,0,300,3,5
498,,,11,2,2,3,3,46,60,180,4,5
499,,,8,2,2,3,59,100,60,180,3,5
500,,,11,2,2,3,31,52,300,420,1,5
501,,,9,2,2,3,8,65,60,180,3,5
502,,,4,1,2,2,3,0,420,540,3,5
503,,,12,1,2,1,71,66,420,540,1,5
504,,,12,2,2,1,55,44,420,540,3,5
505,,,10,2,2,1,22,100,60,180,4,5
506,,,15,2,2,1,37,90,300,600,1,5
507,,,7,1,2,1,66,23,300,600,2,5
508,,,5,2,2,1,43,54,300,600,2,5
509,,,6,1,2,2,30,34,300,600,4,5
510,,,7,1,2,2,81,84,300,600,3,5
511,,,9,2,2,3,55,4,420,540,2,5
512,,,12,2,2,2,33,36,60,180,4,5
513,,,15,1,2,3,9,51,420,540,3,5
514,,,14,2,2,1,39,92,60,180,3,5
515,,,12,2,2,2,93,17,420,540,1,5
516,,,10,1,2,2,71,2,420,540,4,5
517,,,4,1,2,3,37,88,300,600,2,5
518,,,3,2,2,2,56,20,180,300,4,5
519,,,14,1,2,1,90,20,420,540,1,5
520,,,12,2,2,1,5,24,60,180,3,5
521,,,8,2,2,3,71,46,420,540,4,5
522,,,5,2,2,2,47,67,0,300,2,5
523,,,11,1,2,2,85,62,420,540,4,5
524,,,9,2,2,3,12,28,180,300,4,5
525,,,6,1,2,3,88,42,420,540,3,5
526,,,12,2,2,2,57,17,180,300,4,5
527,,,14,1,2,1,100,1,420,540,3,5
528,,,14,2,2,3,31,34,300,420,2,5
529,,,9,1,2,1,1,51,420,540,4,5
530,,,4,1,2,1,14,96,300,600,1,5
531,,,9,2,2,3,62,21,420,540,3,5
532,,,15,1,2,2,87,73,300,600,3,5
533,,,15,1,2,3,76,63,300,600,2,5
534,,,11,1,2,2,18,57,300,600,3,5
535,,,4,1,2,1,81,26,420,540,1,5
536,,,11,2,2,3,2,31,180,300,2,5
537,,,5,2,2,3,39,72,60,180,3,5
538,,,4,2,2,2,21,13,60,180,2,5
539,,,13,1,2,1,42,6,420,540,4,5
540,,,15,1,2,3,52,37,420,540,4,5
541,,,13,2,2,3,28,90,300,600,4,5
542,,,8,1,2,3,68,84,420,540,4,5
543,,,9,2,2,1,32,14,0,300,3,5
544,,,2,1,2,3,57,44,300,600,4,5
545,,,9,1,2,2,22,31,420,540,1,5
546,,,8,2,2,3,16,85,300,600,4,5
547,,,8,1,2,2,46,36,420,540,4,5
548,,,4,1,2,1,81,95,420,540,1,5
549,,,8,1,2,2,70,84,300,600,1,5
550,,,8,2,2,3,21,67,60,180,4,5
551,,,14,2,2,2,98,72,0,300,1,5
552,,,10,2,2,2,33,80,300,420,1,5
553,,,16,2,2,2,77,56,0,300,3,5
554,,,4,2,2,1,10,67,0,300,4,5
555,,,4,1,2,3,17,16,420,540,1,5
556,,,12,1,2,2,35,74,300,600,4,5
557,,,3,2,2,1,50,100,180,300,1,5
558,,,7,1,2,2,95,9,420,540,4,5
559,,,6,2,2,1,79,87,420,540,2,5
560,,,12,1,2,1,14,32,420,540,3,5
561,,,5,1,2,1,4,95,300,600,2,5
562,,,8,2,2,1,65,67,180,300,2,5
563,,,5,2,2,1,37,28,180,300,1,5
564,,,7,1,2,2,48,16,300,600,2,5
565,,,13,2,2,3,65,37,60,180,4,5
566,,,9,1,2,2,44,93,300,600,1,5
567,,,9,1,2,2,32,45,420,540,4,5
568,,,5,1,2,3,76,25,420,540,4,5
569,,,13,2,2,1,29,92,420,540,3,5
570,,,9,1,2,3,30,24,420,540,2,5
571,,,12,1,2,2,59,35,420,540,4,5
572,,,15,2,2,1,50,40,0,300,4,5
573,,,6,2,2,3,86,40,0,300,3,5
574,,,16,2,2,2,26,77,60,180,4,5
575,,,5,1,2,2,11,86,420,540,1,5
576,,,2,2,2,2,55,54,180,300,4,5
577,,,13,2,2,3,26,51,420,540,4,5
578,,,5,1,2,2,95,81,420,540,3,5
579,,,10,2,2,1,41,92,0,300,2,5
580,,,11,1,2,3,69,93,300,600,1,5
581,,,10,2,2,1,47,50,420,540,2,5
582,,,4,2,2,3,69,74,420,540,1,5
583,,,7,1,2,3,58,78,420,540,4,5
584,,,14,1,2,3,65,90,420,540,1,5
585,,,5,1,2,1,56,57,420,540,4,5
586,,,15,1,2,1,33,24,420,540,2,5
587,,,8,1,2,2,9,63,300,600,2,5
588,,,4,2,2,1,76,65,180,300,3,5
589,,,4,1,2,2,33,41,300,600,3,5
590,,,7,2,2,2,2,34,60,180,2,5
591,,,14,2,2,1,27,71,0,300,4,5
592,,,8,2,2,3,75,42,300,600,2,5
593,,,5,1,2,3,85,51,420,540,1,5
594,,,10,1,2,3,35,33,420,540,4,5
595,,,11,1,2,1,55,69,300,600,1,5
596,,,16,2,2,3,50,77,180,300,4,5
597,,,10,2,2,3,48,19,180,300,4,5
598,,,11,2,2,2,15,16,60,180,4,5
599,,,9,1,2,3,84,79,420,540,1,5
600,,,5,1,2,3,92,92,420,540,4,5
601,,,14,2,2,1,41,49,0,300,2,5
602,,,16,2,2,1,11,45,180,300,1,5
603,,,7,2,2,2,50,76,60,180,1,5
604,,,6,1,2,3,22,49,300,600,4,5
605,,,5,1,2,3,12,69,420,540,3,5
606,,,10,1,2,2,76,53,420,540,4,5
607,,,7,1,2,1,3,78,300,600,1,5
608,,,16,1,2,2,41,99,300,600,1,5
609,,,4,2,2,3,58,5,180,300,4,5
610,,,8,2,2,3,91,98,0,300,1,5
611,,,11,2,2,3,19,62,0,300,2,5
612,,,8,1,2,2,52,83,420,540,2,5
613,,,4,2,2,1,99,35,60,180,2,5
614,,,15,1,2,2,80,46,300,600,3,5
615,,,7,1,2,3,46,27,420,540,3,5
616,,,8,1,2,3,23,87,300,600,4,5
617,,,5,2,2,2,83,28,180,300,1,5
618,,,8,2,2,3,86,75,180,300,3,5
619,,,13,2,2,1,3,69,0,300,3,5
620,,,12,2,2,3,18,85,180,300,1,5
621,,,16,2,2,2,27,98,420,540,3,5
622,,,11,2,2,1,84,33,60,180,4,5
623,,,6,1,2,1,2,100,300,600,4,5
624,,,14,2,2,2,88,73,180,300,1,5
625,,,8,2,2,1,69,12,60,180,2,5
626,,,7,2,2,2,49,68,180,300,3,5
627,,,8,2,2,1,76,3,60,180,2,5
628,,,9,2,2,2,96,62,180,300,1,5
629,,,14,1,2,1,5,26,420,540,2,5
630,,,12,2,2,1,97,95,300,600,4,5
631,,,5,1,2,2,90,96,300,600,3,5
632,,,11,2,2,1,89,74,420,540,1,5
633,,,14,1,2,1,29,47,420,540,4,5
634,,,10,1,2,2,84,60,420,540,2,5
635,,,8,2,2,3,5,94,300,420,4,5
636,,,15,1,2,3,31,63,300,600,3,5
637,,,7,1,2,1,5,95,300,600,2,5
638,,,4,1,2,1,94,12,420,540,3,5
639,,,13,2,2,3,13,85,60,180,3,5
640,,,7,1,2,1,18,11,300,600,2,5
641,,,6,2,2,2,77,28,300,600,4,5
642,,,3,2,2,1,50,61,420,540,4,5
643,,,3,1,2,2,43,58,420,540,4,5
644,,,10,1,2,2,82,30,420,540,4,5
645,,,13,2,2,2,69,6,0,300,2,5
646,,,7,2,2,3,81,83,0,300,4,5
647,,,4,2,2,1,80,17,300,420,1,5
648,,,15,2,2,1,95,94,0,300,2,5
649,,,8,2,2,1,56,88,180,300,3,5
650,,,5,2,2,3,72,24,420,540,2,5
651,,,8,2,2,3,52,47,60,180,2,5
652,,,2,2,2,2,0,29,60,180,1,5
653,,,6,1,2,1,0,45,300,600,1,5
654,,,15,1,2,2,96,97,300,600,1,5
655,,,4,2,2,2,21,90,300,420,1,5
656,,,17,2,2,2,29,8,300,420,2,5
657,,,6,2,2,2,99,58,180,300,3,5
658,,,5,2,2,2,15,34,420,540,4,5
659,,,4,2,2,2,39,40,60,180,2,5
660,,,5,2,2,1,34,24,420,540,1,5
661,,,16,1,2,3,50,7,300,600,3,5
662,,,3,1,2,1,58,26,420,540,2,5
663,,,5,2,2,3,80,80,300,600,2,5
664,,,16,2,2,1,15,74,0,300,3,5
665,,,3,1,2,2,45,11,420,540,3,5
666,,,14,1,2,3,24,65,420,540,1,5
667,,,5,2,2,2,20,85,180,300,2,5
668,,,8,1,2,2,86,65,420,540,1,5
669,,,6,2,2,1,6,10,180,300,1,5
670,,,15,2,2,3,65,23,0,300,4,5
671,,,7,1,2,3,12,50,300,600,4,5
672,,,9,1,2,1,46,28,300,600,2,5
673,,,13,2,2,1,45,33,180,300,3,5
674,,,13,1,2,1,56,81,300,600,1,5
675,,,10,2,2,2,81,42,300,420,1,5
676,,,8,2,2,3,36,70,420,540,3,5
677,,,2,2,2,3,85,62,60,180,4,5
678,,,10,1,2,2,39,77,300,600,1,5
679,,,13,1,2,2,57,90,420,540,3,5
680,,,16,1,2,3,69,54,420,540,3,5
681,,,7,1,2,3,99,88,420,540,4,5
682,,,15,2,2,3,28,74,180,300,1,5
683,,,13,1,2,3,79,44,300,600,4,5
684,,,11,1,2,3,44,65,300,600,4,5
685,,,4,1,2,1,5,52,420,540,1,5
686,,,6,1,2,1,13,31,300,600,2,5
687,,,6,1,2,2,100,40,300,600,2,5
688,,,5,2,2,2,8,7,0,300,1,5
689,,,12,2,2,3,20,8,60,180,2,5
690,,,11,2,2,2,61,3,300,600,3,5
691,,,3,2,2,2,13,53,420,540,3,5
692,,,12,1,2,1,66,22,300,600,4,5
693,,,1,1,2,3,66,66,300,600,3,5
694,,,4,2,2,1,79,12,180,300,2,5
695,,,10,1,2,3,77,43,420,540,4,5
696,,,14,2,2,1,76,26,300,600,2,5
697,,,12,1,2,1,64,49,300,600,3,5
698,,,5,2,2,3,53,63,420,540,3,5
699,,,12,1,2,1,90,90,300,600,4,5
700,,,4,1,2,2,70,48,420,540,2,5
701,,,11,2,2,1,42,10,0,300,1,5
702,,,7,2,2,1,38,85,60,180,3,5
703,,,14,1,2,1,16,81,300,600,2,5
704,,,16,2,2,1,18,23,180,300,3,5
705,,,11,1,2,2,81,48,300,600,1,5
706,,,9,1,2,3,33,18,420,540,3,5
707,,,11,1,2,3,55,58,300,600,4,5
708,,,8,2,2,2,59,71,180,300,1,5
709,,,13,1,2,1,92,20,300,600,4,5
710,,,11,2,2,2,54,13,420,540,4,5
711,,,6,2,2,3,65,11,60,180,4,5
712,,,10,1,2,2,6,91,300,600,1,5
713,,,7,2,2,3,85,50,420,540,1,5
714,,,15,1,2,3,94,26,300,600,1,5
715,,,8,2,2,3,45,58,180,300,3,5
716,,,2,1,2,3,96,55,420,540,2,5
717,,,11,2,2,2,81,6,0,300,4,5
718,,,14,2,2,3,92,69,0,300,3,5
719,,,10,1,2,2,4,2,420,540,1,5
720,,,9,2,2,2,46,54,180,300,1,5
721,,,14,1,2,1,98,27,300,600,3,5
722,,,9,1,2,1,62,22,420,540,2,5
723,,,12,2,2,1,32,83,300,420,2,5
724,,,14,1,2,2,87,82,300,600,3,5
725,,,15,2,2,1,19,99,420,540,1,5
726,,,7,1,2,1,23,47,420,540,2,5
727,,,6,2,2,3,46,42,300,600,1,5
728,,,7,1,2,3,75,57,300,600,3,5
729,,,13,2,2,2,42,28,60,180,3,5
730,,,13,1,2,3,33,17,300,600,1,5
731,,,2,2,2,2,12,55,300,600,2,5
732,,,8,1,2,2,12,3,300,600,1,5
733,,,8,1,2,2,7,27,300,600,4,5
734,,,8,2,2,1,75,13,0,300,2,5
735,,,8,1,2,2,89,45,300,600,2,5
736,,,11,1,2,2,50,88,300,600,1,5
737,,,9,2,2,2,76,39,0,300,1,5
738,,,14,2,2,1,2,13,300,420,1,5
739,,,14,1,2,2,10,30,420,540,1,5
740,,,7,1,2,1,10,47,300,600,2,5
741,,,4,2,2,1,68,65,180,300,1,5
742,,,8,2,2,3,58,39,0,300,3,5
743,,,8,1,2,1,41,65,420,540,3,5
744,,,9,2,2,3,59,51,420,540,1,5
745,,,15,1,2,3,80,88,300,600,3,5
746,,,4,2,2,2,1,64,60,180,4,5
747,,,14,1,2,2,24,13,300,600,3,5
748,,,5,2,2,2,28,85,420,540,2,5
749,,,3,2,2,1,7,59,420,540,2,5
750,,,6,1,2,1,50,12,300,600,3,5
751,,,16,2,2,3,68,10,420,540,2,5
752,,,13,1,2,2,17,27,420,540,1,5
753,,,3,2,2,3,47,21,300,420,4,5
754,,,8,1,2,3,47,8,420,540,3,5
755,,,5,2,2,1,26,44,420,540,2,5
756,,,12,1,2,2,69,75,300,600,2,5
757,,,4,2,2,1,53,30,420,540,3,5
758,,,16,1,2,2,82,37,300,600,3,5
759,,,4,2,2,1,99,61,300,420,4,5
760,,,8,2,2,1,35,39,300,600,1,5
761,,,12,2,2,3,92,99,60,180,2,5
762,,,16,2,2,1,86,19,420,540,2,5
763,,,15,1,2,1,32,23,300,600,2,5
764,,,12,1,2,2,47,3,420,540,4,5
765,,,1,1,2,3,70,31,420,540,4,5
766,,,4,2,2,1,62,76,0,300,1,5
767,,,12,2,2,3,96,15,180,300,4,5
768,,,9,1,2,3,71,18,420,540,4,5
769,,,8,1,2,3,89,91,300,600,4,5
770,,,3,2,2,3,29,67,420,540,2,5
771,,,2,2,2,3,0,64,420,540,4,5
772,,,3,2,2,3,17,12,180,300,1,5
773,,,14,2,2,1,94,17,300,420,1,5
774,,,3,2,2,3,49,74,300,420,1,5
775,,,8,1,2,1,2,29,420,540,4,5
776,,,5,1,2,2,72,5,420,540,1,5
777,,,13,1,2,2,8,20,300,600,4,5
778,,,9,1,2,1,97,67,300,600,2,5
779,,,8,1,2,1,67,65,300,600,4,5
780,,,12,2,2,1,15,94,180,300,4,5
781,,,3,1,2,2,27,47,420,540,4,5
782,,,7,2,2,3,36,68,420,540,3,5
783,,,8,2,2,2,100,5,420,540,4,5
784,,,12,2,2,3,69,96,0,300,4,5
785,,,3,2,2,2,95,15,60,180,1,5
786,,,9,2,2,2,58,30,0,300,4,5
787,,,3,1,2,2,74,47,300,600,4,5
788,,,3,1,2,1,30,8,420,540,3,5
789,,,12,2,2,2,99,55,300,420,3,5
790,,,8,2,2,3,12,30,0,300,4,5
791,,,3,2,2,3,90,29,0,300,2,5
792,,,12,1,2,2,60,38,420,540,3,5
793,,,10,2,2,1,45,11,60,180,1,5
794,,,10,1,2,1,31,59,300,600,3,5
795,,,3,1,2,3,65,94,300,600,2,5
796,,,5,2,2,2,16,68,60,180,1,5
797,,,7,2,2,1,1,96,420,540,4,5
798,,,12,1,2,3,62,64,300,600,3,5
799,,,9,1,2,2,76,100,300,600,2,5
800,,,11,2,2,1,44,3,60,180,3,5
801,,,12,2,2,1,32,68,60,180,4,5
802,,,4,2,2,2,74,5,60,180,3,5
803,,,3,1,2,1,39,14,300,600,1,5
804,,,3,1,2,2,1,49,300,600,2,5
805,,,13,1,2,1,3,52,420,540,1,5
806,,,9,1,2,1,12,73,300,600,2,5
807,,,5,1,2,3,97,4,300,600,2,5
808,,,13,2,2,1,28,25,0,300,3,5
809,,,11,2,2,3,3,85,300,600,1,5
810,,,2,1,2,2,68,59,420,540,1,5
811,,,12,2,2,2,21,33,60,180,1,5
812,,,15,2,2,3,45,86,180,300,4,5
813,,,15,2,2,2,31,11,180,300,1,5
814,,,16,1,2,1,24,5,300,600,3,5
815,,,5,1,2,2,33,3,420,540,4,5
816,,,6,2,2,3,8,82,60,180,1,5
817,,,12,2,2,2,86,69,180,300,4,5
818,,,12,1,2,1,12,42,300,600,3,5
819,,,2,2,2,2,99,50,180,300,3,5
820,,,3,1,2,3,23,14,420,540,1,5
821,,,4,2,2,3,100,71,300,420,1,5
822,,,10,1,2,1,60,33,420,540,1,5
823,,,13,1,2,3,80,26,300,600,4,5
824,,,14,2,2,2,7,53,60,180,3,5
825,,,2,2,2,3,8,17,420,540,2,5
826,,,9,2,2,1,54,57,420,540,2,5
827,,,14,1,2,1,16,2,420,540,3,5
828,,,7,1,2,2,91,90,420,540,1,5
829,,,5,1,2,2,14,13,300,600,4,5
830,,,11,2,2,3,45,13,420,540,2,5
831,,,10,1,2,3,18,77,420,540,1,5
832,,,14,1,2,2,2,38,300,600,3,5
833,,,6,1,2,2,83,47,300,600,2,5
834,,,2,1,2,1,68,9,420,540,1,5
835,,,14,1,2,1,85,4,420,540,2,5
836,,,4,2,2,3,76,72,420,540,3,5
837,,,10,1,2,1,61,1,300,600,4,5
838,,,7,2,2,3,66,61,420,540,3,5
839,,,4,1,2,3,61,3,420,540,1,5
840,,,10,1,2,2,89,24,300,600,2,5
841,,,10,1,2,1,2,85,300,600,3,5
842,,,2,1,2,1,99,27,420,540,4,5
843,,,9,1,2,1,39,34,300,600,4,5
844,,,14,2,2,2,21,42,0,300,4,5
845,,,7,2,2,2,99,77,60,180,1,5
846,,,11,1,2,2,26,54,420,540,2,5
847,,,10,2,2,3,87,85,300,420,4,5
848,,,17,2,2,2,33,97,0,300,3,5
849,,,4,1,2,2,72,52,300,600,3,5
850,,,9,2,2,1,87,34,60,180,1,5
851,,,2,1,2,3,48,35,300,600,2,5
852,,,10,1,2,2,83,2,300,600,3,5
853,,,10,2,2,1,45,20,300,420,3,5
854,,,7,2,2,2,81,63,180,300,2,5
855,,,10,1,2,1,4,59,300,600,1,5
856,,,13,2,2,2,94,87,60,180,3,5
857,,,15,1,2,3,78,44,300,600,2,5
858,,,12,2,2,3,9,71,60,180,4,5
859,,,5,1,2,2,91,17,420,540,3,5
860,,,5,2,2,1,71,87,60,180,1,5
861,,,10,2,2,2,51,67,180,300,1,5
862,,,7,1,2,3,40,30,300,600,4,5
863,,,8,1,2,1,74,18,300,600,2,5
864,,,17,2,2,1,58,15,0,300,2,5
865,,,13,2,2,2,43,100,300,600,4,5
866,,,13,1,2,2,52,78,420,540,4,5
867,,,11,1,2,3,90,64,420,540,3,5
868,,,4,2,2,2,20,36,300,420,1,5
869,,,10,2,2,2,8,50,60,180,2,5
870,,,8,2,2,1,60,26,60,180,2,5
871,,,2,2,2,2,89,22,300,600,1,5
872,,,8,2,2,2,4,20,180,300,2,5
873,,,10,1,2,3,7,18,300,600,1,5
874,,,14,1,2,2,23,8,420,540,2,5
875,,,10,2,2,3,75,6,420,540,4,5
876,,,5,1,2,2,58,84,300,600,3,5
877,,,5,1,2,1,95,85,300,600,2,5
878,,,10,2,2,1,37,26,420,540,3,5
879,,,3,2,2,2,30,26,420,540,4,5
880,,,8,2,2,1,77,73,0,300,4,5
881,,,6,2,2,2,66,66,300,420,1,5
882,,,4,1,2,3,21,6,420,540,3,5
883,,,7,1,2,2,91,56,420,540,4,5
884,,,16,1,2,2,100,57,300,600,2,5
885,,,8,1,2,1,62,99,420,540,4,5
886,,,12,2,2,1,28,97,60,180,2,5
887,,,15,1,2,1,53,100,300,600,1,5
888,,,11,1,2,1,35,70,300,600,3,5
889,,,1,1,2,2,23,7,420,540,1,5
890,,,7,1,2,2,51,99,300,600,4,5
891,,,11,2,2,2,41,69,300,420,4,5
892,,,2,1,2,1,7,41,300,600,1,5
893,,,10,2,2,1,81,56,60,180,3,5
894,,,5,2,2,1,3,23,420,540,1,5
895,,,16,2,2,2,48,10,420,540,2,5
896,,,5,2,2,3,58,23,420,540,1,5
897,,,2,2,2,1,20,12,180,300,4,5
898,,,11,2,2,3,18,95,0,300,1,5
899,,,14,2,2,1,76,67,0,300,4,5
900,,,7,2,2,2,85,9,300,600,4,5
901,,,15,2,2,2,63,32,420,540,3,5
902,,,4,2,2,3,38,35,420,540,1,5
903,,,3,2,2,2,80,74,180,300,2,5
904,,,11,1,2,2,22,38,420,540,1,5
905,,,6,2,2,2,35,29,0,300,2,5
906,,,8,2,2,1,12,50,180,300,4,5
907,,,9,2,2,3,87,85,420,540,3,5
908,,,10,1,2,3,78,65,420,540,3,5
909,,,3,1,2,2,47,100,300,600,4,5
910,,,7,2,2,1,27,38,180,300,2,5
911,,,14,1,2,3,22,16,300,600,2,5
912,,,13,1,2,1,53,81,300,600,1,5
913,,,6,1,2,1,55,11,300,600,4,5
914,,,4,2,2,2,25,33,0,300,2,5
915,,,13,2,2,1,58,86,420,540,3,5
916,,,13,1,2,1,100,97,300,600,2,5
917,,,14,1,2,2,17,54,300,600,2,5
918,,,6,1,2,3,55,25,420,540,3,5
919,,,3,1,2,3,7,21,300,600,3,5
920,,,15,2,2,1,42,67,180,300,3,5
921,,,11,2,2,2,50,86,420,540,1,5
922,,,8,2,2,1,82,63,420,540,2,5
923,,,11,2,2,2,36,97,180,300,3,5
924,,,2,1,2,2,25,87,420,540,2,5
925,,,8,2,2,3,11,28,0,300,2,5
926,,,3,2,2,3,6,9,0,300,2,5
927,,,10,2,2,2,55,23,300,420,2,5
928,,,16,2,2,1,11,90,420,540,4,5
929,,,14,1,2,3,10,48,300,600,2,5
930,,,13,1,2,3,53,70,300,600,3,5
931,,,2,2,2,3,20,33,60,180,4,5
932,,,14,2,2,2,43,3,300,420,1,5
933,,,13,2,2,3,34,59,60,180,4,5
934,,,4,1,2,1,88,30,420,540,3,5
935,,,13,1,2,1,80,80,420,540,3,5
936,,,1,1,2,2,94,70,300,600,4,5
937,,,8,2,2,3,97,42,420,540,2,5
938,,,3,1,2,3,66,57,300,600,4,5
939,,,15,2,2,2,10,58,420,540,4,5
940,,,10,2,2,1,6,75,180,300,3,5
941,,,1,1,2,2,54,83,420,540,3,5
942,,,11,2,2,2,39,53,180,300,3,5
943,,,10,2,2,2,1,56,300,420,4,5
944,,,9,2,2,1,64,83,300,600,3,5
945,,,14,2,2,1,26,16,0,300,2,5
946,,,6,2,2,1,27,79,300,600,1,5
947,,,3,1,2,1,96,22,300,600,1,5
948,,,7,1,2,2,97,89,420,540,2,5
949,,,14,1,2,2,83,12,420,540,3,5
950,,,6,2,2,1,1,72,420,540,2,5
951,,,2,1,2,3,27,65,300,600,2,5
952,,,12,2,2,2,86,32,300,420,1,5
953,,,9,2,2,3,78,96,0,300,2,5
954,,,5,2,2,1,36,65,420,540,3,5
955,,,15,2,2,3,2,26,420,540,1,5
956,,,9,2,2,1,95,77,0,300,1,5
957,,,6,2,2,3,37,15,300,600,1,5
958,,,14,2,2,1,99,84,300,420,3,5
959,,,10,2,2,3,48,81,60,180,4,5
960,,,7,1,2,2,38,82,300,600,2,5
961,,,9,1,2,3,93,56,420,540,1,5
962,,,12,2,2,2,90,52,60,180,1,5
963,,,4,1,2,3,97,15,300,600,3,5
964,,,12,1,2,3,47,94,420,540,3,5
965,,,6,2,2,3,73,24,420,540,3,5
966,,,8,2,2,1,45,45,180,300,1,5
967,,,10,2,2,2,38,57,180,300,4,5
968,,,3,1,2,3,26,20,420,540,3,5
969,,,14,1,2,1,80,89,420,540,2,5
970,,,7,2,2,1,62,91,420,540,1,5
971,,,2,1,2,1,7,86,420,540,1,5
972,,,4,2,2,2,17,41,180,300,2,5
973,,,8,1,2,3,61,54,300,600,3,5
974,,,15,1,2,2,52,23,300,600,4,5
975,,,6,1,2,1,81,80,420,540,1,5
976,,,1,1,2,2,7,76,420,540,1,5
977,,,15,2,2,1,1,28,60,180,1,5
978,,,12,1,2,3,36,80,420,540,2,5
979,,,3,1,2,3,3,45,300,600,4,5
980,,,11,2,2,2,26,36,420,540,3,5
981,,,11,1,2,1,41,68,300,600,3,5
982,,,4,1,2,1,100,60,420,540,3,5
983,,,14,1,2,3,79,88,300,600,1,5
984,,,2,2,2,2,59,49,60,180,1,5
985,,,8,1,2,2,37,46,300,600,1,5
986,,,3,2,2,3,97,26,60,180,4,5
987,,,12,1,2,3,73,83,420,540,4,5
988,,,5,1,2,3,60,99,420,540,2,5
989,,,3,1,2,1,85,7,420,540,1,5
990,,,13,1,2,3,10,50,420,540,2,5
991,,,12,1,2,3,4,7,420,540,3,5
992,,,10,2,2,1,98,23,180,300,2,5
993,,,14,1,2,3,18,47,420,540,4,5
994,,,3,1,2,3,93,26,300,600,3,5
995,,,13,1,2,3,95,9,300,600,4,5
996,,,15,2,2,2,15,59,420,540,4,5
997,,,14,2,2,3,67,26,420,540,2,5
998,,,12,1,2,1,60,55,420,540,2,5
999,,,10,2,2,2,75,74,60,180,4,5
1000,,,14,1,2,1,28,20,420,540,4,5
1001,,,12,2,2,1,98,43,420,540,4,5
1002,,,3,1,2,1,89,4,420,540,1,5
1003,,,13,1,2,2,34,93,300,600,3,5
1004,,,15,1,2,1,60,99,420,540,1,5
1005,,,3,1,2,1,70,84,420,540,1,5
1006,,,14,2,2,3,80,74,0,300,2,5
1007,,,11,1,2,3,33,97,300,600,1,5
1008,,,14,2,2,1,42,24,60,180,3,5
1009,,,12,2,2,2,65,95,300,600,2,5
1010,,,6,2,2,3,49,14,420,540,4,5
1011,,,8,1,2,2,89,2,300,600,3,5
1012,,,2,2,2,1,79,28,60,180,2,5
1013,,,11,1,2,1,16,89,300,600,2,5
1014,,,15,2,2,3,55,66,60,180,4,5
1015,,,9,1,2,1,6,30,300,600,3,5
1016,,,9,2,2,1,13,38,180,300,3,5
1017,,,14,2,2,1,77,91,0,300,1,5
1018,,,5,1,2,1,50,38,420,540,3,5
1019,,,14,1,2,2,13,41,300,600,2,5
1020,,,4,1,2,3,62,24,300,600,3,5
1021,,,6,2,2,1,28,38,300,420,1,5
1022,,,15,1,2,3,56,66,420,540,4,5
1023,,,5,2,2,3,28,66,300,420,3,5
1024,,,5,2,2,1,39,98,0,300,3,5
1025,,,9,2,2,1,43,60,0,300,2,5
1026,,,4,2,2,3,91,43,60,180,2,5
1027,,,14,1,2,1,2,57,300,600,3,5
1028,,,15,2,2,3,90,0,300,600,3,5
1029,,,14,2,2,1,1,35,420,540,4,5
1030,,,12,2,2,3,81,10,420,540,2,5
1031,,,15,1,2,3,88,94,300,600,3,5
1032,,,12,2,2,1,88,87,180,300,1,5
1033,,,4,2,2,2,5,79,180,300,1,5
1034,,,7,2,2,1,77,81,60,180,3,5
1035,,,7,1,2,3,82,83,300,600,2,5
1036,,,6,2,2,2,17,29,300,420,4,5
1037,,,15,2,2,3,65,95,60,180,4,5
1038,,,2,2,2,1,55,72,420,540,1,5
1039,,,3,2,2,1,71,10,60,180,4,5
1040,,,14,2,2,2,86,80,180,300,2,5
1041,,,6,1,2,1,52,11,300,600,1,5
1042,,,15,2,2,1,91,48,60,180,4,5
1043,,,4,1,2,1,98,31,420,540,2,5
1044,,,12,1,2,2,68,82,420,540,4,5
1045,,,4,2,2,1,0,59,180,300,4,5
1046,,,6,2,2,3,11,66,420,540,2,5
1047,,,9,1,2,2,59,74,300,600,2,5
1048,,,2,1,2,3,30,91,420,540,4,5
1049,,,15,2,2,1,63,27,0,300,4,5
1050,,,3,2,2,1,34,89,300,420,4,5
1051,,,13,2,2,2,65,97,420,540,3,5
1052,,,14,1,2,1,99,58,300,600,3,5
1053,,,14,2,2,2,46,49,180,300,4,5
1054,,,9,2,2,1,72,99,420,540,4,5
1055,,,16,1,2,3,99,73,300,600,1,5
1056,,,10,1,2,3,69,44,420,540,2,5
1057,,,2,2,2,1,3,52,60,180,4,5
1058,,,2,1,2,1,94,30,420,540,2,5
1059,,,15,1,2,2,31,8,420,540,4,5
1060,,,15,2,2,2,63,76,420,540,2,5
1061,,,11,1,2,3,11,98,420,540,1,5
1062,,,10,2,2,3,57,49,180,300,2,5
1063,,,8,2,2,3,98,98,180,300,1,5
1064,,,10,2,2,2,43,70,300,420,3,5
1065,,,7,2,2,2,14,56,180,300,2,5
1066,,,7,1,2,1,28,33,420,540,2,5
1067,,,15,2,2,1,2,73,60,180,3,5
1068,,,12,1,2,1,84,54,420,540,3,5
1069,,,10,2,2,2,31,45,420,540,4,5
1070,,,8,1,2,2,23,86,300,600,3,5
1071,,,12,2,2,3,67,49,60,180,2,5
1072,,,3,2,2,1,33,6,180,300,3,5
1073,,,10,1,2,2,99,84,300,600,3,5
1074,,,11,1,2,1,81,1,300,600,2,5
1075,,,8,1,2,2,67,80,420,540,3,5
1076,,,10,2,2,1,75,54,0,300,1,5
1077,,,4,2,2,3,17,4,60,180,1,5
1078,,,13,1,2,3,16,73,420,540,1,5
1079,,,3,2,2,2,81,75,0,300,2,5
1080,,,8,1,2,3,47,0,300,600,3,5
1081,,,11,2,2,2,85,78,180,300,2,5
1082,,,8,2,2,1,56,8,60,180,3,5
1083,,,10,1,2,1,59,12,420,540,2,5
1084,,,9,2,2,1,46,36,300,420,3,5
1085,,,5,1,2,1,80,71,300,600,4,5
1086,,,10,2,2,3,27,14,60,180,2,5
1087,,,6,1,2,1,75,66,300,600,2,5
1088,,,9,1,2,2,3,19,300,600,1,5
1089,,,13,2,2,1,53,59,60,180,2,5
1090,,,1,1,2,3,98,99,420,540,2,5
1091,,,15,1,2,2,78,89,420,540,3,5
1092,,,15,1,2,2,95,5,420,540,1,5
1093,,,4,1,2,2,98,50,300,600,2,5
1094,,,9,1,2,3,78,38,300,600,3,5
1095,,,12,1,2,2,48,89,300,600,3,5
1096,,,8,2,2,2,35,84,0,300,2,5
1097,,,6,2,2,1,9,12,180,300,4,5
1098,,,3,2,2,1,65,37,300,420,1,5
1099,,,14,1,2,3,74,30,300,600,3,5
1100,,,16,2,2,2,12,33,180,300,4,5
1101,,,9,2,2,3,97,3,300,420,2,5
1102,,,12,2,2,2,92,66,180,300,2,5
1103,,,10,2,2,2,1,67,300,600,3,5
1104,,,13,2,2,1,48,41,180,300,3,5
1105,,,3,2,2,2,81,57,180,300,4,5
1106,,,3,1,2,1,15,29,300,600,1,5
1107,,,12,1,2,3,22,14,420,540,3,5
1108,,,12,1,2,1,82,66,300,600,3,5
1109,,,14,2,2,3,59,87,60,180,2,5
1110,,,6,2,2,3,95,9,180,300,4,5
1111,,,6,1,2,2,45,52,300,600,4,5
1112,,,11,2,2,3,90,52,0,300,1,5
1113,,,8,2,2,2,44,56,180,300,1,5
1114,,,6,1,2,1,10,34,420,540,4,5
1115,,,3,1,2,2,92,84,420,540,3,5
1116,,,7,1,2,1,26,96,300,600,4,5
1117,,,10,2,2,3,73,91,60,180,4,5
1118,,,12,2,2,3,56,20,0,300,4,5
1119,,,5,2,2,1,80,68,300,420,4,5
1120,,,12,2,2,2,65,48,60,180,1,5
1121,,,13,2,2,2,7,10,300,600,4,5
1122,,,12,2,2,3,38,56,0,300,1,5
1123,,,7,2,2,3,78,81,180,300,1,5
1124,,,6,2,2,1,0,90,60,180,1,5
1125,,,12,1,2,2,33,92,300,600,1,5
1126,,,5,1,2,1,72,39,420,540,1,5
1127,,,11,2,2,3,40,72,180,300,2,5
1128,,,4,1,2,3,17,24,300,600,2,5
1129,,,8,2,2,3,56,31,0,300,4,5
1130,,,3,1,2,3,50,21,420,540,4,5
1131,,,14,1,2,1,35,43,300,600,1,5
1132,,,9,2,2,3,73,71,0,300,4,5
1133,,,2,1,2,3,82,40,420,540,1,5
1134,,,2,2,2,3,74,51,420,540,1,5
1135,,,3,2,2,3,59,84,60,180,3,5
1136,,,6,2,2,1,12,71,300,420,3,5
1137,,,5,1,2,2,32,13,300,600,2,5
1138,,,9,1,2,1,2,15,300,600,1,5
1139,,,10,2,2,3,38,42,0,300,3,5
1140,,,4,1,2,1,91,9,300,600,1,5
1141,,,10,2,2,3,86,69,300,420,1,5
1142,,,9,1,2,1,75,65,300,600,2,5
1143,,,9,2,2,3,54,40,180,300,3,5
1144,,,8,2,2,3,34,88,420,540,3,5
1145,,,12,2,2,3,63,71,0,300,4,5
1146,,,6,1,2,1,87,86,300,600,4,5
1147,,,10,1,2,2,30,42,420,540,1,5
1148,,,3,1,2,1,26,71,420,540,3,5
1149,,,10,1,2,2,17,65,420,540,1,5
1150,,,4,2,2,3,95,34,300,420,2,5
1151,,,6,2,2,3,18,14,420,540,3,5
1152,,,7,1,2,3,49,38,300,600,4,5
1153,,,15,1,2,1,66,99,420,540,2,5
1154,,,15,1,2,2,62,52,300,600,2,5
1155,,,14,2,2,2,7,28,420,540,3,5
1156,,,11,2,2,2,54,73,180,300,3,5
1157,,,14,1,2,1,98,47,300,600,4,5
1158,,,15,2,2,2,10,21,0,300,3,5
1159,,,10,1,2,2,50,1,420,540,3,5
1160,,,11,2,2,1,72,61,420,540,4,5
1161,,,3,2,2,3,60,66,420,540,2,5
1162,,,12,1,2,2,35,34,420,540,4,5
1163,,,13,1,2,1,20,38,300,600,4,5
1164,,,3,2,2,2,71,75,180,300,2,5
1165,,,4,2,2,1,19,64,300,600,2,5
1166,,,12,2,2,2,68,59,420,540,2,5
1167,,,10,2,2,1,7,37,180,300,3,5
1168,,,5,1,2,1,86,55,300,600,2,5
1169,,,6,1,2,2,100,28,300,600,2,5
1170,,,8,1,2,3,20,6,300,600,2,5
1171,,,2,2,2,3,18,40,0,300,3,5
1172,,,3,1,2,1,16,98,300,600,2,5
1173,,,15,2,2,2,7,27,0,300,2,5
1174,,,4,1,2,1,97,61,420,540,3,5
1175,,,8,1,2,1,88,38,300,600,3,5
1176,,,10,2,2,2,17,53,0,300,4,5
1177,,,13,2,2,2,33,100,60,180,4,5
1178,,,11,1,2,2,65,58,420,540,1,5
1179,,,11,1,2,3,6,36,300,600,2,5
1180,,,9,1,2,3,72,13,420,540,3,5
1181,,,14,1,2,1,17,66,300,600,1,5
1182,,,8,2,2,1,23,40,300,420,1,5
1183,,,9,2,2,2,54,46,300,420,1,5
1184,,,10,2,2,1,51,33,60,180,4,5
1185,,,11,2,2,1,4,30,60,180,2,5
1186,,,8,2,2,2,37,94,420,540,1,5
1187,,,14,2,2,2,53,3,60,180,4,5
1188,,,13,1,2,1,29,72,420,540,4,5
1189,,,9,2,2,1,80,9,420,540,1,5
1190,,,14,2,2,2,30,1,60,180,1,5
1191,,,3,1,2,3,24,88,420,540,4,5
1192,,,6,2,2,2,56,47,180,300,1,5
1193,,,11,1,2,1,82,32,420,540,4,5
1194,,,12,2,2,3,84,30,180,300,3,5
1195,,,12,1,2,3,8,40,300,600,3,5
1196,,,10,1,2,3,51,11,420,540,3,5
1197,,,17,2,2,2,49,36,180,300,1,5
1198,,,12,2,2,1,38,16,180,300,2,5
1199,,,6,1,2,2,78,2,300,600,2,5
1200,,,14,1,2,1,99,30,420,540,3,5
1201,,,13,2,2,3,25,68,420,540,2,5
1202,,,13,1,2,2,43,15,300,600,4,5
1203,,,14,2,2,3,79,91,60,180,4,5
1204,,,15,2,2,1,90,25,300,420,4,5
1205,,,15,1,2,3,21,89,420,540,4,5
1206,,,3,2,2,1,99,13,60,180,3,5
1207,,,10,2,2,3,83,89,300,600,3,5
1208,,,14,2,2,3,47,42,180,300,4,5
1209,,,10,2,2,3,14,67,420,540,2,5
1210,,,13,1,2,1,2,38,300,600,4,5
1211,,,4,1,2,2,33,31,420,540,4,5
1212,,,12,1,2,3,70,37,300,600,2,5
1213,,,4,1,2,3,64,54,300,600,3,5
1214,,,12,2,2,3,89,5,300,420,2,5
1215,,,4,2,2,2,54,80,300,600,3,5
1216,,,13,1,2,1,27,79,300,600,1,5
1217,,,2,2,2,1,17,84,300,420,2,5
1218,,,11,2,2,1,24,16,180,300,1,5
1219,,,15,1,2,1,61,87,300,600,4,5
1220,,,14,2,2,1,3,34,60,180,3,5
1221,,,5,2,2,3,77,50,60,180,4,5
1222,,,5,1,2,1,74,53,300,600,3,5
1223,,,11,2,2,2,29,16,60,180,1,5
1224,,,15,2,2,2,53,70,420,540,3,5
1225,,,7,2,2,1,13,79,60,180,1,5
1226,,,6,1,2,2,31,96,300,600,4,5
1227,,,13,1,2,2,75,50,300,600,3,5
1228,,,6,1,2,2,60,54,300,600,1,5
1229,,,7,1,2,2,49,47,300,600,1,5
1230,,,5,2,2,2,80,8,420,540,3,5
1231,,,5,1,2,3,49,82,420,540,3,5
1232,,,12,1,2,2,28,75,300,600,1,5
1233,,,11,2,2,3,36,71,60,180,3,5
1234,,,8,2,2,2,97,24,0,300,3,5
1235,,,9,2,2,3,32,14,60,180,4,5
1236,,,3,2,2,1,99,2,180,300,2,5
1237,,,14,2,2,3,34,94,60,180,3,5
1238,,,16,1,2,3,50,45,300,600,3,5
1239,,,8,2,2,2,38,71,180,300,1,5
1240,,,10,2,2,2,36,60,300,420,1,5
1241,,,13,2,2,2,64,41,60,180,3,5
1242,,,10,1,2,3,65,21,300,600,3,5
1243,,,11,1,2,1,80,18,300,600,1,5
1244,,,8,2,2,1,87,10,420,540,4,5
1245,,,15,2,2,3,87,75,180,300,4,5
1246,,,13,2,2,1,52,28,0,300,4,5
1247,,,7,1,2,2,84,97,420,540,2,5
1248,,,2,1,2,3,54,76,420,540,2,5
1249,,,12,2,2,3,67,37,420,540,2,5
1250,,,7,2,2,3,42,86,60,180,3,5
1251,,,7,1,2,2,34,20,420,540,4,5
1252,,,11,2,2,1,67,86,300,420,3,5
1253,,,15,2,2,3,59,50,60,180,1,5
1254,,,3,2,2,2,66,95,60,180,1,5
1255,,,13,1,2,3,81,18,420,540,1,5
1256,,,7,2,2,1,55,26,60,180,1,5
1257,,,15,2,2,3,23,37,300,600,4,5
1258,,,9,1,2,1,61,78,300,600,1,5
1259,,,4,2,2,2,77,83,300,420,1,5
1260,,,2,2,2,3,90,19,420,540,3,5
1261,,,5,2,2,3,27,55,420,540,1,5
1262,,,14,1,2,1,15,77,300,600,4,5
1263,,,14,2,2,2,47,45,0,300,4,5
1264,,,6,1,2,3,64,43,300,600,1,5
1265,,,7,1,2,1,65,52,300,600,2,5
1266,,,2,1,2,2,49,79,420,540,3,5
1267,,,8,1,2,3,9,85,420,540,2,5
1268,,,8,2,2,1,18,35,180,300,1,5
1269,,,5,2,2,3,28,83,300,600,1,5
1270,,,3,1,2,3,93,28,300,600,2,5
1271,,,11,1,2,1,80,94,300,600,3,5
1272,,,2,2,2,2,44,70,0,300,4,5
1273,,,10,2,2,3,55,17,300,600,4,5
1274,,,9,1,2,3,35,68,420,540,3,5
1275,,,11,1,2,1,54,16,420,540,2,5
1276,,,9,2,2,2,17,43,60,180,4,5
1277,,,8,2,2,3,19,23,420,540,3,5
1278,,,9,2,2,1,60,48,180,300,1,5
1279,,,3,1,2,2,28,39,300,600,4,5
1280,,,1,1,2,3,73,53,300,600,3,5
1281,,,4,2,2,2,89,94,300,420,4,5
1282,,,7,2,2,1,52,85,60,180,4,5
1283,,,13,1,2,1,34,72,300,600,4,5
1284,,,8,2,2,2,51,48,0,300,1,5
1285,,,12,1,2,1,50,6,420,540,3,5
1286,,,6,2,2,2,80,59,300,600,2,5
1287,,,10,2,2,3,23,15,60,180,2,5
1288,,,8,1,2,2,36,5,420,540,3,5
1289,,,8,2,2,3,78,5,180,300,3,5
1290,,,7,1,2,1,61,78,420,540,2,5
1291,,,4,2,2,3,29,10,180,300,2,5
1292,,,13,1,2,2,92,4,420,540,4,5
1293,,,11,2,2,3,88,10,0,300,1,5
1294,,,5,1,2,2,93,55,420,540,3,5
1295,,,11,1,2,1,32,43,420,540,2,5
1296,,,6,1,2,3,13,29,420,540,3,5
1297,,,11,2,2,1,79,71,60,180,3,5
1298,,,14,2,2,2,81,2,180,300,4,5
1299,,,7,2,2,3,35,8,300,600,1,5
1300,,,1,1,2,3,85,16,420,540,2,5
1301,,,12,2,2,2,45,38,300,600,1,5
1302,,,11,2,2,2,8,91,300,600,2,5
1303,,,12,2,2,2,89,97,0,300,3,5
1304,,,14,2,2,2,86,81,420,540,1,5
1305,,,3,2,2,1,26,79,0,300,4,5
1306,,,14,2,2,3,2,75,180,300,3,5
1307,,,3,1,2,3,68,61,300,600,3,5
1308,,,4,1,2,1,56,37,300,600,2,5
1309,,,8,1,2,3,85,93,420,540,4,5
1310,,,7,1,2,1,42,10,300,600,4,5
1311,,,4,2,2,1,21,77,420,540,4,5
1312,,,9,1,2,2,82,61,420,540,4,5
1313,,,13,1,2,3,65,70,420,540,2,5
1314,,,13,2,2,2,30,48,0,300,2,5
1315,,,7,2,2,3,37,22,420,540,2,5
1316,,,7,1,2,1,48,21,300,600,4,5
1317,,,4,2,2,2,67,35,180,300,4,5
1318,,,11,2,2,3,41,77,300,600,1,5
1319,,,7,1,2,1,31,70,300,600,4,5
1320,,,3,2,2,2,4,86,300,420,1,5
1321,,,14,1,2,1,70,20,420,540,3,5
1322,,,11,2,2,2,32,89,300,420,2,5
1323,,,15,1,2,1,38,34,300,600,4,5
1324,,,12,1,2,1,63,11,420,540,1,5
1325,,,1,1,2,1,100,13,420,540,2,5
1326,,,6,2,2,2,38,24,60,180,3,5
1327,,,2,1,2,2,84,10,420,540,4,5
1328,,,6,1,2,3,47,67,300,600,1,5
1329,,,13,1,2,2,18,94,300,600,4,5
1330,,,2,2,2,2,64,17,60,180,3,5
1331,,,7,2,2,3,43,12,0,300,4,5
1332,,,14,2,2,1,63,41,420,540,1,5
1333,,,10,2,2,2,46,78,180,300,4,5
1334,,,14,2,2,3,7,6,300,600,2,5
1335,,,14,2,2,2,81,60,300,420,3,5
1336,,,9,2,2,2,44,51,420,540,2,5
1337,,,7,2,2,3,96,28,180,300,3,5
1338,,,11,2,2,2,62,99,180,300,3,5
1339,,,15,2,2,1,82,53,0,300,3,5
1340,,,12,1,2,1,8,33,420,540,4,5
1341,,,11,1,2,2,36,90,420,540,3,5
1342,,,6,2,2,1,100,98,0,300,2,5
1343,,,5,2,2,2,82,39,300,420,4,5
1344,,,7,2,2,3,14,57,300,420,4,5
1345,,,9,1,2,2,2,6,420,540,1,5
1346,,,10,2,2,3,54,45,0,300,3,5
1347,,,9,2,2,2,91,82,420,540,1,5
1348,,,1,1,2,2,4,77,300,600,2,5
1349,,,3,1,2,3,26,91,300,600,1,5
1350,,,6,2,2,1,33,59,180,300,3,5
1351,,,9,1,2,2,36,13,300,600,3,5
1352,,,3,1,2,1,20,22,300,600,3,5
1353,,,4,2,2,3,81,19,60,180,2,5
1354,,,11,2,2,2,8,21,300,600,3,5
1355,,,9,2,2,2,0,94,0,300,4,5
1356,,,10,2,2,2,71,66,420,540,2,5
1357,,,10,2,2,2,40,18,0,300,4,5
1358,,,3,1,2,2,98,44,300,600,3,5
1359,,,14,1,2,1,5,45,300,600,4,5
1360,,,10,2,2,2,44,47,60,180,2,5
1361,,,16,1,2,2,86,34,420,540,4,5
1362,,,7,1,2,1,74,61,420,540,4,5
1363,,,5,1,2,1,23,30,420,540,3,5
1364,,,9,2,2,2,76,78,180,300,3,5
1365,,,9,1,2,1,13,6,420,540,1,5
1366,,,5,2,2,3,72,74,0,300,2,5
1367,,,3,1,2,1,9,3,300,600,4,5
1368,,,6,2,2,1,72,40,180,300,4,5
1369,,,7,2,2,2,1,90,0,300,4,5
1370,,,12,2,2,1,99,16,60,180,4,5
1371,,,6,2,2,2,59,63,60,180,4,5
1372,,,8,2,2,3,45,68,300,600,4,5
1373,,,12,1,2,1,48,59,300,600,4,5
1374,,,5,1,2,2,20,23,300,600,3,5
1375,,,14,1,2,3,91,79,420,540,1,5
1376,,,7,2,2,2,11,80,60,180,1,5
1377,,,9,2,2,1,55,40,0,300,4,5
1378,,,4,2,2,3,53,73,0,300,3,5
1379,,,6,2,2,2,78,33,60,180,1,5
1380,,,2,2,2,3,11,16,180,300,3,5
1381,,,6,2,2,1,80,16,180,300,1,5
1382,,,6,1,2,2,14,93,420,540,3,5
1383,,,13,1,2,2,0,72,420,540,4,5
1384,,,14,1,2,2,41,47,300,600,3,5
1385,,,2,1,2,2,88,82,420,540,1,5
1386,,,6,1,2,1,100,22,420,540,2,5
1387,,,5,1,2,2,27,9,300,600,1,5
1388,,,11,1,2,2,54,25,300,600,4,5
1389,,,7,1,2,3,9,36,300,600,1,5
1390,,,4,1,2,2,7,80,300,600,4,5
1391,,,8,2,2,1,53,33,300,420,1,5
1392,,,10,2,2,3,87,90,300,600,1,5
1393,,,10,1,2,2,69,76,300,600,3,5
1394,,,11,1,2,1,37,79,300,600,4,5
1395,,,3,1,2,3,32,38,300,600,1,5
1396,,,8,2,2,2,40,9,300,420,2,5
1397,,,8,2,2,3,73,80,0,300,1,5
1398,,,12,1,2,2,94,53,420,540,2,5
1399,,,9,2,2,1,67,18,300,420,1,5
1400,,,15,2,2,1,62,50,60,180,3,5
1401,,,5,2,2,3,57,95,420,540,3,5
1402,,,14,1,2,1,1,53,420,540,4,5
1403,,,11,1,2,3,11,55,300,600,2,5
1404,,,12,1,2,2,4,95,300,600,2,5
1405,,,10,1,2,3,70,31,300,600,4,5
1406,,,11,1,2,3,3,33,300,600,3,5
1407,,,12,1,2,1,38,21,300,600,4,5
1408,,,3,1,2,3,40,64,420,540,2,5
1409,,,10,2,2,3,21,89,300,600,3,5
1410,,,11,2,2,1,52,54,420,540,4,5
1411,,,12,1,2,2,74,84,420,540,3,5
1412,,,1,1,2,3,96,18,300,600,2,5
1413,,,3,1,2,1,77,99,300,600,3,5
1414,,,5,2,2,3,94,15,300,420,3,5
1415,,,3,2,2,1,5,1,180,300,3,5
1416,,,3,1,2,2,60,0,300,600,4,5
1417,,,10,1,2,2,86,82,420,540,1,5
1418,,,15,1,2,2,65,54,420,540,1,5
1419,,,16,1,2,3,23,15,300,600,1,5
1420,,,11,2,2,3,35,55,180,300,1,5
1421,,,12,1,2,1,5,17,420,540,2,5
1422,,,9,1,2,3,55,65,420,540,3,5
1423,,,11,2,2,2,50,79,300,420,2,5
1424,,,15,2,2,3,96,67,180,300,1,5
1425,,,2,1,2,3,29,42,420,540,2,5
1426,,,11,2,2,1,91,24,420,540,1,5
1427,,,5,2,2,1,93,60,420,540,3,5
1428,,,6,2,2,3,10,49,300,600,4,5
1429,,,12,1,2,1,37,95,300,600,4,5
1430,,,9,1,2,3,38,57,420,540,1,5
1431,,,9,1,2,1,3,49,300,600,2,5
1432,,,9,1,2,3,41,57,300,600,2,5
1433,,,2,2,2,2,72,71,420,540,3,5
1434,,,5,1,2,2,64,52,300,600,2,5
1435,,,4,1,2,2,80,63,300,600,1,5
1436,,,13,2,2,1,82,9,60,180,1,5
1437,,,9,1,2,2,20,80,300,600,3,5
1438,,,16,2,2,3,62,96,420,540,4,5
1439,,,14,1,2,3,75,77,420,540,4,5
1440,,,5,1,2,3,53,87,420,540,3,5
1441,,,6,2,2,2,13,34,0,300,1,5
1442,,,15,1,2,3,83,40,300,600,3,5
1443,,,16,2,2,3,100,95,420,540,1,5
1444,,,11,2,2,2,58,31,0,300,4,5
1445,,,11,1,2,1,97,97,420,540,4,5
1446,,,5,2,2,2,4,9,420,540,3,5
1447,,,7,1,2,1,24,86,420,540,2,5
1448,,,15,1,2,2,1,44,300,600,4,5
1449,,,7,1,2,1,28,84,300,600,3,5
1450,,,14,1,2,3,74,11,300,600,3,5
1451,,,1,1,2,3,64,8,420,540,4,5
1452,,,12,2,2,2,61,15,60,180,1,5
1453,,,12,2,2,2,49,96,0,300,2,5
1454,,,2,2,2,2,80,33,0,300,3,5
1455,,,3,1,2,1,72,39,420,540,4,5
1456,,,15,2,2,2,70,15,420,540,2,5
1457,,,5,2,2,2,23,86,60,180,1,5
1458,,,12,2,2,2,48,79,180,300,1,5
1459,,,3,2,2,2,37,27,180,300,3,5
1460,,,5,1,2,1,91,67,420,540,2,5
1461,,,11,2,2,2,60,21,0,300,3,5
1462,,,11,2,2,2,54,4,180,300,2,5
1463,,,9,1,2,2,25,13,300,600,3,5
1464,,,9,1,2,2,98,59,300,600,4,5
1465,,,9,1,2,3,94,57,420,540,2,5
1466,,,9,2,2,1,83,29,300,600,3,5
1467,,,10,1,2,1,50,97,420,540,3,5
1468,,,11,1,2,1,83,86,300,600,4,5
1469,,,8,1,2,3,36,4,300,600,3,5
1470,,,10,1,2,1,87,82,420,540,3,5
1471,,,2,2,2,1,47,94,300,600,4,5
1472,,,10,1,2,1,78,48,420,540,1,5
1473,,,5,2,2,1,51,79,0,300,1,5
1474,,,9,2,2,3,29,59,420,540,3,5
1475,,,11,2,2,1,34,48,180,300,2,5
1476,,,3,1,2,2,71,15,300,600,1,5
1477,,,4,2,2,1,8,8,0,300,3,5
1478,,,12,1,2,1,30,46,420,540,1,5
1479,,,8,2,2,2,70,36,0,300,3,5
1480,,,5,2,2,2,41,73,180,300,3,5
1481,,,16,1,2,2,66,89,300,600,2,5
1482,,,6,2,2,2,86,44,60,180,2,5
1483,,,15,2,2,1,56,74,180,300,1,5
1484,,,4,1,2,1,5,17,420,540,2,5
1485,,,3,2,2,1,40,15,180,300,3,5
1486,,,4,2,2,2,24,72,60,180,4,5
1487,,,8,2,2,1,92,30,300,600,4,5
1488,,,9,1,2,2,15,60,420,540,2,5
1489,,,7,2,2,3,2,25,0,300,2,5
1490,,,17,2,2,1,56,45,0,300,4,5
1491,,,3,1,2,2,61,74,420,540,1,5
1492,,,13,1,2,1,58,54,300,600,1,5
1493,,,8,2,2,2,51,63,420,540,2,5
1494,,,9,1,2,3,52,54,420,540,3,5
1495,,,8,1,2,1,76,57,420,540,2,5
1496,,,11,2,2,1,0,57,420,540,4,5
1497,,,9,2,2,3,9,66,300,600,4,5
1498,,,2,2,2,3,89,97,420,540,1,5
1499,,,15,1,2,2,95,39,300,600,2,5
1500,,,8,1,2,3,20,83,300,600,3,5
1501,,,8,1,2,2,67,79,420,540,4,5
1502,,,6,2,2,2,100,34,180,300,4,5
1503,,,4,1,2,2,63,23,420,540,1,5
1504,,,4,1,2,1,16,43,300,600,2,5
1505,,,9,1,2,3,94,52,300,600,1,5
1506,,,11,1,2,3,44,13,300,600,2,5
1507,,,11,2,2,2,93,44,60,180,3,5
1508,,,14,1,2,3,31,19,420,540,4,5
1509,,,8,1,2,1,60,63,420,540,4,5
1510,,,11,2,2,1,23,2,0,300,4,5
1511,,,1,1,2,3,60,74,300,600,4,5
1512,,,4,2,2,3,30,16,300,600,1,5
1513,,,7,1,2,3,66,37,420,540,3,5
1514,,,15,2,2,3,86,86,60,180,4,5
1515,,,1,1,2,2,77,30,420,540,1,5
1516,,,6,2,2,2,14,29,0,300,3,5
1517,,,4,2,2,1,14,2,60,180,3,5
1518,,,12,1,2,1,69,58,420,540,3,5
1519,,,5,1,2,3,87,14,420,540,1,5
1520,,,6,2,2,3,36,29,180,300,4,5
1521,,,3,2,2,3,51,36,420,540,1,5
1522,,,13,1,2,3,42,0,420,540,4,5
1523,,,8,2,2,2,51,52,60,180,4,5
1524,,,2,2,2,2,17,21,420,540,3,5
1525,,,10,2,2,1,82,92,60,180,4,5
1526,,,3,1,2,1,42,25,420,540,4,5
1527,,,8,1,2,3,41,11,420,540,1,5
1528,,,8,2,2,2,38,51,60,180,4,5
1529,,,2,1,2,3,1,64,300,600,2,5
1530,,,15,1,2,2,88,79,300,600,1,5
1531,,,6,1,2,1,45,98,420,540,2,5
1532,,,9,1,2,1,94,7,420,540,3,5
1533,,,9,1,2,1,70,3,420,540,2,5
1534,,,16,1,2,3,68,26,420,540,3,5
1535,,,10,2,2,2,19,99,300,420,3,5
1536,,,5,1,2,1,19,27,420,540,4,5
1537,,,8,1,2,3,42,5,300,600,3,5
1538,,,11,2,2,2,46,89,300,420,1,5
1539,,,12,2,2,3,83,16,60,180,1,5
1540,,,12,1,2,3,21,83,300,600,1,5
1541,,,8,1,2,2,100,41,300,600,1,5
1542,,,7,1,2,2,86,71,420,540,3,5
1543,,,15,1,2,2,17,97,420,540,1,5
1544,,,1,1,2,3,30,42,300,600,3,5
1545,,,9,2,2,1,36,49,420,540,2,5
1546,,,14,1,2,1,43,17,300,600,3,5
1547,,,11,1,2,2,63,54,300,600,3,5
1548,,,6,1,2,3,71,8,300,600,1,5
1549,,,11,1,2,3,23,56,420,540,2,5
1550,,,14,2,2,2,14,60,300,600,4,5
1551,,,3,1,2,1,8,85,300,600,4,5
1552,,,5,1,2,2,42,84,420,540,3,5
1553,,,8,1,2,1,48,50,300,600,3,5
1554,,,5,2,2,3,50,88,0,300,2,5
1555,,,9,1,2,1,54,21,420,540,3,5
1556,,,14,1,2,1,46,55,420,540,4,5
1557,,,14,1,2,3,7,21,420,540,4,5
1558,,,9,2,2,3,51,44,420,540,4,5
1559,,,10,2,2,1,77,81,0,300,3,5
1560,,,12,1,2,3,76,72,300,600,1,5
1561,,,14,1,2,2,43,93,420,540,4,5
1562,,,13,2,2,1,12,44,0,300,1,5
1563,,,11,2,2,2,92,75,60,180,3,5
1564,,,14,2,2,2,51,41,300,600,4,5
1565,,,13,2,2,2,88,17,0,300,1,5
1566,,,4,2,2,3,77,3,60,180,2,5
1567,,,5,1,2,3,94,47,300,600,1,5
1568,,,13,2,2,2,92,35,60,180,2,5
1569,,,11,2,2,1,50,22,60,180,2,5
1570,,,12,2,2,3,51,79,420,540,1,5
1571,,,5,1,2,2,40,22,420,540,2,5
1572,,,14,2,2,3,43,45,60,180,2,5
1573,,,4,2,2,2,96,11,300,600,2,5
1574,,,2,2,2,1,71,16,300,600,2,5
1575,,,3,2,2,1,16,70,300,420,3,5
1576,,,3,1,2,1,47,24,300,600,2,5
1577,,,10,2,2,3,18,2,60,180,4,5
1578,,,7,2,2,2,27,68,420,540,1,5
1579,,,7,1,2,2,72,84,420,540,4,5
1580,,,8,2,2,2,4,28,60,180,4,5
1581,,,13,1,2,3,1,78,300,600,1,5
1582,,,8,1,2,3,62,11,300,600,2,5
1583,,,2,1,2,2,52,40,420,540,1,5
1584,,,5,1,2,2,85,95,420,540,1,5
1585,,,9,1,2,2,90,82,420,540,4,5
1586,,,3,2,2,3,70,34,60,180,1,5
1587,,,6,1,2,1,34,51,420,540,3,5
1588,,,9,1,2,2,88,69,420,540,4,5
1589,,,14,1,2,2,55,89,420,540,3,5
1590,,,6,2,2,2,12,73,420,540,2,5
1591,,,12,2,2,1,21,100,420,540,3,5
1592,,,10,1,2,1,79,44,420,540,2,5
1593,,,11,1,2,1,54,96,300,600,4,5
1594,,,11,2,2,1,46,13,60,180,1,5
1595,,,13,1,2,3,1,64,420,540,2,5
1596,,,13,2,2,1,12,39,60,180,4,5
1597,,,9,2,2,2,59,96,420,540,4,5
1598,,,11,2,2,1,100,16,180,300,1,5
1599,,,2,2,2,3,52,43,300,600,4,5
1600,,,7,2,2,1,2,83,300,420,1,5
1601,,,8,1,2,1,91,19,420,540,1,5
1602,,,11,2,2,1,43,73,300,600,2,5
1603,,,11,2,2,1,14,22,0,300,2,5
1604,,,3,1,2,1,76,49,420,540,3,5
1605,,,16,1,2,2,79,69,300,600,2,5
1606,,,3,1,2,2,85,48,420,540,1,5
1607,,,10,1,2,3,83,90,420,540,1,5
1608,,,15,1,2,3,49,31,300,600,1,5
1609,,,6,1,2,2,47,33,420,540,1,5
1610,,,5,1,2,2,12,95,300,600,1,5
1611,,,8,1,2,1,68,96,420,540,1,5
1612,,,2,1,2,1,59,32,300,600,4,5
1613,,,13,1,2,3,1,2,300,600,1,5
1614,,,9,2,2,1,6,52,0,300,3,5
1615,,,13,1,2,2,45,83,300,600,1,5
1616,,,2,1,2,3,52,80,420,540,2,5
1617,,,8,2,2,3,29,0,420,540,2,5
1618,,,7,2,2,3,69,73,300,600,2,5
1619,,,13,1,2,1,57,90,420,540,3,5
1620,,,6,1,2,2,23,15,420,540,2,5
1621,,,6,2,2,2,18,77,60,180,1,5
1622,,,9,1,2,1,12,33,420,540,1,5
1623,,,15,2,2,3,36,59,300,600,1,5
1624,,,8,2,2,1,93,37,0,300,4,5
1625,,,12,1,2,2,89,36,300,600,2,5
1626,,,10,2,2,1,51,62,300,600,3,5
1627,,,3,2,2,2,48,71,300,600,4,5
1628,,,12,1,2,2,69,81,300,600,1,5
1629,,,7,2,2,2,80,32,180,300,1,5
1630,,,14,2,2,2,97,50,0,300,1,5
1631,,,1,1,2,1,51,67,420,540,3,5
1632,,,4,2,2,2,3,50,420,540,2,5
1633,,,10,2,2,2,67,37,300,420,2,5
1634,,,3,2,2,2,7,8,300,420,2,5
1635,,,10,1,2,1,72,61,420,540,4,5
1636,,,3,2,2,3,71,62,180,300,2,5
1637,,,10,2,2,2,52,24,300,600,4,5
1638,,,2,1,2,3,32,17,300,600,3,5
1639,,,4,1,2,2,5,80,420,540,1,5
1640,,,13,1,2,1,94,99,300,600,4,5
1641,,,17,2,2,1,6,49,180,300,2,5
1642,,,7,1,2,3,22,53,420,540,4,5
1643,,,5,2,2,3,22,69,60,180,1,5
1644,,,11,1,2,1,27,92,300,600,1,5
1645,,,9,1,2,3,68,66,420,540,1,5
1646,,,6,2,2,1,2,59,0,300,3,5
1647,,,8,1,2,3,62,31,420,540,2,5
1648,,,8,2,2,1,4,3,0,300,2,5
1649,,,2,2,2,1,37,56,300,600,3,5
1650,,,5,2,2,3,70,67,300,420,1,5
1651,,,5,2,2,2,77,96,300,600,4,5
1652,,,8,1,2,3,72,82,420,540,1,5
1653,,,10,2,2,3,59,36,0,300,2,5
1654,,,12,2,2,3,45,35,180,300,2,5
1655,,,9,2,2,1,5,12,420,540,4,5
1656,,,5,1,2,1,46,70,300,600,4,5
1657,,,2,2,2,2,88,59,180,300,2,5
1658,,,3,2,2,2,71,16,60,180,3,5
1659,,,9,2,2,2,26,62,180,300,4,5
1660,,,7,1,2,3,10,14,300,600,1,5
1661,,,12,2,2,2,72,77,420,540,3,5
1662,,,3,1,2,1,65,63,420,540,3,5
1663,,,7,1,2,3,18,24,420,540,2,5
1664,,,4,2,2,1,45,25,420,540,4,5
1665,,,7,1,2,3,26,54,300,600,2,5
1666,,,10,2,2,2,53,0,60,180,1,5
1667,,,10,2,2,2,94,44,180,300,3,5
1668,,,9,1,2,3,53,45,300,600,3,5
1669,,,10,1,2,1,13,93,300,600,4,5
1670,,,9,2,2,2,94,32,0,300,4,5
1671,,,13,1,2,1,16,62,420,540,2,5
1672,,,5,2,2,2,43,94,0,300,3,5
1673,,,10,1,2,1,50,71,420,540,4,5
1674,,,10,2,2,1,37,18,300,420,4,5
1675,,,10,2,2,2,39,33,60,180,4,5
1676,,,7,2,2,3,8,68,420,540,4,5
1677,,,3,2,2,3,38,97,180,300,3,5
1678,,,10,2,2,1,71,45,420,540,4,5
1679,,,15,2,2,1,15,69,60,180,4,5
1680,,,9,1,2,2,15,86,420,540,2,5
1681,,,15,2,2,1,79,86,0,300,1,5
1682,,,4,2,2,1,0,8,0,300,3,5
1683,,,12,2,2,1,60,9,180,300,3,5
1684,,,13,2,2,1,83,33,300,420,4,5
1685,,,5,2,2,3,90,64,180,300,3,5
1686,,,3,2,2,2,34,45,300,600,4,5
1687,,,5,2,2,1,31,35,300,600,3,5
1688,,,10,1,2,2,73,72,300,600,4,5
1689,,,12,1,2,1,64,63,300,600,1,5
1690,,,13,1,2,1,56,91,300,600,1,5
1691,,,9,1,2,3,51,49,300,600,3,5
1692,,,7,1,2,1,7,3,420,540,2,5
1693,,,10,2,2,1,70,9,0,300,2,5
1694,,,9,2,2,2,49,11,60,180,2,5
1695,,,11,2,2,3,90,13,180,300,1,5
1696,,,6,1,2,3,15,99,300,600,1,5
1697,,,8,1,2,3,42,81,420,540,4,5
1698,,,14,1,2,1,34,1,420,540,1,5
1699,,,5,2,2,2,36,21,180,300,2,5
1700,,,9,2,2,1,2,65,180,300,2,5
1701,,,14,2,2,2,3,80,0,300,3,5
1702,,,4,2,2,2,72,66,180,300,4,5
1703,,,9,1,2,3,24,35,300,600,4,5
1704,,,9,2,2,2,77,85,300,600,4,5
1705,,,7,1,2,1,57,80,300,600,1,5
1706,,,2,2,2,3,68,81,180,300,2,5
1707,,,2,1,2,2,100,93,300,600,2,5
1708,,,15,2,2,2,58,57,300,600,3,5
1709,,,10,1,2,1,19,86,420,540,3,5
1710,,,11,1,2,3,15,97,420,540,2,5
1711,,,6,1,2,1,32,54,420,540,4,5
1712,,,10,1,2,1,50,81,420,540,1,5
1713,,,4,2,2,2,21,78,60,180,2,5
1714,,,12,2,2,1,5,22,60,180,3,5
1715,,,3,1,2,3,51,36,420,540,1,5
1716,,,3,1,2,3,97,63,420,540,2,5
1717,,,14,1,2,3,45,83,420,540,4,5
1718,,,10,2,2,3,85,47,180,300,4,5
1719,,,4,2,2,3,3,90,420,540,4,5
1720,,,15,2,2,2,0,19,420,540,3,5
1721,,,12,1,2,1,87,34,300,600,4,5
1722,,,9,2,2,1,75,85,420,540,2,5
1723,,,3,2,2,1,78,49,420,540,2,5
1724,,,5,1,2,2,96,45,300,600,2,5
1725,,,5,1,2,3,61,88,420,540,2,5
1726,,,11,2,2,2,75,63,60,180,3,5
1727,,,9,2,2,1,59,3,0,300,4,5
1728,,,3,2,2,1,27,72,300,600,4,5
1729,,,11,1,2,1,86,2,420,540,4,5
1730,,,4,2,2,1,30,70,0,300,2,5
1731,,,10,2,2,2,70,47,180,300,4,5
1732,,,3,1,2,3,38,46,300,600,3,5
1733,,,3,1,2,2,82,1,420,540,3,5
1734,,,4,1,2,1,93,54,420,540,2,5
1735,,,15,2,2,3,89,54,300,420,1,5
1736,,,6,2,2,2,69,22,0,300,1,5
1737,,,15,1,2,2,7,54,420,540,4,5
1738,,,5,2,2,3,71,2,0,300,3,5
1739,,,5,2,2,1,7,96,180,300,4,5
1740,,,11,2,2,1,23,34,60,180,2,5
1741,,,14,1,2,3,1,21,420,540,1,5
1742,,,12,1,2,1,40,40,420,540,4,5
1743,,,12,1,2,1,53,1,420,540,4,5
1744,,,6,2,2,3,55,1,180,300,1,5
1745,,,9,1,2,3,56,74,300,600,3,5
1746,,,17,2,2,2,91,46,300,600,4,5
1747,,,9,2,2,2,16,20,300,420,3,5
1748,,,8,1,2,1,41,76,420,540,2,5
1749,,,13,2,2,1,30,79,300,420,1,5
1750,,,11,2,2,2,0,50,420,540,1,5
1751,,,17,2,2,1,35,11,0,300,2,5
1752,,,2,2,2,1,93,33,420,540,1,5
1753,,,15,2,2,3,31,36,0,300,3,5
1754,,,6,1,2,1,94,26,420,540,4,5
1755,,,15,1,2,2,77,82,420,540,3,5
1756,,,10,2,2,1,52,51,180,300,3,5
1757,,,14,1,2,3,43,69,300,600,3,5
1758,,,12,2,2,1,74,5,60,180,4,5
1759,,,3,2,2,2,20,62,420,540,2,5
1760,,,12,1,2,2,9,83,420,540,3,5
1761,,,6,1,2,3,79,13,300,600,4,5
1762,,,7,2,2,2,56,36,300,420,3,5
1763,,,11,2,2,1,19,50,0,300,2,5
1764,,,6,1,2,1,13,100,300,600,1,5
1765,,,8,1,2,3,20,31,300,600,2,5
1766,,,9,1,2,1,92,23,300,600,3,5
1767,,,16,2,2,3,50,5,300,420,3,5
1768,,,3,1,2,2,43,37,300,600,1,5
1769,,,6,1,2,3,40,14,300,600,1,5
1770,,,12,1,2,2,62,45,420,540,2,5
1771,,,4,2,2,3,49,57,0,300,1,5
1772,,,3,2,2,3,40,47,0,300,4,5
1773,,,9,2,2,1,99,48,60,180,4,5
1774,,,16,1,2,2,84,17,300,600,2,5
1775,,,13,1,2,2,77,46,420,540,1,5
1776,,,14,1,2,1,87,63,300,600,1,5
1777,,,5,2,2,3,32,97,0,300,1,5
1778,,,5,2,2,1,21,23,0,300,3,5
1779,,,10,1,2,3,20,65,420,540,1,5
1780,,,15,2,2,2,2,53,180,300,2,5
1781,,,12,1,2,2,52,1,300,600,2,5
1782,,,11,1,2,2,9,71,300,600,3,5
1783,,,10,2,2,3,80,78,300,420,4,5
1784,,,5,2,2,2,7,30,420,540,4,5
1785,,,7,2,2,2,47,33,0,300,3,5
1786,,,2,2,2,1,100,83,300,600,3,5
1787,,,6,1,2,1,29,23,420,540,2,5
1788,,,11,1,2,3,46,64,300,600,2,5
1789,,,12,2,2,2,83,20,420,540,2,5
1790,,,15,2,2,1,80,91,60,180,3,5
1791,,,7,1,2,2,64,32,420,540,1,5
1792,,,9,2,2,1,76,17,420,540,4,5
1793,,,4,2,2,2,39,95,300,420,4,5
1794,,,9,2,2,2,74,32,180,300,1,5
1795,,,13,2,2,1,69,4,60,180,3,5
1796,,,12,2,2,3,41,52,0,300,2,5
1797,,,14,2,2,1,1,93,300,420,3,5
1798,,,14,2,2,3,28,89,180,300,4,5
1799,,,3,2,2,2,14,39,300,420,3,5
1800,,,7,2,2,1,69,30,180,300,2,5
1801,,,15,2,2,3,23,66,300,420,4,5
1802,,,15,1,2,3,5,68,420,540,2,5
1803,,,11,2,2,1,92,76,180,300,3,5
1804,,,13,1,2,2,98,62,300,600,4,5
1805,,,6,1,2,2,22,23,300,600,2,5
1806,,,12,2,2,3,45,59,180,300,3,5
1807,,,8,1,2,3,72,73,300,600,3,5
1808,,,3,1,2,1,34,87,300,600,3,5
1809,,,10,1,2,3,20,19,300,600,3,5
1810,,,12,2,2,3,30,73,420,540,4,5
1811,,,10,2,2,3,51,3,60,180,4,5
1812,,,2,1,2,2,34,9,300,600,3,5
1813,,,6,1,2,2,81,78,300,600,4,5
1814,,,12,2,2,3,77,28,60,180,3,5
1815,,,2,2,2,2,17,55,60,180,2,5
1816,,,10,2,2,1,46,77,420,540,4,5
1817,,,11,2,2,3,53,68,0,300,1,5
1818,,,7,1,2,3,39,52,300,600,3,5
1819,,,8,1,2,3,48,11,300,600,3,5
1820,,,2,2,2,1,9,56,300,600,3,5
1821,,,9,1,2,3,25,60,300,600,1,5
1822,,,10,2,2,3,65,12,60,180,4,5
1823,,,11,2,2,2,94,18,60,180,4,5
1824,,,5,2,2,3,30,17,0,300,1,5
1825,,,11,1,2,1,58,28,420,540,1,5
1826,,,15,2,2,3,90,41,300,420,4,5
1827,,,16,2,2,1,37,85,60,180,3,5
1828,,,12,2,2,1,53,43,0,300,2,5
1829,,,2,2,2,1,1,21,0,300,3,5
1830,,,10,1,2,1,47,65,420,540,4,5
1831,,,11,2,2,3,60,88,180,300,3,5
1832,,,6,2,2,1,84,33,60,180,3,5
1833,,,9,1,2,1,48,66,300,600,4,5
1834,,,16,1,2,1,18,43,300,600,1,5
1835,,,9,2,2,2,69,63,0,300,1,5
1836,,,6,2,2,2,23,10,180,300,1,5
1837,,,4,1,2,3,39,94,300,600,4,5
1838,,,5,1,2,1,59,17,420,540,3,5
1839,,,5,1,2,2,89,84,420,540,4,5
1840,,,2,1,2,1,95,76,420,540,4,5
1841,,,14,2,2,2,19,23,60,180,1,5
1842,,,14,2,2,1,69,64,180,300,4,5
1843,,,13,1,2,2,99,5,300,600,4,5
1844,,,10,2,2,1,20,49,60,180,1,5
1845,,,14,2,2,2,31,44,180,300,4,5
1846,,,14,2,2,3,95,58,420,540,4,5
1847,,,6,2,2,2,47,81,180,300,3,5
1848,,,6,2,2,2,58,56,420,540,4,5
1849,,,7,1,2,3,90,90,420,540,2,5
1850,,,3,2,2,3,56,89,60,180,1,5
1851,,,17,2,2,1,45,37,60,180,4,5
1852,,,12,1,2,2,44,41,420,540,2,5
1853,,,4,1,2,2,17,43,420,540,1,5
1854,,,14,2,2,3,71,78,0,300,3,5
1855,,,7,2,2,3,22,62,300,600,4,5
1856,,,14,2,2,3,8,94,60,180,4,5
1857,,,9,2,2,1,96,7,300,600,1,5
1858,,,10,1,2,1,36,69,420,540,3,5
1859,,,5,1,2,3,79,10,300,600,1,5
1860,,,3,1,2,2,42,26,300,600,3,5
1861,,,7,1,2,3,54,35,300,600,3,5
1862,,,1,1,2,2,10,88,300,600,1,5
1863,,,10,1,2,3,95,32,300,600,3,5
1864,,,5,2,2,1,88,59,60,180,3,5
1865,,,7,1,2,3,7,97,300,600,3,5
1866,,,14,1,2,2,50,27,420,540,3,5
1867,,,7,2,2,3,31,74,180,300,4,5
1868,,,14,1,2,2,14,81,420,540,3,5
1869,,,2,1,2,1,11,97,420,540,2,5
1870,,,8,1,2,3,25,99,300,600,2,5
1871,,,4,2,2,1,16,51,60,180,4,5
1872,,,12,2,2,1,79,27,60,180,2,5
1873,,,11,2,2,2,17,45,300,420,4,5
1874,,,8,2,2,3,9,82,420,540,3,5
1875,,,2,1,2,1,22,83,420,540,1,5
1876,,,10,1,2,2,80,97,420,540,4,5
1877,,,5,2,2,1,97,0,300,600,3,5
1878,,,13,1,2,1,59,89,300,600,2,5
1879,,,15,2,2,1,54,44,0,300,4,5
1880,,,8,1,2,2,88,81,420,540,2,5
1881,,,4,2,2,3,98,73,420,540,3,5
1882,,,5,2,2,3,76,24,60,180,2,5
1883,,,4,1,2,3,68,50,420,540,3,5
1884,,,9,1,2,1,13,80,300,600,1,5
1885,,,4,1,2,1,79,59,300,600,2,5
1886,,,6,2,2,1,31,16,0,300,4,5
1887,,,4,1,2,3,4,97,420,540,1,5
1888,,,1,1,2,3,79,51,420,540,3,5
1889,,,10,2,2,3,81,46,60,180,3,5
1890,,,3,2,2,1,19,52,300,600,3,5
1891,,,8,1,2,1,87,48,300,600,3,5
1892,,,2,1,2,1,91,74,420,540,4,5
1893,,,6,1,2,1,90,86,300,600,1,5
1894,,,11,1,2,1,16,14,420,540,1,5
1895,,,7,1,2,1,68,68,420,540,4,5
1896,,,8,2,2,3,44,97,60,180,2,5
1897,,,2,2,2,2,83,83,300,420,3,5
1898,,,16,2,2,2,64,44,180,300,2,5
1899,,,15,2,2,2,54,7,180,300,3,5
1900,,,2,2,2,1,18,93,0,300,4,5
1901,,,10,2,2,2,60,72,180,300,2,5
1902,,,12,2,2,2,19,34,60,180,3,5
1903,,,8,1,2,1,1,52,420,540,4,5
1904,,,15,1,2,1,1,40,420,540,3,5
1905,,,8,1,2,1,48,6,300,600,2,5
1906,,,6,1,2,2,90,35,420,540,3,5
1907,,,14,2,2,1,31,67,0,300,3,5
1908,,,2,1,2,1,2,41,420,540,2,5
1909,,,13,2,2,1,20,31,0,300,4,5
1910,,,10,2,2,3,48,79,300,600,1,5
1911,,,9,2,2,2,34,89,0,300,1,5
1912,,,15,1,2,3,19,51,300,600,2,5
1913,,,5,2,2,1,55,42,420,540,2,5
1914,,,14,2,2,3,96,44,300,420,1,5
1915,,,6,2,2,1,0,88,0,300,4,5
1916,,,7,1,2,1,48,79,420,540,2,5
1917,,,3,2,2,3,60,55,0,300,2,5
1918,,,14,1,2,1,1,73,420,540,1,5
1919,,,7,1,2,1,30,51,420,540,3,5
1920,,,8,1,2,1,27,64,300,600,1,5
1921,,,6,1,2,1,40,87,420,540,1,5
1922,,,9,1,2,3,69,68,420,540,1,5
1923,,,10,1,2,3,77,15,300,600,3,5
1924,,,14,1,2,3,31,8,300,600,4,5
1925,,,9,1,2,2,94,42,300,600,3,5
1926,,,10,1,2,3,49,95,420,540,3,5
1927,,,3,2,2,3,84,96,420,540,3,5
1928,,,3,1,2,1,35,20,300,600,3,5
1929,,,3,1,2,2,88,55,420,540,1,5
1930,,,14,1,2,3,21,70,300,600,1,5
1931,,,8,1,2,3,32,32,420,540,3,5
1932,,,10,1,2,2,93,39,420,540,4,5
1933,,,4,2,2,2,26,50,300,420,2,5
1934,,,14,2,2,2,55,92,180,300,3,5
1935,,,3,1,2,3,71,28,420,540,1,5
1936,,,6,2,2,2,94,19,180,300,3,5
1937,,,15,2,2,2,13,63,420,540,2,5
1938,,,6,2,2,1,33,63,180,300,2,5
1939,,,4,2,2,3,58,88,300,600,3,5
1940,,,10,1,2,3,43,21,300,600,1,5
1941,,,11,1,2,1,99,96,420,540,2,5
1942,,,8,1,2,2,51,9,300,600,4,5
1943,,,10,1,2,2,97,53,300,600,4,5
1944,,,8,1,2,2,47,74,300,600,2,5
1945,,,12,1,2,1,52,41,420,540,1,5
1946,,,15,2,2,3,11,60,0,300,1,5
1947,,,10,2,2,3,1,25,420,540,3,5
1948,,,3,2,2,3,85,100,300,420,4,5
1949,,,4,2,2,3,40,78,60,180,3,5
1950,,,12,2,2,3,57,91,420,540,2,5
1951,,,4,2,2,1,9,39,0,300,4,5
1952,,,15,2,2,2,29,77,300,600,1,5
1953,,,12,2,2,2,52,30,60,180,1,5
1954,,,9,2,2,2,99,0,60,180,4,5
1955,,,14,1,2,2,27,17,420,540,4,5
1956,,,5,2,2,2,92,63,60,180,1,5
1957,,,4,2,2,2,77,54,180,300,3,5
1958,,,7,2,2,2,90,17,60,180,4,5
1959,,,14,1,2,1,10,81,420,540,2,5
1960,,,13,2,2,2,74,60,180,300,2,5
1961,,,11,2,2,3,26,87,60,180,1,5
1962,,,5,1,2,3,19,72,420,540,2,5
1963,,,7,1,2,2,23,90,420,540,1,5
1964,,,5,1,2,1,96,80,420,540,4,5
1965,,,15,1,2,1,8,88,420,540,1,5
1966,,,11,1,2,3,70,64,420,540,1,5
1967,,,2,2,2,3,1,81,180,300,2,5
1968,,,12,1,2,2,14,69,420,540,2,5
1969,,,15,1,2,2,27,27,420,540,4,5
1970,,,4,1,2,2,45,25,420,540,1,5
1971,,,5,1,2,1,60,39,300,600,1,5
1972,,,13,2,2,2,86,19,0,300,2,5
1973,,,15,1,2,2,39,6,300,600,2,5
1974,,,8,1,2,2,72,25,420,540,2,5
1975,,,4,2,2,3,37,57,300,600,3,5
1976,,,15,2,2,1,98,61,0,300,1,5
1977,,,8,1,2,3,24,66,300,600,4,5
1978,,,12,2,2,2,65,97,420,540,1,5
1979,,,5,2,2,1,47,83,300,420,2,5
1980,,,3,2,2,3,31,86,420,540,2,5
1981,,,15,1,2,3,28,76,420,540,1,5
1982,,,4,1,2,1,33,61,420,540,2,5
1983,,,3,2,2,2,29,48,420,540,1,5
1984,,,4,1,2,2,86,69,300,600,3,5
1985,,,15,2,2,2,68,26,180,300,2,5
1986,,,13,1,2,3,59,56,420,540,3,5
1987,,,15,1,2,1,20,83,300,600,4,5
1988,,,10,1,2,2,46,90,300,600,1,5
1989,,,14,2,2,2,54,25,420,540,3,5
1990,,,13,1,2,1,57,75,420,540,2,5
1991,,,3,1,2,3,28,29,420,540,2,5
1992,,,15,1,2,2,13,36,420,540,2,5
1993,,,9,1,2,3,14,45,300,600,2,5
1994,,,11,2,2,1,25,7,0,300,3,5
1995,,,9,2,2,1,86,7,300,600,4,5
1996,,,2,1,2,2,65,46,300,600,2,5
1997,,,15,1,2,3,26,72,300,600,1,5
1998,,,6,1,2,1,98,69,300,600,2,5
1999,,,2,1,2,1,43,33,300,600,4,5
2000,,,8,2,2,3,100,83,420,540,3,5
2001,,,13,1,2,2,35,42,300,600,2,5
2002,,,14,2,2,1,35,65,60,180,3,5
2003,,,14,1,2,2,100,86,420,540,2,5
2004,,,13,2,2,1,26,65,60,180,4,5
2005,,,14,1,2,3,37,9,300,600,4,5
2006,,,3,1,2,2,42,64,420,540,2,5
2007,,,8,2,2,1,70,29,300,420,4,5
2008,,,7,1,2,1,80,39,300,600,2,5
2009,,,9,1,2,1,64,55,300,600,2,5
2010,,,7,2,2,1,17,51,300,420,4,5
2011,,,6,2,2,1,83,61,60,180,4,5
2012,,,12,2,2,3,7,81,180,300,1,5
2013,,,12,1,2,1,95,40,300,600,3,5
2014,,,16,2,2,1,33,25,0,300,4,5
2015,,,4,2,2,2,82,26,60,180,3,5
2016,,,4,1,2,3,17,58,300,600,2,5
2017,,,15,2,2,1,98,70,180,300,3,5
2018,,,6,1,2,3,86,92,420,540,1,5
2019,,,7,2,2,3,2,76,60,180,1,5
2020,,,9,1,2,2,36,78,300,600,4,5
2021,,,9,1,2,2,53,83,300,600,4,5
2022,,,4,1,2,2,91,19,420,540,3,5
2023,,,12,1,2,2,86,12,420,540,1,5
2024,,,11,1,2,2,36,11,300,600,4,5
2025,,,9,2,2,1,89,12,0,300,4,5
2026,,,13,2,2,2,70,43,0,300,1,5
2027,,,12,2,2,3,85,69,420,540,4,5
2028,,,2,1,2,1,90,89,420,540,2,5
2029,,,8,2,2,3,67,62,0,300,1,5
2030,,,3,1,2,2,87,85,420,540,2,5
2031,,,1,1,2,2,13,42,300,600,3,5
2032,,,10,2,2,2,10,60,300,600,4,5
2033,,,3,1,2,1,58,50,300,600,3,5
2034,,,10,2,2,2,73,67,300,420,1,5
2035,,,2,1,2,1,12,14,300,600,3,5
2036,,,13,2,2,1,63,25,180,300,3,5
2037,,,4,2,2,1,78,7,180,300,1,5
2038,,,9,2,2,2,21,76,60,180,2,5
2039,,,3,2,2,3,62,63,180,300,4,5
2040,,,3,1,2,1,55,57,300,600,1,5
2041,,,9,1,2,2,9,93,420,540,1,5
2042,,,4,2,2,2,54,35,180,300,3,5
2043,,,15,2,2,3,12,69,300,600,4,5
2044,,,13,1,2,1,99,64,420,540,3,5
2045,,,4,1,2,3,46,14,300,600,1,5
2046,,,16,2,2,3,1,86,0,300,3,5
2047,,,7,2,2,3,64,19,60,180,1,5
2048,,,8,1,2,3,41,51,420,540,1,5
2049,,,13,2,2,3,19,27,60,180,4,5
2050,,,4,2,2,3,24,72,300,600,1,5
2051,,,3,1,2,1,44,42,300,600,1,5
2052,,,4,2,2,1,89,17,60,180,3,5
2053,,,10,1,2,1,79,54,420,540,1,5
2054,,,12,1,2,1,89,16,420,540,4,5
2055,,,12,2,2,2,37,48,420,540,2,5
2056,,,15,2,2,3,12,37,60,180,4,5
2057,,,6,1,2,3,2,87,420,540,1,5
2058,,,12,1,2,2,89,24,300,600,1,5
2059,,,13,1,2,2,17,28,420,540,2,5
2060,,,9,1,2,3,24,4,420,540,2,5
2061,,,16,2,2,1,34,60,0,300,1,5
2062,,,7,1,2,2,95,56,420,540,4,5
2063,,,6,2,2,3,7,5,60,180,2,5
2064,,,8,2,2,3,22,87,300,600,3,5
2065,,,4,2,2,2,59,84,300,420,2,5
2066,,,13,2,2,3,10,68,180,300,1,5
2067,,,12,1,2,1,19,98,420,540,3,5
2068,,,14,1,2,1,43,19,300,600,4,5
2069,,,16,1,2,1,20,23,420,540,2,5
2070,,,7,2,2,3,24,83,420,540,4,5
2071,,,14,1,2,2,62,54,420,540,3,5
2072,,,8,2,2,3,70,68,300,600,1,5
2073,,,12,1,2,2,73,12,300,600,4,5
2074,,,13,1,2,2,35,6,300,600,2,5
2075,,,12,2,2,3,46,12,180,300,4,5
2076,,,5,2,2,1,4,68,300,420,1,5
2077,,,10,1,2,2,94,29,420,540,2,5
2078,,,13,1,2,3,38,32,300,600,3,5
2079,,,15,1,2,3,75,60,420,540,1,5
2080,,,15,2,2,3,74,28,60,180,3,5
2081,,,9,2,2,2,7,49,180,300,4,5
2082,,,12,2,2,1,60,86,60,180,2,5
2083,,,6,2,2,1,66,18,60,180,3,5
2084,,,6,1,2,2,85,70,420,540,2,5
2085,,,9,1,2,3,8,78,420,540,3,5
2086,,,2,2,2,1,2,96,60,180,2,5
2087,,,14,2,2,3,7,60,60,180,2,5
2088,,,2,1,2,1,94,27,420,540,4,5
2089,,,11,2,2,1,80,16,0,300,2,5
2090,,,3,2,2,3,14,71,420,540,3,5
2091,,,11,1,2,3,10,60,420,540,4,5
2092,,,5,1,2,1,40,39,300,600,3,5
2093,,,12,2,2,2,64,85,60,180,4,5
2094,,,5,2,2,3,99,71,0,300,2,5
2095,,,10,2,2,2,13,69,180,300,4,5
2096,,,8,1,2,1,65,86,300,600,1,5
2097,,,5,2,2,3,3,38,0,300,2,5
2098,,,6,2,2,1,1,87,300,420,1,5
2099,,,2,2,2,2,74,75,180,300,3,5
2100,,,6,2,2,3,22,75,180,300,2,5
2101,,,8,2,2,1,50,55,420,540,4,5
2102,,,3,2,2,1,49,57,60,180,1,5
2103,,,5,1,2,2,73,26,300,600,1,5
2104,,,14,1,2,1,92,54,300,600,4,5
2105,,,4,1,2,1,96,46,300,600,2,5
2106,,,6,2,2,3,62,36,0,300,1,5
2107,,,9,2,2,3,91,45,0,300,1,5
2108,,,5,1,2,3,95,13,300,600,1,5
2109,,,6,1,2,1,6,52,300,600,1,5
2110,,,8,2,2,2,82,51,180,300,3,5
2111,,,14,1,2,3,4,62,300,600,4,5
2112,,,13,1,2,1,36,8,300,600,4,5
2113,,,15,2,2,3,42,94,420,540,2,5
2114,,,15,1,2,2,45,22,300,600,2,5
2115,,,14,2,2,2,41,37,420,540,1,5
2116,,,14,2,2,2,28,47,420,540,4,5
2117,,,7,1,2,1,26,44,420,540,2,5
2118,,,12,2,2,3,2,38,60,180,2,5
2119,,,14,1,2,1,98,18,300,600,3,5
2120,,,2,1,2,2,43,20,420,540,4,5
2121,,,10,1,2,3,98,34,300,600,3,5
2122,,,8,2,2,1,58,41,420,540,3,5
2123,,,9,1,2,3,51,36,300,600,1,5
2124,,,8,2,2,3,2,44,180,300,3,5
2125,,,13,2,2,1,26,23,420,540,3,5
2126,,,11,1,2,2,58,14,420,540,1,5
2127,,,2,2,2,1,22,90,300,420,4,5
2128,,,2,1,2,1,42,74,420,540,4,5
2129,,,5,1,2,2,69,38,300,600,1,5
2130,,,6,1,2,3,94,48,420,540,1,5
2131,,,4,1,2,3,52,11,300,600,3,5
2132,,,16,2,2,3,53,26,300,600,4,5
2133,,,3,1,2,3,51,66,420,540,2,5
2134,,,13,1,2,2,8,73,300,600,4,5
2135,,,6,2,2,3,27,12,180,300,1,5
2136,,,11,2,2,3,24,81,0,300,2,5
2137,,,9,2,2,1,93,87,420,540,1,5
2138,,,10,2,2,2,38,42,0,300,1,5
2139,,,15,1,2,3,28,51,300,600,1,5
2140,,,5,2,2,3,17,21,180,300,2,5
2141,,,12,2,2,3,62,51,300,420,4,5
2142,,,9,2,2,2,72,17,180,300,3,5
2143,,,11,1,2,3,36,24,420,540,2,5
2144,,,9,2,2,2,79,96,60,180,1,5
2145,,,6,1,2,3,19,46,300,600,2,5
2146,,,4,1,2,2,30,83,420,540,2,5
2147,,,7,2,2,1,60,24,60,180,3,5
2148,,,16,2,2,1,3,64,0,300,4,5
2149,,,12,2,2,1,26,19,300,600,1,5
2150,,,8,1,2,1,75,79,420,540,1,5
2151,,,12,1,2,2,82,35,420,540,4,5
2152,,,11,2,2,3,94,74,0,300,2,5
2153,,,4,2,2,3,9,5,0,300,1,5
2154,,,6,1,2,1,79,94,420,540,2,5
2155,,,2,2,2,1,44,82,0,300,3,5
2156,,,12,1,2,3,41,4,300,600,3,5
2157,,,8,1,2,1,87,6,300,600,1,5
2158,,,11,2,2,2,57,51,0,300,2,5
2159,,,15,1,2,2,42,37,420,540,1,5
2160,,,14,2,2,1,36,96,420,540,3,5
2161,,,9,2,2,1,32,76,420,540,3,5
2162,,,12,2,2,2,36,29,300,420,4,5
2163,,,11,1,2,3,2,31,420,540,2,5
2164,,,15,1,2,3,46,90,420,540,1,5
2165,,,4,2,2,2,56,81,300,600,2,5
2166,,,5,2,2,2,53,0,300,600,3,5
2167,,,10,1,2,1,86,43,420,540,4,5
2168,,,9,1,2,2,2,13,420,540,4,5
2169,,,13,2,2,3,42,29,180,300,1,5
2170,,,14,2,2,3,84,77,0,300,2,5
2171,,,13,2,2,1,39,21,420,540,3,5
2172,,,5,2,2,1,70,91,60,180,1,5
2173,,,11,2,2,2,28,68,60,180,1,5
2174,,,3,1,2,3,92,23,300,600,1,5
2175,,,4,1,2,2,81,86,300,600,2,5
2176,,,5,1,2,3,89,92,300,600,4,5
2177,,,5,2,2,1,81,28,300,420,1,5
2178,,,3,2,2,1,44,76,180,300,1,5
2179,,,7,2,2,1,40,44,300,420,4,5
2180,,,8,1,2,3,36,26,300,600,3,5
2181,,,9,1,2,3,70,48,420,540,3,5
2182,,,9,2,2,2,30,1,180,300,1,5
2183,,,13,1,2,2,67,93,300,600,1,5
2184,,,11,2,2,1,59,79,60,180,3,5
2185,,,4,2,2,3,69,32,180,300,4,5
2186,,,2,2,2,1,65,45,60,180,4,5
2187,,,13,2,2,3,16,92,0,300,3,5
2188,,,3,1,2,1,87,68,300,600,4,5
2189,,,7,2,2,1,56,83,420,540,1,5
2190,,,10,1,2,3,38,99,420,540,1,5
2191,,,10,1,2,2,34,15,420,540,1,5
2192,,,7,2,2,2,30,55,0,300,4,5
2193,,,11,1,2,2,77,30,420,540,2,5
2194,,,10,2,2,2,21,60,180,300,3,5
2195,,,5,2,2,1,20,63,180,300,4,5
2196,,,3,1,2,1,11,61,420,540,4,5
2197,,,8,2,2,1,12,62,300,420,2,5
2198,,,10,1,2,1,75,30,420,540,1,5
2199,,,16,2,2,2,69,65,300,420,3,5
2200,,,9,1,2,1,67,52,420,540,1,5
2201,,,12,2,2,3,63,9,300,420,2,5
2202,,,10,2,2,3,58,25,0,300,3,5
2203,,,5,2,2,1,92,8,60,180,3,5
2204,,,5,2,2,3,64,11,420,540,2,5
2205,,,6,2,2,1,31,31,0,300,2,5
2206,,,5,2,2,2,95,16,180,300,2,5
2207,,,8,1,2,3,78,26,300,600,1,5
2208,,,10,1,2,3,82,10,300,600,4,5
2209,,,13,1,2,3,93,16,420,540,2,5
2210,,,13,1,2,1,91,5,300,600,2,5
2211,,,10,1,2,1,87,66,300,600,4,5
2212,,,3,2,2,3,95,98,60,180,3,5
2213,,,9,1,2,2,84,59,300,600,4,5
2214,,,13,1,2,3,38,93,420,540,4,5
2215,,,12,1,2,1,93,23,300,600,2,5
2216,,,4,2,2,3,56,72,420,540,1,5
2217,,,4,2,2,2,41,29,300,420,1,5
2218,,,9,2,2,3,34,19,420,540,2,5
2219,,,13,2,2,3,1,37,0,300,2,5
2220,,,13,2,2,2,43,78,0,300,2,5
2221,,,16,2,2,3,51,2,60,180,1,5
2222,,,12,2,2,2,55,51,300,420,2,5
2223,,,3,2,2,1,95,47,60,180,1,5
2224,,,10,2,2,2,39,99,180,300,4,5
2225,,,15,1,2,3,20,10,420,540,2,5
2226,,,3,2,2,1,56,2,60,180,3,5
2227,,,5,2,2,2,30,68,180,300,2,5
2228,,,11,1,2,2,9,89,300,600,4,5
2229,,,15,1,2,3,5,45,420,540,3,5
2230,,,1,1,2,2,3,38,300,600,4,5
2231,,,5,1,2,1,85,97,300,600,1,5
2232,,,6,1,2,2,51,72,300,600,1,5
2233,,,14,2,2,1,20,47,0,300,1,5
2234,,,8,2,2,1,77,34,420,540,4,5
2235,,,8,2,2,1,35,81,300,600,3,5
2236,,,9,2,2,2,36,97,300,600,3,5
2237,,,14,2,2,3,12,41,300,600,3,5
2238,,,3,1,2,2,24,2,420,540,1,5
2239,,,14,1,2,2,30,47,300,600,3,5
2240,,,9,2,2,3,81,26,60,180,1,5
2241,,,11,2,2,2,77,86,300,420,4,5
2242,,,15,2,2,3,95,97,180,300,3,5
2243,,,12,1,2,1,52,25,420,540,4,5
2244,,,12,2,2,1,100,23,300,420,3,5
2245,,,3,2,2,3,3,1,0,300,3,5
2246,,,3,1,2,1,30,32,300,600,3,5
2247,,,6,1,2,2,80,53,420,540,4,5
2248,,,8,2,2,3,40,91,300,600,4,5
2249,,,7,1,2,3,53,20,300,600,3,5
2250,,,4,1,2,2,70,42,420,540,4,5
2251,,,14,1,2,2,31,70,420,540,1,5
2252,,,12,1,2,3,55,64,300,600,4,5
2253,,,12,1,2,2,97,39,300,600,3,5
2254,,,11,2,2,2,37,99,0,300,3,5
2255,,,12,2,2,2,79,69,0,300,4,5
2256,,,6,2,2,1,74,25,300,420,4,5
2257,,,10,1,2,3,48,43,420,540,2,5
2258,,,6,1,2,3,78,69,420,540,3,5
2259,,,15,2,2,2,64,88,300,600,2,5
2260,,,12,1,2,3,8,72,420,540,3,5
2261,,,10,1,2,1,86,92,300,600,4,5
2262,,,12,1,2,3,100,30,420,540,1,5
2263,,,4,1,2,3,91,46,420,540,3,5
2264,,,6,2,2,1,67,11,0,300,2,5
2265,,,14,1,2,1,53,32,420,540,1,5
2266,,,15,2,2,1,59,65,0,300,4,5
2267,,,10,2,2,3,25,54,180,300,2,5
2268,,,6,2,2,3,50,6,180,300,1,5
2269,,,11,2,2,1,35,9,300,600,4,5
2270,,,14,1,2,2,15,75,420,540,1,5
2271,,,11,2,2,3,28,62,420,540,2,5
2272,,,4,1,2,1,54,38,300,600,1,5
2273,,,9,2,2,1,60,58,420,540,2,5
2274,,,8,2,2,2,12,1,0,300,4,5
2275,,,3,2,2,2,89,0,0,300,4,5
2276,,,3,2,2,1,57,39,60,180,1,5
2277,,,12,1,2,2,61,55,420,540,1,5
2278,,,11,1,2,1,56,70,420,540,1,5
2279,,,6,2,2,3,52,79,300,420,2,5
2280,,,3,2,2,3,10,74,420,540,3,5
2281,,,6,2,2,1,65,21,60,180,2,5
2282,,,14,1,2,1,59,6,420,540,3,5
2283,,,13,1,2,3,26,6,420,540,2,5
2284,,,13,1,2,2,10,5,420,540,2,5
2285,,,9,1,2,3,20,92,420,540,3,5
2286,,,6,2,2,1,27,70,0,300,3,5
2287,,,12,1,2,1,37,29,300,600,3,5
2288,,,13,2,2,2,85,49,300,420,1,5
2289,,,5,1,2,1,9,80,300,600,2,5
2290,,,10,2,2,2,36,67,180,300,1,5
2291,,,6,2,2,2,99,53,180,300,1,5
2292,,,7,2,2,1,80,34,180,300,2,5
2293,,,2,1,2,1,10,34,300,600,2,5
2294,,,4,1,2,3,11,27,420,540,2,5
2295,,,10,1,2,3,73,69,420,540,4,5
2296,,,7,2,2,1,13,45,60,180,2,5
2297,,,10,1,2,1,32,90,300,600,2,5
2298,,,9,1,2,3,48,82,300,600,3,5
2299,,,8,1,2,3,84,64,300,600,3,5
2300,,,13,1,2,3,82,87,420,540,3,5
2301,,,7,1,2,2,5,27,300,600,4,5
2302,,,4,2,2,3,22,39,180,300,2,5
2303,,,4,1,2,1,61,79,420,540,4,5
2304,,,4,2,2,3,85,88,0,300,1,5
2305,,,14,2,2,3,41,57,0,300,2,5
2306,,,15,2,2,3,21,73,60,180,3,5
2307,,,11,1,2,1,34,91,300,600,2,5
2308,,,12,1,2,3,100,96,300,600,3,5
2309,,,4,1,2,3,6,25,300,600,4,5
2310,,,8,2,2,1,79,35,180,300,3,5
2311,,,4,1,2,3,72,64,420,540,1,5
2312,,,10,1,2,2,88,51,300,600,1,5
2313,,,14,2,2,3,71,20,180,300,1,5
2314,,,11,1,2,1,83,14,420,540,4,5
2315,,,10,2,2,2,86,27,300,420,3,5
2316,,,13,2,2,2,69,10,0,300,2,5
2317,,,12,2,2,3,68,38,60,180,1,5
2318,,,15,2,2,3,76,60,60,180,1,5
2319,,,11,1,2,2,3,65,420,540,4,5
2320,,,9,2,2,1,20,24,420,540,4,5
2321,,,8,1,2,3,41,63,420,540,2,5
2322,,,5,2,2,2,11,51,420,540,4,5
2323,,,12,1,2,2,55,65,300,600,4,5
2324,,,12,1,2,3,25,76,420,540,4,5
2325,,,6,2,2,3,81,14,180,300,2,5
2326,,,12,1,2,3,88,80,300,600,3,5
2327,,,7,1,2,3,26,2,300,600,3,5
2328,,,15,2,2,3,36,68,180,300,1,5
2329,,,7,1,2,3,12,90,300,600,1,5
2330,,,10,2,2,3,44,51,60,180,4,5
2331,,,10,1,2,3,38,31,300,600,2,5
2332,,,7,1,2,2,99,53,420,540,4,5
2333,,,15,1,2,2,5,87,420,540,4,5
2334,,,15,2,2,1,63,61,60,180,2,5
2335,,,10,1,2,3,99,73,300,600,1,5
2336,,,11,2,2,2,52,71,0,300,3,5
2337,,,7,1,2,2,28,27,420,540,2,5
2338,,,15,1,2,2,99,74,300,600,3,5
2339,,,2,1,2,1,69,27,300,600,1,5
2340,,,5,1,2,3,93,34,300,600,4,5
2341,,,10,2,2,1,56,7,0,300,4,5
2342,,,11,2,2,2,73,65,0,300,1,5
2343,,,2,1,2,2,83,76,420,540,4,5
2344,,,15,2,2,3,28,26,60,180,1,5
2345,,,16,2,2,2,48,47,0,300,4,5
2346,,,8,1,2,3,10,73,420,540,3,5
2347,,,15,1,2,3,64,30,300,600,3,5
2348,,,14,2,2,3,80,72,0,300,1,5
2349,,,6,1,2,2,99,35,300,600,4,5
2350,,,9,1,2,1,2,82,300,600,3,5
2351,,,7,1,2,2,78,8,300,600,2,5
2352,,,14,1,2,3,49,5,420,540,2,5
2353,,,16,1,2,1,67,80,420,540,2,5
2354,,,9,1,2,2,13,69,300,600,1,5
2355,,,3,2,2,2,10,14,180,300,2,5
2356,,,3,1,2,2,19,96,300,600,4,5
2357,,,6,1,2,1,68,49,420,540,2,5
2358,,,13,2,2,1,31,4,0,300,1,5
2359,,,2,2,2,2,89,70,300,600,1,5
2360,,,10,1,2,1,42,96,420,540,4,5
2361,,,5,2,2,2,65,34,60,180,4,5
2362,,,15,2,2,1,18,12,180,300,4,5
2363,,,12,1,2,1,78,16,300,600,4,5
2364,,,15,2,2,3,33,38,300,420,3,5
2365,,,14,1,2,3,55,82,300,600,3,5
2366,,,7,1,2,3,15,9,420,540,4,5
2367,,,10,1,2,3,39,24,300,600,4,5
2368,,,5,1,2,3,65,12,300,600,3,5
2369,,,15,1,2,3,36,31,420,540,3,5
2370,,,14,1,2,3,47,19,420,540,2,5
2371,,,3,1,2,1,98,91,420,540,1,5
2372,,,15,2,2,3,67,57,0,300,2,5
2373,,,4,2,2,1,46,56,60,180,3,5
2374,,,10,1,2,3,44,71,420,540,4,5
2375,,,9,2,2,2,100,48,300,420,2,5
2376,,,5,1,2,1,59,89,300,600,2,5
2377,,,12,1,2,2,0,75,420,540,2,5
2378,,,14,1,2,1,11,96,300,600,1,5
2379,,,8,1,2,3,85,20,420,540,4,5
2380,,,13,1,2,1,34,38,300,600,3,5
2381,,,8,1,2,1,88,5,420,540,2,5
2382,,,7,2,2,2,15,0,60,180,2,5
2383,,,7,2,2,3,86,89,180,300,3,5
2384,,,9,2,2,1,93,41,60,180,4,5
2385,,,14,2,2,3,89,16,300,600,1,5
2386,,,16,2,2,1,58,72,60,180,4,5
2387,,,7,2,2,1,9,3,60,180,2,5
2388,,,13,2,2,1,70,40,60,180,2,5
2389,,,8,2,2,2,39,67,420,540,1,5
2390,,,15,2,2,2,90,19,300,420,2,5
2391,,,4,2,2,2,9,53,300,420,2,5
2392,,,14,1,2,2,9,43,420,540,1,5
2393,,,14,2,2,3,88,41,60,180,2,5
2394,,,12,2,2,2,11,29,300,420,4,5
2395,,,11,1,2,2,29,85,420,540,1,5
2396,,,15,1,2,2,28,13,300,600,1,5
2397,,,15,1,2,2,51,57,420,540,2,5
2398,,,15,1,2,1,55,51,300,600,1,5
2399,,,15,1,2,1,98,31,420,540,2,5
2400,,,13,2,2,3,29,12,60,180,3,5
2401,,,15,1,2,1,98,30,300,600,2,5
2402,,,11,1,2,2,60,23,300,600,2,5
2403,,,3,2,2,2,81,76,180,300,3,5
2404,,,2,1,2,2,74,100,300,600,2,5
2405,,,4,1,2,3,88,19,420,540,4,5
2406,,,10,1,2,1,37,70,300,600,4,5
2407,,,1,1,2,2,39,80,300,600,4,5
2408,,,3,2,2,2,54,72,420,540,1,5
2409,,,6,2,2,1,61,8,180,300,1,5
2410,,,9,2,2,2,6,24,420,540,1,5
2411,,,8,1,2,3,57,30,300,600,4,5
2412,,,7,1,2,1,52,68,300,600,4,5
2413,,,4,1,2,3,47,62,300,600,1,5
2414,,,4,2,2,2,82,22,300,600,2,5
2415,,,7,2,2,1,52,6,180,300,4,5
2416,,,12,2,2,1,86,40,60,180,2,5
2417,,,4,2,2,1,98,14,0,300,1,5
2418,,,6,2,2,1,12,45,180,300,4,5
2419,,,5,2,2,2,38,20,300,420,1,5
2420,,,3,2,2,1,49,23,60,180,3,5
2421,,,5,2,2,1,50,93,0,300,2,5
2422,,,9,2,2,1,21,0,420,540,3,5
2423,,,12,1,2,1,12,5,420,540,3,5
2424,,,2,1,2,2,100,72,420,540,2,5
2425,,,9,1,2,3,18,64,420,540,3,5
2426,,,8,1,2,3,90,89,420,540,4,5
2427,,,7,1,2,3,46,9,420,540,1,5
2428,,,3,1,2,3,11,94,300,600,1,5
2429,,,7,2,2,1,60,99,420,540,2,5
2430,,,2,2,2,2,52,67,180,300,1,5
2431,,,10,2,2,3,66,8,420,540,1,5
2432,,,12,1,2,1,34,84,420,540,4,5
2433,,,5,2,2,1,60,42,180,300,2,5
2434,,,9,1,2,2,78,1,420,540,2,5
2435,,,11,1,2,2,26,76,300,600,4,5
2436,,,14,1,2,3,59,30,420,540,3,5
2437,,,11,1,2,2,92,88,420,540,3,5
2438,,,10,1,2,1,86,76,420,540,2,5
2439,,,9,2,2,3,81,73,0,300,3,5
2440,,,14,1,2,1,53,45,420,540,4,5
2441,,,4,2,2,2,60,78,420,540,2,5
2442,,,12,2,2,2,26,16,420,540,2,5
2443,,,5,1,2,1,14,74,300,600,4,5
2444,,,15,2,2,3,87,40,300,600,2,5
2445,,,12,1,2,1,51,2,300,600,1,5
2446,,,12,2,2,2,15,51,60,180,3,5
2447,,,2,2,2,2,85,17,420,540,4,5
2448,,,14,2,2,2,72,15,300,420,4,5
2449,,,12,1,2,2,9,39,300,600,2,5
2450,,,13,1,2,3,52,3,420,540,1,5
2451,,,13,2,2,2,54,58,0,300,3,5
2452,,,8,1,2,1,15,3,300,600,1,5
2453,,,12,1,2,3,31,40,300,600,2,5
2454,,,6,2,2,2,62,0,300,420,2,5
2455,,,5,2,2,2,55,39,420,540,3,5
2456,,,10,1,2,1,74,47,300,600,1,5
2457,,,3,2,2,3,34,34,180,300,3,5
2458,,,9,1,2,3,45,74,300,600,2,5
2459,,,9,2,2,1,83,55,180,300,1,5
2460,,,12,2,2,3,28,81,180,300,4,5
2461,,,5,2,2,3,48,95,60,180,3,5
2462,,,7,2,2,2,78,46,0,300,1,5
2463,,,9,1,2,1,44,58,420,540,2,5
2464,,,3,2,2,3,69,5,300,420,3,5
2465,,,9,2,2,3,42,52,180,300,3,5
2466,,,4,1,2,1,5,14,420,540,4,5
2467,,,9,2,2,1,51,53,300,420,4,5
2468,,,3,1,2,3,99,12,300,600,4,5
2469,,,14,1,2,2,95,73,300,600,4,5
2470,,,9,1,2,2,85,96,300,600,4,5
2471,,,15,1,2,3,14,95,300,600,2,5
2472,,,14,2,2,2,19,47,60,180,4,5
2473,,,8,1,2,3,92,66,420,540,1,5
2474,,,11,2,2,1,32,89,300,420,2,5
2475,,,6,1,2,1,95,43,300,600,4,5
2476,,,10,2,2,3,100,69,60,180,4,5
2477,,,12,1,2,3,2,65,420,540,2,5
2478,,,11,1,2,3,43,45,420,540,1,5
2479,,,13,1,2,3,15,9,420,540,3,5
2480,,,13,2,2,3,31,46,420,540,3,5
2481,,,8,2,2,1,84,23,60,180,4,5
2482,,,3,2,2,2,85,54,0,300,3,5
2483,,,14,1,2,3,0,21,420,540,2,5
2484,,,12,2,2,3,40,53,60,180,4,5
2485,,,11,1,2,3,66,8,300,600,3,5
2486,,,15,1,2,3,11,47,420,540,1,5
2487,,,15,1,2,3,23,24,300,600,1,5
2488,,,4,1,2,3,9,93,300,600,4,5
2489,,,9,2,2,3,12,11,180,300,2,5
2490,,,9,2,2,2,50,13,60,180,2,5
2491,,,2,2,2,2,26,30,300,420,4,5
2492,,,4,1,2,1,40,60,300,600,3,5
2493,,,3,2,2,3,81,41,60,180,1,5
2494,,,16,2,2,1,86,26,300,600,3,5
2495,,,15,1,2,1,75,1,300,600,1,5
2496,,,9,1,2,2,13,74,300,600,4,5
2497,,,9,1,2,1,44,4,300,600,1,5
2498,,,10,2,2,3,77,26,0,300,3,5
2499,,,2,1,2,2,61,78,300,600,2,5
2500,,,3,1,2,2,93,14,300,600,4,5
2501,,,6,2,2,1,52,60,180,300,4,5
2502,,,6,1,2,3,84,50,420,540,3,5
2503,,,6,2,2,3,47,3,60,180,1,5
2504,,,8,2,2,2,55,19,420,540,4,5
2505,,,5,2,2,3,88,30,0,300,1,5
2506,,,8,1,2,2,26,9,300,600,3,5
2507,,,2,1,2,2,2,33,300,600,4,5
2508,,,7,1,2,2,26,24,420,540,1,5
2509,,,10,1,2,1,11,99,420,540,1,5
2510,,,16,1,2,3,43,3,420,540,2,5
2511,,,14,1,2,3,60,6,300,600,2,5
2512,,,4,1,2,3,48,41,420,540,3,5
2513,,,3,1,2,3,82,10,300,600,2,5
2514,,,15,2,2,2,75,27,300,600,3,5
2515,,,15,1,2,1,39,62,300,600,1,5
2516,,,10,2,2,1,18,89,300,600,4,5
2517,,,11,1,2,3,91,62,420,540,4,5
2518,,,6,1,2,2,68,8,300,600,4,5
2519,,,14,2,2,2,100,46,0,300,3,5
2520,,,9,2,2,1,40,41,180,300,2,5
2521,,,15,1,2,3,94,8,420,540,3,5
2522,,,5,1,2,2,25,85,300,600,2,5
2523,,,9,2,2,2,46,51,60,180,3,5
2524,,,6,1,2,2,5,46,420,540,4,5
2525,,,4,1,2,1,17,42,420,540,1,5
2526,,,14,2,2,1,83,76,0,300,2,5
2527,,,3,2,2,1,98,92,180,300,4,5
2528,,,2,1,2,3,43,87,420,540,4,5
2529,,,8,1,2,2,8,85,300,600,3,5
2530,,,10,2,2,2,93,3,180,300,3,5
2531,,,4,2,2,3,43,40,180,300,4,5
2532,,,16,2,2,3,97,29,420,540,1,5
2533,,,9,2,2,1,52,98,60,180,2,5
2534,,,3,2,2,2,40,86,0,300,1,5
2535,,,6,2,2,3,19,39,300,420,4,5
2536,,,7,1,2,3,21,66,300,600,2,5
2537,,,12,1,2,3,26,65,420,540,1,5
2538,,,7,2,2,3,99,14,180,300,3,5
2539,,,11,2,2,2,39,85,180,300,4,5
2540,,,8,2,2,1,49,29,300,600,2,5
2541,,,11,2,2,3,28,7,300,420,3,5
2542,,,5,1,2,2,22,7,300,600,2,5
2543,,,13,2,2,2,63,15,180,300,2,5
2544,,,15,2,2,2,49,94,60,180,2,5
2545,,,8,1,2,3,2,92,420,540,1,5
2546,,,13,1,2,1,24,77,420,540,2,5
2547,,,9,1,2,1,93,82,300,600,4,5
2548,,,14,1,2,3,5,86,300,600,4,5
2549,,,8,2,2,3,79,53,420,540,3,5
2550,,,4,1,2,1,79,44,420,540,3,5
2551,,,15,2,2,2,22,66,180,300,3,5
2552,,,14,2,2,1,18,39,60,180,1,5
2553,,,5,2,2,2,43,43,60,180,2,5
2554,,,11,1,2,2,59,69,300,600,2,5
2555,,,9,2,2,1,56,15,60,180,4,5
2556,,,2,1,2,3,1,2,420,540,2,5
2557,,,6,2,2,2,11,99,60,180,1,5
2558,,,13,2,2,3,28,69,180,300,2,5
2559,,,11,2,2,2,61,84,300,420,3,5
2560,,,15,2,2,3,29,100,60,180,3,5
2561,,,13,2,2,2,81,28,300,420,4,5
2562,,,10,2,2,1,91,11,0,300,4,5
2563,,,1,1,2,1,94,93,300,600,3,5
2564,,,14,2,2,1,42,17,420,540,4,5
2565,,,17,2,2,1,98,38,180,300,2,5
2566,,,5,2,2,1,49,18,180,300,3,5
2567,,,10,2,2,1,22,80,420,540,3,5
2568,,,10,1,2,3,44,32,300,600,4,5
2569,,,3,2,2,3,89,96,180,300,3,5
2570,,,6,2,2,3,44,90,60,180,1,5
2571,,,3,2,2,1,93,39,0,300,2,5
2572,,,5,1,2,3,23,34,300,600,2,5
2573,,,12,2,2,1,77,90,420,540,2,5
2574,,,7,1,2,2,66,7,420,540,3,5
2575,,,5,1,2,3,67,35,420,540,4,5
2576,,,12,2,2,3,70,10,180,300,4,5
2577,,,11,2,2,1,44,13,420,540,4,5
2578,,,5,1,2,2,48,17,420,540,2,5
2579,,,2,1,2,1,87,81,300,600,4,5
2580,,,13,2,2,3,33,19,180,300,4,5
2581,,,4,1,2,2,86,12,300,600,2,5
2582,,,7,1,2,1,27,50,300,600,4,5
2583,,,15,1,2,1,31,12,420,540,4,5
2584,,,9,2,2,1,76,45,0,300,4,5
2585,,,15,2,2,3,39,57,60,180,1,5
2586,,,10,1,2,2,56,89,420,540,1,5
2587,,,13,1,2,2,85,44,300,600,2,5
2588,,,14,1,2,3,71,3,300,600,1,5
2589,,,8,1,2,3,8,64,420,540,1,5
2590,,,8,2,2,2,42,25,300,600,2,5
2591,,,13,1,2,2,39,28,300,600,2,5
2592,,,10,2,2,2,9,43,300,420,3,5
2593,,,13,1,2,3,58,12,300,600,4,5
2594,,,12,2,2,2,100,19,180,300,3,5
2595,,,6,2,2,2,96,28,0,300,1,5
2596,,,15,2,2,3,72,43,0,300,4,5
2597,,,11,1,2,2,60,47,300,600,1,5
2598,,,10,1,2,3,51,87,300,600,3,5
2599,,,14,2,2,1,12,8,180,300,4,5
2600,,,9,1,2,3,1,10,300,600,4,5
2601,,,8,1,2,2,59,23,420,540,4,5
2602,,,11,2,2,2,98,89,180,300,3,5
2603,,,5,2,2,1,0,36,420,540,4,5
2604,,,3,1,2,1,21,89,420,540,3,5
2605,,,15,1,2,1,15,15,300,600,2,5
2606,,,2,1,2,2,27,10,420,540,1,5
2607,,,3,2,2,3,59,96,300,600,4,5
2608,,,9,2,2,3,82,22,60,180,4,5
2609,,,11,1,2,1,9,83,420,540,4,5
2610,,,13,2,2,2,51,29,180,300,1,5
2611,,,15,2,2,3,96,25,420,540,2,5
2612,,,11,1,2,2,84,85,420,540,4,5
2613,,,6,1,2,1,19,55,420,540,1,5
2614,,,4,2,2,2,65,44,420,540,3,5
2615,,,10,2,2,2,18,19,180,300,3,5
2616,,,6,2,2,2,36,4,180,300,4,5
2617,,,5,1,2,2,14,71,420,540,1,5
2618,,,2,1,2,3,58,45,300,600,4,5
2619,,,8,2,2,3,97,18,300,600,1,5
2620,,,3,1,2,2,7,17,420,540,2,5
2621,,,6,1,2,2,66,48,420,540,1,5
2622,,,12,2,2,2,76,67,420,540,2,5
2623,,,13,2,2,1,76,49,300,600,4,5
2624,,,15,2,2,2,85,87,180,300,1,5
2625,,,10,2,2,2,34,56,0,300,2,5
2626,,,3,1,2,2,74,2,420,540,1,5
2627,,,11,2,2,1,89,52,60,180,3,5
2628,,,16,2,2,2,41,14,60,180,3,5
2629,,,13,1,2,3,6,2,300,600,2,5
2630,,,6,1,2,1,22,99,420,540,1,5
2631,,,11,2,2,1,9,7,300,600,3,5
2632,,,11,2,2,2,5,19,180,300,2,5
2633,,,6,1,2,2,61,2,300,600,1,5
2634,,,12,1,2,1,70,93,300,600,3,5
2635,,,15,1,2,1,16,58,300,600,4,5
2636,,,7,1,2,2,84,2,420,540,4,5
2637,,,5,1,2,1,12,0,420,540,2,5
2638,,,15,1,2,3,64,85,300,600,2,5
2639,,,14,2,2,1,88,27,0,300,4,5
2640,,,8,2,2,1,58,37,180,300,4,5
2641,,,7,2,2,2,38,27,180,300,1,5
2642,,,14,1,2,2,72,22,420,540,3,5
2643,,,15,2,2,3,99,56,60,180,2,5
2644,,,3,2,2,1,26,87,420,540,4,5
2645,,,14,2,2,1,55,75,420,540,3,5
2646,,,13,1,2,1,91,77,300,600,3,5
2647,,,5,1,2,3,89,27,300,600,3,5
2648,,,7,1,2,3,15,62,420,540,2,5
2649,,,5,1,2,1,0,100,420,540,3,5
2650,,,16,2,2,3,38,88,420,540,2,5
2651,,,8,1,2,1,50,5,300,600,3,5
2652,,,7,1,2,2,96,75,420,540,2,5
2653,,,11,1,2,2,73,71,300,600,3,5
2654,,,9,2,2,2,24,94,180,300,1,5
2655,,,11,2,2,1,24,52,180,300,2,5
2656,,,7,2,2,2,38,89,60,180,3,5
2657,,,12,2,2,3,75,18,0,300,3,5
2658,,,10,1,2,2,45,46,300,600,3,5
2659,,,13,1,2,3,57,91,300,600,4,5
2660,,,14,1,2,2,73,63,420,540,3,5
2661,,,16,1,2,2,52,57,420,540,1,5
2662,,,7,2,2,1,97,64,0,300,2,5
2663,,,6,2,2,3,39,58,180,300,3,5
2664,,,11,2,2,1,77,58,420,540,3,5
2665,,,11,1,2,2,44,75,300,600,1,5
2666,,,12,1,2,3,95,21,420,540,4,5
2667,,,4,1,2,1,54,42,420,540,1,5
2668,,,7,2,2,1,6,59,180,300,2,5
2669,,,12,1,2,3,52,36,420,540,3,5
2670,,,5,1,2,1,64,21,420,540,2,5
2671,,,2,1,2,2,45,47,420,540,2,5
2672,,,15,2,2,2,79,59,60,180,2,5
2673,,,4,1,2,3,88,90,300,600,4,5
2674,,,14,1,2,2,32,100,300,600,1,5
2675,,,12,1,2,2,93,83,420,540,2,5
2676,,,6,2,2,2,3,26,60,180,1,5
2677,,,12,1,2,2,30,91,300,600,2,5
2678,,,7,2,2,3,32,26,180,300,2,5
2679,,,10,2,2,2,81,83,60,180,4,5
2680,,,9,2,2,3,75,98,0,300,3,5
2681,,,10,1,2,1,64,45,420,540,2,5
2682,,,11,2,2,1,21,58,60,180,1,5
2683,,,11,2,2,1,53,11,0,300,3,5
2684,,,10,2,2,2,2,14,420,540,1,5
2685,,,15,2,2,1,76,12,60,180,1,5
2686,,,2,2,2,1,55,29,180,300,4,5
2687,,,10,1,2,2,0,40,420,540,2,5
2688,,,12,2,2,1,23,54,180,300,1,5
2689,,,15,2,2,1,49,88,420,540,2,5
2690,,,7,1,2,1,53,12,420,540,1,5
2691,,,13,2,2,3,20,84,300,420,2,5
2692,,,7,2,2,3,59,43,0,300,4,5
2693,,,13,1,2,1,26,19,300,600,4,5
2694,,,12,1,2,1,54,42,420,540,1,5
2695,,,5,2,2,2,58,43,180,300,2,5
2696,,,4,2,2,3,11,93,300,600,3,5
2697,,,13,1,2,3,86,9,300,600,1,5
2698,,,6,1,2,2,81,29,420,540,4,5
2699,,,13,2,2,3,57,51,420,540,2,5
2700,,,7,2,2,2,9,95,180,300,1,5
2701,,,2,2,2,2,67,100,420,540,1,5
2702,,,4,2,2,2,50,52,420,540,4,5
2703,,,5,1,2,1,60,54,300,600,1,5
2704,,,9,1,2,2,96,14,300,600,3,5
2705,,,3,1,2,2,4,15,420,540,3,5
2706,,,4,1,2,1,19,37,420,540,4,5
2707,,,5,1,2,2,50,48,420,540,1,5
2708,,,7,1,2,3,50,97,420,540,4,5
2709,,,4,2,2,1,35,37,300,420,4,5
2710,,,12,1,2,2,51,47,300,600,4,5
2711,,,6,1,2,3,77,75,420,540,1,5
2712,,,10,1,2,1,11,63,420,540,1,5
2713,,,4,2,2,2,62,71,60,180,3,5
2714,,,2,1,2,3,52,7,300,600,2,5
2715,,,7,2,2,3,45,28,60,180,2,5
2716,,,13,1,2,2,70,22,420,540,1,5
2717,,,9,2,2,2,47,19,420,540,1,5
2718,,,2,1,2,3,87,24,420,540,3,5
2719,,,4,1,2,2,13,35,300,600,4,5
2720,,,5,1,2,3,61,89,420,540,4,5
2721,,,3,2,2,1,82,97,420,540,4,5
2722,,,8,1,2,2,36,0,300,600,2,5
2723,,,15,1,2,2,87,51,420,540,4,5
2724,,,7,1,2,2,93,21,300,600,1,5
2725,,,13,1,2,3,8,63,420,540,3,5
2726,,,2,1,2,2,12,92,420,540,4,5
2727,,,5,2,2,3,48,76,60,180,2,5
2728,,,10,2,2,1,99,48,60,180,3,5
2729,,,4,1,2,3,59,98,420,540,4,5
2730,,,14,2,2,3,85,22,300,420,1,5
2731,,,2,1,2,3,82,33,420,540,3,5
2732,,,6,1,2,1,48,20,300,600,2,5
2733,,,10,2,2,1,18,54,60,180,4,5
2734,,,15,1,2,3,7,13,300,600,4,5
2735,,,13,1,2,1,47,85,300,600,4,5
2736,,,14,1,2,1,38,91,420,540,3,5
2737,,,8,2,2,3,7,30,420,540,1,5
2738,,,11,1,2,2,80,98,420,540,3,5
2739,,,6,2,2,1,37,47,180,300,1,5
2740,,,1,1,2,3,15,32,420,540,4,5
2741,,,10,1,2,3,97,97,420,540,4,5
2742,,,3,2,2,1,49,40,180,300,4,5
2743,,,3,1,2,1,48,100,300,600,3,5
2744,,,12,2,2,2,77,28,60,180,4,5
2745,,,7,1,2,1,56,48,420,540,3,5
2746,,,4,1,2,1,12,67,300,600,1,5
2747,,,3,1,2,1,75,62,420,540,1,5
2748,,,12,2,2,2,36,92,180,300,1,5
2749,,,4,1,2,2,31,47,420,540,3,5
2750,,,10,2,2,3,35,25,420,540,2,5
2751,,,12,2,2,1,52,87,420,540,4,5
2752,,,11,2,2,3,49,67,0,300,1,5
2753,,,9,2,2,3,92,8,60,180,4,5
2754,,,13,1,2,1,77,61,420,540,2,5
2755,,,2,2,2,1,31,87,300,420,4,5
2756,,,12,1,2,1,41,12,420,540,2,5
2757,,,14,2,2,2,38,12,180,300,3,5
2758,,,9,2,2,3,96,39,180,300,2,5
2759,,,10,1,2,3,28,16,420,540,1,5
2760,,,4,2,2,3,25,47,420,540,1,5
2761,,,5,2,2,3,58,52,0,300,2,5
2762,,,15,2,2,3,87,47,300,420,4,5
2763,,,2,1,2,3,83,9,300,600,2,5
2764,,,12,2,2,2,68,80,420,540,1,5
2765,,,6,1,2,1,60,92,300,600,3,5
2766,,,3,2,2,2,87,78,180,300,2,5
2767,,,13,1,2,1,37,41,300,600,4,5
2768,,,8,2,2,1,82,34,60,180,1,5
2769,,,4,1,2,1,21,29,300,600,2,5
2770,,,3,1,2,1,11,21,420,540,3,5
2771,,,3,1,2,1,40,27,420,540,3,5
2772,,,11,1,2,1,17,30,420,540,3,5
2773,,,12,2,2,2,54,38,60,180,1,5
2774,,,6,2,2,3,89,7,300,600,2,5
2775,,,10,1,2,2,82,14,300,600,2,5
2776,,,7,1,2,2,64,35,420,540,2,5
2777,,,13,2,2,2,29,27,180,300,3,5
2778,,,12,1,2,2,67,72,420,540,2,5
2779,,,14,2,2,3,74,33,180,300,1,5
2780,,,13,1,2,2,47,6,300,600,1,5
2781,,,2,2,2,3,8,39,0,300,2,5
2782,,,16,1,2,3,22,52,300,600,3,5
2783,,,14,2,2,3,88,7,60,180,3,5
2784,,,15,1,2,3,88,9,420,540,3,5
2785,,,4,1,2,2,39,14,420,540,1,5
2786,,,2,1,2,3,28,95,300,600,4,5
2787,,,11,2,2,1,17,11,60,180,3,5
2788,,,15,2,2,3,62,77,60,180,2,5
2789,,,7,1,2,3,89,37,420,540,1,5
2790,,,16,2,2,1,79,17,0,300,2,5
2791,,,12,1,2,3,24,73,420,540,4,5
2792,,,9,2,2,2,84,92,180,300,1,5
2793,,,11,2,2,1,55,84,0,300,1,5
2794,,,3,1,2,2,20,98,420,540,2,5
2795,,,15,1,2,1,60,84,300,600,1,5
2796,,,12,2,2,3,10,53,420,540,2,5
2797,,,1,1,2,3,19,4,300,600,1,5
2798,,,3,2,2,1,7,18,180,300,2,5
2799,,,7,1,2,2,47,55,420,540,2,5
2800,,,10,1,2,1,75,73,300,600,2,5
2801,,,6,1,2,3,100,3,420,540,1,5
2802,,,4,1,2,1,1,25,420,540,2,5
2803,,,13,1,2,3,76,98,420,540,3,5
2804,,,5,2,2,3,56,48,180,300,3,5
2805,,,10,1,2,2,22,35,420,540,2,5
2806,,,10,2,2,3,0,2,180,300,3,5
2807,,,16,1,2,1,17,20,420,540,2,5
2808,,,4,2,2,1,37,3,60,180,2,5
2809,,,5,2,2,1,88,28,180,300,4,5
2810,,,11,2,2,1,80,70,300,420,4,5
2811,,,16,2,2,1,73,9,180,300,3,5
2812,,,2,2,2,3,36,80,180,300,1,5
2813,,,10,2,2,2,11,13,420,540,4,5
2814,,,7,1,2,2,60,34,300,600,3,5
2815,,,7,1,2,3,12,39,420,540,3,5
2816,,,7,1,2,1,62,31,300,600,1,5
2817,,,7,1,2,3,57,4,300,600,4,5
2818,,,6,1,2,1,11,74,420,540,3,5
2819,,,13,2,2,1,37,65,180,300,2,5
2820,,,9,1,2,3,77,39,300,600,1,5
2821,,,5,2,2,3,84,6,420,540,2,5
2822,,,7,1,2,2,26,44,420,540,1,5
2823,,,14,1,2,3,78,20,420,540,1,5
2824,,,11,1,2,2,39,55,420,540,2,5
2825,,,13,2,2,2,65,74,0,300,2,5
2826,,,2,2,2,2,81,81,300,600,1,5
2827,,,16,2,2,2,41,14,180,300,2,5
2828,,,3,1,2,3,97,25,420,540,2,5
2829,,,7,1,2,1,37,69,420,540,1,5
2830,,,5,2,2,1,23,17,0,300,2,5
2831,,,5,2,2,1,11,56,180,300,2,5
2832,,,4,2,2,2,46,38,420,540,3,5
2833,,,8,1,2,3,66,98,300,600,3,5
2834,,,4,1,2,1,8,58,300,600,1,5
2835,,,15,1,2,3,37,1,420,540,2,5
2836,,,7,1,2,2,3,87,300,600,4,5
2837,,,12,2,2,1,23,12,420,540,1,5
2838,,,16,1,2,3,5,69,300,600,1,5
2839,,,14,2,2,1,31,53,420,540,2,5
2840,,,15,2,2,3,2,3,180,300,4,5
2841,,,3,1,2,2,42,8,300,600,2,5
2842,,,5,2,2,1,96,26,180,300,2,5
2843,,,10,2,2,1,8,61,180,300,1,5
2844,,,9,2,2,1,31,86,0,300,3,5
2845,,,8,1,2,3,49,93,300,600,4,5
2846,,,12,2,2,3,31,95,60,180,3,5
2847,,,5,1,2,1,84,8,420,540,4,5
2848,,,9,2,2,3,81,82,0,300,2,5
2849,,,9,2,2,2,36,58,0,300,1,5
2850,,,13,2,2,1,40,91,180,300,2,5
2851,,,10,2,2,1,82,51,420,540,3,5
2852,,,12,2,2,3,15,86,300,600,2,5
2853,,,2,2,2,1,55,20,180,300,1,5
2854,,,7,1,2,3,31,85,420,540,4,5
2855,,,13,1,2,3,3,88,420,540,4,5
2856,,,8,1,2,1,50,2,300,600,4,5
2857,,,9,2,2,1,82,87,300,420,4,5
2858,,,12,2,2,1,61,5,0,300,4,5
2859,,,13,2,2,3,41,26,0,300,3,5
2860,,,1,1,2,3,63,21,420,540,1,5
2861,,,12,2,2,3,1,57,300,600,1,5
2862,,,3,1,2,1,96,40,300,600,1,5
2863,,,4,1,2,3,49,80,300,600,4,5
2864,,,9,1,2,3,87,40,300,600,1,5
2865,,,14,2,2,1,88,75,300,420,2,5
2866,,,15,2,2,2,46,69,60,180,3,5
2867,,,10,1,2,1,17,70,300,600,3,5
2868,,,13,1,2,3,85,48,300,600,1,5
2869,,,8,1,2,1,39,55,420,540,2,5
2870,,,11,2,2,2,28,19,60,180,1,5
2871,,,16,2,2,1,86,22,420,540,4,5
2872,,,11,2,2,1,34,36,180,300,4,5
2873,,,10,1,2,3,80,40,300,600,3,5
2874,,,2,1,2,2,32,18,300,600,4,5
2875,,,10,2,2,3,96,40,0,300,2,5
2876,,,13,1,2,1,100,56,420,540,3,5
2877,,,6,2,2,2,57,90,0,300,1,5
2878,,,15,1,2,3,3,85,420,540,3,5
2879,,,13,2,2,1,0,30,180,300,2,5
2880,,,6,2,2,1,76,44,300,420,2,5
2881,,,13,1,2,1,45,53,420,540,2,5
2882,,,9,2,2,1,47,94,300,420,4,5
2883,,,12,2,2,3,91,38,0,300,1,5
2884,,,13,1,2,1,95,37,420,540,3,5
2885,,,13,2,2,1,11,92,420,540,2,5
2886,,,15,1,2,1,97,39,300,600,3,5
2887,,,4,2,2,1,38,76,420,540,1,5
2888,,,11,2,2,2,4,95,300,600,3,5
2889,,,14,2,2,2,15,4,420,540,4,5
2890,,,3,2,2,2,51,27,180,300,3,5
2891,,,9,2,2,1,5,27,180,300,1,5
2892,,,4,2,2,3,53,71,180,300,4,5
2893,,,11,2,2,3,16,80,0,300,3,5
2894,,,5,1,2,3,57,59,300,600,4,5
2895,,,12,1,2,3,22,26,300,600,4,5
2896,,,5,1,2,1,44,90,420,540,2,5
2897,,,5,1,2,2,28,61,300,600,1,5
2898,,,9,1,2,2,65,77,300,600,2,5
2899,,,2,1,2,3,82,55,420,540,1,5
2900,,,14,2,2,1,78,68,300,600,1,5
2901,,,3,1,2,1,97,95,420,540,4,5
2902,,,3,1,2,1,69,49,420,540,2,5
2903,,,8,2,2,2,6,24,0,300,4,5
2904,,,3,1,2,3,28,43,420,540,4,5
2905,,,15,2,2,3,28,83,0,300,4,5
2906,,,11,2,2,2,82,93,60,180,3,5
2907,,,2,1,2,2,34,78,420,540,1,5
2908,,,14,2,2,3,81,8,180,300,4,5
2909,,,2,2,2,2,46,37,180,300,2,5
2910,,,8,2,2,2,65,98,0,300,4,5
2911,,,3,2,2,3,47,77,180,300,3,5
2912,,,10,2,2,1,36,12,180,300,3,5
2913,,,11,2,2,1,45,75,60,180,4,5
2914,,,2,1,2,3,29,72,420,540,2,5
2915,,,11,1,2,3,48,76,300,600,4,5
2916,,,7,2,2,1,33,5,0,300,1,5
2917,,,4,1,2,1,51,91,420,540,4,5
2918,,,9,2,2,1,46,18,0,300,2,5
2919,,,12,2,2,1,60,34,180,300,3,5
2920,,,12,2,2,3,89,79,0,300,1,5
2921,,,9,2,2,3,98,90,0,300,1,5
2922,,,12,2,2,2,46,26,420,540,3,5
2923,,,5,1,2,3,56,28,300,600,4,5
2924,,,9,2,2,3,81,2,300,600,4,5
2925,,,3,2,2,3,27,98,300,600,2,5
2926,,,7,1,2,2,50,47,300,600,1,5
2927,,,13,1,2,3,88,85,300,600,3,5
2928,,,9,2,2,2,57,12,300,600,2,5
2929,,,14,2,2,3,3,58,300,600,1,5
2930,,,13,1,2,3,6,46,420,540,1,5
2931,,,13,2,2,3,72,73,60,180,3,5
2932,,,3,1,2,3,9,89,300,600,2,5
2933,,,6,2,2,1,54,30,420,540,3,5
2934,,,13,1,2,1,39,97,420,540,4,5
2935,,,9,1,2,1,20,28,300,600,2,5
2936,,,14,2,2,2,86,74,60,180,4,5
2937,,,8,1,2,3,13,19,300,600,2,5
2938,,,11,1,2,3,13,43,300,600,3,5
2939,,,14,1,2,3,12,30,420,540,2,5
2940,,,3,1,2,2,96,15,420,540,4,5
2941,,,15,1,2,3,2,59,420,540,1,5
2942,,,7,2,2,3,32,69,60,180,2,5
2943,,,3,2,2,1,80,60,60,180,4,5
2944,,,3,1,2,2,14,37,420,540,1,5
2945,,,13,1,2,1,50,100,420,540,3,5
2946,,,5,1,2,2,62,51,420,540,4,5
2947,,,6,1,2,2,99,39,300,600,3,5
2948,,,4,2,2,3,37,3,300,420,2,5
2949,,,12,2,2,1,76,41,420,540,2,5
2950,,,10,1,2,2,88,51,420,540,4,5
2951,,,6,2,2,2,40,66,60,180,2,5
2952,,,6,1,2,2,32,73,420,540,4,5
2953,,,4,1,2,1,23,47,300,600,4,5
2954,,,13,2,2,3,93,13,420,540,4,5
2955,,,7,2,2,2,27,71,420,540,2,5
2956,,,15,1,2,3,16,68,420,540,3,5
2957,,,12,1,2,3,90,98,420,540,3,5
2958,,,7,2,2,2,89,41,60,180,1,5
2959,,,15,1,2,3,52,83,420,540,2,5
2960,,,8,2,2,1,27,11,60,180,2,5
2961,,,10,2,2,3,6,45,60,180,3,5
2962,,,14,2,2,2,47,59,180,300,2,5
2963,,,13,1,2,1,86,88,300,600,4,5
2964,,,11,1,2,1,95,78,420,540,2,5
2965,,,13,1,2,1,60,82,420,540,2,5
2966,,,7,2,2,1,87,15,420,540,1,5
2967,,,13,1,2,1,71,14,420,540,2,5
2968,,,13,1,2,1,41,48,420,540,3,5
2969,,,3,2,2,1,21,94,420,540,4,5
2970,,,9,2,2,3,75,54,180,300,2,5
2971,,,10,1,2,1,99,52,300,600,3,5
2972,,,12,1,2,2,23,92,420,540,3,5
2973,,,15,2,2,1,41,13,180,300,1,5
2974,,,3,2,2,2,27,31,0,300,3,5
2975,,,14,1,2,3,82,32,420,540,4,5
2976,,,12,2,2,3,6,23,420,540,1,5
2977,,,6,2,2,1,47,81,60,180,3,5
2978,,,2,2,2,2,84,51,300,420,4,5
2979,,,9,2,2,2,2,40,420,540,1,5
2980,,,14,2,2,3,67,71,180,300,4,5
2981,,,7,1,2,3,48,64,300,600,1,5
2982,,,10,1,2,3,68,61,300,600,2,5
2983,,,4,1,2,1,17,73,300,600,2,5
2984,,,14,2,2,2,98,19,420,540,1,5
2985,,,11,2,2,3,63,3,180,300,1,5
2986,,,9,2,2,1,6,52,180,300,1,5
2987,,,9,1,2,3,33,71,420,540,1,5
2988,,,11,2,2,2,59,77,420,540,3,5
2989,,,6,1,2,3,83,99,420,540,4,5
2990,,,6,1,2,1,70,49,300,600,2,5
2991,,,2,1,2,3,93,33,420,540,1,5
2992,,,3,1,2,2,44,91,300,600,1,5
2993,,,9,2,2,3,12,36,180,300,2,5
2994,,,3,1,2,3,31,87,300,600,1,5
2995,,,3,2,2,1,9,33,0,300,3,5
2996,,,6,2,2,1,3,60,420,540,2,5
2997,,,12,2,2,2,64,81,420,540,3,5
2998,,,16,2,2,2,56,77,0,300,3,5
2999,,,3,1,2,2,50,8,420,540,4,5
3000,,,2,1,2,2,13,39,300,600,3,5
3001,,,14,1,2,1,58,36,300,600,2,5
3002,,,16,2,2,3,39,84,60,180,3,5
3003,,,10,2,2,1,4,37,0,300,3,5
3004,,,11,1,2,1,11,15,300,600,3,5
3005,,,10,2,2,1,97,4,420,540,3,5
3006,,,12,2,2,1,42,71,300,600,2,5
3007,,,3,2,2,2,3,40,60,180,1,5
3008,,,14,1,2,1,65,89,420,540,4,5
3009,,,10,2,2,3,79,53,60,180,3,5
3010,,,4,2,2,2,67,96,420,540,1,5
3011,,,8,2,2,1,58,32,420,540,2,5
3012,,,7,2,2,2,55,2,300,420,3,5
3013,,,11,1,2,1,52,67,300,600,4,5
3014,,,7,1,2,2,15,58,300,600,2,5
3015,,,13,1,2,3,28,7,420,540,1,5
3016,,,8,1,2,1,72,38,300,600,1,5
3017,,,8,2,2,2,36,58,60,180,1,5
3018,,,9,2,2,3,31,8,60,180,3,5
3019,,,3,2,2,1,87,16,420,540,4,5
3020,,,11,2,2,2,49,5,300,420,2,5
3021,,,15,2,2,2,71,99,300,600,2,5
3022,,,13,2,2,3,0,67,300,420,2,5
3023,,,11,1,2,1,74,18,300,600,1,5
3024,,,8,2,2,1,97,89,180,300,3,5
3025,,,6,1,2,1,31,75,420,540,4,5
3026,,,15,2,2,3,43,9,0,300,3,5
3027,,,10,2,2,3,7,16,60,180,1,5
3028,,,3,2,2,2,27,92,60,180,3,5
3029,,,17,2,2,3,8,7,60,180,3,5
3030,,,9,2,2,3,38,36,0,300,4,5
3031,,,12,2,2,2,85,92,0,300,3,5
3032,,,3,1,2,1,72,91,300,600,1,5
3033,,,7,2,2,3,92,92,420,540,3,5
3034,,,10,2,2,3,89,81,300,420,2,5
3035,,,10,1,2,3,66,97,300,600,4,5
3036,,,11,1,2,3,39,75,300,600,4,5
3037,,,8,2,2,1,54,53,0,300,2,5
3038,,,5,2,2,3,96,17,0,300,4,5
3039,,,9,2,2,1,44,54,0,300,1,5
3040,,,15,1,2,2,50,79,300,600,3,5
3041,,,15,1,2,2,36,13,300,600,2,5
3042,,,15,1,2,3,7,95,300,600,3,5
3043,,,12,2,2,1,83,26,180,300,2,5
3044,,,8,2,2,2,76,11,300,600,4,5
3045,,,11,1,2,3,62,88,420,540,4,5
3046,,,14,1,2,1,62,86,420,540,4,5
3047,,,15,2,2,1,58,88,420,540,3,5
3048,,,5,1,2,3,2,72,300,600,4,5
3049,,,2,2,2,2,81,79,180,300,1,5
3050,,,3,2,2,1,94,72,180,300,1,5
3051,,,10,2,2,3,19,64,60,180,4,5
3052,,,8,1,2,2,75,20,420,540,3,5
3053,,,12,1,2,2,52,19,420,540,3,5
3054,,,12,1,2,2,41,55,420,540,1,5
3055,,,5,2,2,2,53,38,180,300,3,5
3056,,,7,1,2,3,92,20,300,600,3,5
3057,,,16,1,2,2,0,84,300,600,1,5
3058,,,5,1,2,2,85,44,420,540,1,5
3059,,,13,2,2,1,45,28,300,600,3,5
3060,,,14,2,2,3,79,34,420,540,1,5
3061,,,14,2,2,2,66,1,60,180,3,5
3062,,,8,2,2,3,60,32,180,300,2,5
3063,,,11,1,2,2,33,97,420,540,4,5
3064,,,14,1,2,1,64,98,420,540,2,5
3065,,,13,2,2,3,35,56,300,420,2,5
3066,,,10,1,2,2,38,32,300,600,2,5
3067,,,8,2,2,2,94,67,300,420,4,5
3068,,,4,1,2,3,25,15,300,600,2,5
3069,,,17,2,2,2,53,70,300,420,3,5
3070,,,14,2,2,3,61,13,300,420,1,5
3071,,,6,2,2,1,88,55,180,300,4,5
3072,,,2,1,2,1,2,92,420,540,4,5
3073,,,14,2,2,1,99,61,300,600,1,5
3074,,,8,2,2,1,3,11,300,600,4,5
3075,,,5,2,2,2,13,77,60,180,3,5
3076,,,12,1,2,1,73,20,420,540,3,5
3077,,,4,1,2,3,49,19,300,600,3,5
3078,,,12,2,2,2,51,11,180,300,3,5
3079,,,3,1,2,3,9,76,420,540,1,5
3080,,,8,2,2,1,38,98,0,300,3,5
3081,,,13,2,2,3,45,77,60,180,2,5
3082,,,7,1,2,1,78,17,420,540,3,5
3083,,,5,1,2,3,91,22,420,540,2,5
3084,,,7,1,2,3,89,28,300,600,4,5
3085,,,10,2,2,2,13,3,0,300,1,5
3086,,,3,1,2,1,62,63,300,600,2,5
3087,,,10,2,2,1,93,41,0,300,4,5
3088,,,6,2,2,1,54,4,180,300,1,5
3089,,,8,1,2,1,9,63,300,600,2,5
3090,,,13,1,2,2,55,63,300,600,1,5
3091,,,3,2,2,1,90,84,180,300,4,5
3092,,,14,2,2,1,68,28,420,540,4,5
3093,,,7,2,2,3,98,70,420,540,1,5
3094,,,9,1,2,1,85,79,420,540,4,5
3095,,,11,2,2,1,85,15,300,600,2,5
3096,,,11,1,2,1,29,69,420,540,4,5
3097,,,15,1,2,1,25,78,300,600,4,5
3098,,,13,2,2,1,19,39,420,540,2,5
3099,,,4,2,2,1,2,15,300,600,4,5
3100,,,12,1,2,1,63,10,300,600,2,5
3101,,,5,2,2,3,76,18,300,600,2,5
3102,,,16,2,2,1,27,17,300,600,2,5
3103,,,13,2,2,2,77,97,420,540,2,5
3104,,,13,1,2,3,73,28,420,540,2,5
3105,,,15,1,2,1,13,54,420,540,2,5
3106,,,2,2,2,3,23,4,0,300,1,5
3107,,,9,1,2,3,91,48,420,540,2,5
3108,,,13,2,2,3,8,12,300,600,2,5
3109,,,3,2,2,1,82,84,420,540,1,5
3110,,,1,1,2,1,34,25,300,600,4,5
3111,,,5,2,2,2,13,22,180,300,3,5
3112,,,9,1,2,1,57,56,420,540,2,5
3113,,,6,1,2,1,79,88,300,600,2,5
3114,,,5,1,2,3,64,80,420,540,3,5
3115,,,2,2,2,1,17,84,180,300,2,5
3116,,,6,1,2,1,97,73,420,540,4,5
3117,,,4,1,2,2,0,52,420,540,2,5
3118,,,5,2,2,1,41,10,180,300,1,5
3119,,,5,2,2,1,87,80,60,180,1,5
3120,,,15,2,2,3,17,38,60,180,1,5
3121,,,3,1,2,3,49,39,300,600,1,5
3122,,,10,1,2,3,64,97,420,540,4,5
3123,,,4,1,2,2,71,81,300,600,4,5
3124,,,9,2,2,1,59,97,60,180,4,5
3125,,,3,2,2,1,51,8,180,300,1,5
3126,,,9,2,2,3,14,4,60,180,4,5
3127,,,8,2,2,2,6,7,180,300,2,5
3128,,,13,2,2,1,41,84,0,300,2,5
3129,,,3,1,2,3,95,49,420,540,4,5
3130,,,3,1,2,3,58,88,300,600,3,5
3131,,,17,2,2,1,26,4,0,300,1,5
3132,,,14,1,2,2,11,77,300,600,3,5
3133,,,15,2,2,1,25,27,300,600,1,5
3134,,,16,2,2,2,100,39,300,420,1,5
3135,,,9,1,2,2,1,42,420,540,3,5
3136,,,5,2,2,2,94,10,180,300,2,5
3137,,,17,2,2,2,39,22,420,540,1,5
3138,,,15,2,2,3,5,13,300,420,2,5
3139,,,4,1,2,1,52,0,300,600,1,5
3140,,,7,1,2,1,81,45,420,540,1,5
3141,,,6,2,2,3,28,29,180,300,2,5
3142,,,13,2,2,3,87,41,300,600,3,5
3143,,,4,1,2,2,13,16,300,600,1,5
3144,,,8,2,2,3,79,14,420,540,1,5
3145,,,9,1,2,1,79,89,300,600,3,5
3146,,,4,2,2,3,14,59,0,300,3,5
3147,,,1,1,2,1,22,15,300,600,1,5
3148,,,10,1,2,3,73,11,300,600,3,5
3149,,,3,1,2,1,45,50,300,600,2,5
3150,,,9,1,2,2,89,16,420,540,3,5
3151,,,11,1,2,3,78,83,300,600,3,5
3152,,,12,2,2,1,1,47,300,600,3,5
3153,,,14,2,2,2,53,93,60,180,1,5
3154,,,9,2,2,1,72,38,0,300,1,5
3155,,,6,1,2,1,52,97,300,600,4,5
3156,,,9,1,2,1,99,34,420,540,1,5
3157,,,13,2,2,1,90,88,420,540,2,5
3158,,,9,2,2,3,5,16,300,600,3,5
3159,,,14,2,2,3,16,41,300,600,3,5
3160,,,8,1,2,3,90,14,420,540,4,5
3161,,,1,1,2,3,28,64,420,540,2,5
3162,,,8,1,2,3,59,87,420,540,3,5
3163,,,8,1,2,2,27,63,300,600,2,5
3164,,,6,2,2,3,98,9,180,300,3,5
3165,,,7,1,2,3,78,80,420,540,3,5
3166,,,9,1,2,1,33,39,420,540,4,5
3167,,,16,1,2,2,38,15,420,540,3,5
3168,,,12,2,2,2,100,32,60,180,1,5
3169,,,4,2,2,3,78,26,180,300,2,5
3170,,,10,2,2,2,83,35,60,180,1,5
3171,,,8,2,2,2,2,89,60,180,2,5
3172,,,4,2,2,2,31,93,0,300,2,5
3173,,,9,1,2,3,40,100,420,540,4,5
3174,,,13,2,2,2,98,0,60,180,2,5
3175,,,13,1,2,2,19,17,420,540,4,5
3176,,,9,1,2,2,91,40,300,600,4,5
3177,,,4,2,2,1,73,31,300,600,3,5
3178,,,3,1,2,1,67,38,420,540,2,5
3179,,,2,1,2,2,19,99,420,540,1,5
3180,,,7,2,2,1,29,14,60,180,4,5
3181,,,11,1,2,3,45,34,300,600,4,5
3182,,,10,2,2,3,13,60,180,300,2,5
3183,,,8,2,2,1,92,99,60,180,2,5
3184,,,13,1,2,1,26,34,420,540,2,5
3185,,,14,1,2,3,98,20,420,540,1,5
3186,,,15,2,2,3,33,42,180,300,3,5
3187,,,12,1,2,1,73,1,300,600,4,5
3188,,,6,2,2,2,12,52,180,300,2,5
3189,,,14,1,2,1,17,12,420,540,1,5
3190,,,6,1,2,1,62,22,300,600,1,5
3191,,,14,1,2,1,53,30,300,600,4,5
3192,,,12,1,2,3,8,72,420,540,4,5
3193,,,5,1,2,2,71,77,300,600,2,5
3194,,,11,1,2,3,99,41,300,600,3,5
3195,,,9,2,2,2,59,53,180,300,1,5
3196,,,4,1,2,1,79,94,420,540,2,5
3197,,,14,2,2,3,45,39,60,180,3,5
3198,,,2,2,2,2,22,63,0,300,3,5
3199,,,16,2,2,3,22,82,420,540,4,5
3200,,,7,2,2,1,86,25,420,540,2,5
3201,,,11,1,2,3,31,47,420,540,4,5
3202,,,6,2,2,2,50,22,180,300,2,5
3203,,,15,2,2,2,87,87,180,300,3,5
3204,,,14,2,2,1,26,23,60,180,4,5
3205,,,14,1,2,2,100,50,420,540,1,5
3206,,,6,2,2,2,19,53,0,300,2,5
3207,,,6,1,2,3,92,17,420,540,4,5
3208,,,12,1,2,3,16,29,420,540,1,5
3209,,,3,2,2,1,59,41,60,180,4,5
3210,,,13,1,2,3,58,54,300,600,1,5
3211,,,13,2,2,2,94,89,0,300,1,5
3212,,,3,1,2,3,32,52,420,540,2,5
3213,,,14,2,2,1,3,42,300,600,3,5
3214,,,9,2,2,3,23,27,0,300,1,5
3215,,,9,2,2,3,30,81,300,420,4,5
3216,,,11,2,2,3,22,20,300,600,3,5
3217,,,5,1,2,2,71,46,300,600,4,5
3218,,,10,1,2,3,23,84,300,600,4,5
3219,,,7,1,2,3,5,23,300,600,2,5
3220,,,3,2,2,1,99,29,300,600,1,5
3221,,,6,1,2,3,79,100,420,540,4,5
3222,,,5,2,2,1,93,35,60,180,1,5
3223,,,12,1,2,1,70,43,420,540,2,5
3224,,,3,1,2,3,56,39,420,540,1,5
3225,,,12,1,2,3,8,56,300,600,2,5
3226,,,9,1,2,2,38,98,300,600,3,5
3227,,,6,2,2,2,38,45,180,300,2,5
3228,,,9,2,2,1,44,53,60,180,4,5
3229,,,12,1,2,1,35,34,420,540,2,5
3230,,,7,1,2,1,100,64,420,540,1,5
3231,,,16,2,2,3,31,97,180,300,3,5
3232,,,16,2,2,3,50,96,420,540,4,5
3233,,,6,1,2,1,25,18,300,600,4,5
3234,,,13,2,2,2,57,87,0,300,2,5
3235,,,9,2,2,1,49,99,300,420,1,5
3236,,,14,2,2,1,12,84,60,180,3,5
3237,,,13,1,2,2,82,45,300,600,4,5
3238,,,2,2,2,2,12,31,0,300,1,5
3239,,,4,1,2,1,67,4,300,600,3,5
3240,,,4,2,2,3,48,68,420,540,1,5
3241,,,12,2,2,2,68,100,300,420,1,5
3242,,,16,2,2,1,80,95,0,300,2,5
3243,,,4,1,2,2,16,52,420,540,4,5
3244,,,11,1,2,2,12,2,420,540,3,5
3245,,,5,2,2,1,19,7,0,300,3,5
3246,,,9,2,2,2,2,21,60,180,1,5
3247,,,13,2,2,1,46,44,0,300,1,5
3248,,,8,2,2,3,15,5,0,300,1,5
3249,,,7,2,2,3,57,26,60,180,2,5
3250,,,7,2,2,2,91,76,0,300,2,5
3251,,,6,2,2,3,84,27,60,180,3,5
3252,,,6,2,2,2,50,74,420,540,2,5
3253,,,3,1,2,2,26,14,300,600,2,5
3254,,,7,1,2,2,97,91,420,540,1,5
3255,,,12,2,2,1,61,95,420,540,2,5
3256,,,12,2,2,3,28,92,0,300,1,5
3257,,,9,2,2,2,8,54,60,180,3,5
3258,,,4,1,2,1,75,58,420,540,1,5
3259,,,1,1,2,1,87,62,300,600,1,5
3260,,,5,2,2,2,31,58,0,300,4,5
3261,,,4,2,2,2,33,64,0,300,3,5
3262,,,14,1,2,3,86,51,300,600,4,5
3263,,,2,1,2,3,60,76,420,540,1,5
3264,,,3,2,2,2,62,58,60,180,2,5
3265,,,7,2,2,2,71,11,300,420,4,5
3266,,,13,2,2,2,32,26,420,540,3,5
3267,,,4,1,2,3,70,100,300,600,1,5
3268,,,13,2,2,3,88,44,180,300,3,5
3269,,,13,1,2,3,78,12,300,600,1,5
3270,,,6,1,2,1,4,82,420,540,1,5
3271,,,3,1,2,3,5,91,300,600,2,5
3272,,,11,2,2,1,8,40,0,300,1,5
3273,,,9,2,2,2,40,82,300,600,1,5
3274,,,7,2,2,1,76,1,0,300,3,5
3275,,,13,2,2,3,35,44,180,300,4,5
3276,,,3,2,2,2,27,5,180,300,3,5
3277,,,10,1,2,1,13,53,420,540,1,5
3278,,,9,1,2,2,5,61,420,540,2,5
3279,,,2,2,2,2,54,6,420,540,3,5
3280,,,8,1,2,3,4,33,300,600,4,5
3281,,,14,1,2,1,62,95,300,600,2,5
3282,,,12,2,2,3,35,21,60,180,1,5
3283,,,11,1,2,2,23,44,420,540,2,5
3284,,,4,2,2,2,16,37,300,600,4,5
3285,,,14,1,2,2,43,26,300,600,3,5
3286,,,13,2,2,1,48,64,420,540,1,5
3287,,,3,1,2,2,10,31,300,600,1,5
3288,,,4,1,2,3,94,59,300,600,3,5
3289,,,1,1,2,3,10,82,300,600,2,5
3290,,,8,2,2,3,46,3,0,300,3,5
3291,,,14,2,2,2,90,52,180,300,2,5
3292,,,4,2,2,3,55,55,60,180,4,5
3293,,,12,1,2,2,88,29,300,600,4,5
3294,,,5,2,2,1,5,23,180,300,1,5
3295,,,12,2,2,3,42,24,0,300,4,5
3296,,,9,1,2,1,35,24,300,600,1,5
3297,,,14,2,2,3,38,81,60,180,2,5
3298,,,11,2,2,3,13,43,180,300,3,5
3299,,,1,1,2,1,73,7,300,600,2,5
3300,,,12,1,2,1,5,24,420,540,4,5
3301,,,12,2,2,2,72,8,60,180,4,5
3302,,,3,2,2,2,28,43,420,540,4,5
3303,,,9,2,2,1,81,53,60,180,4,5
3304,,,9,1,2,2,72,36,300,600,4,5
3305,,,6,1,2,1,62,41,300,600,3,5
3306,,,4,1,2,3,61,1,300,600,2,5
3307,,,12,1,2,3,51,66,420,540,3,5
3308,,,4,2,2,1,55,87,0,300,1,5
3309,,,15,1,2,3,9,7,420,540,4,5
3310,,,16,1,2,3,3,40,420,540,1,5
3311,,,16,2,2,1,98,49,180,300,1,5
3312,,,6,2,2,1,10,15,300,600,4,5
3313,,,6,2,2,3,3,17,180,300,4,5
3314,,,5,1,2,3,33,28,420,540,2,5
3315,,,9,2,2,3,62,48,300,420,2,5
3316,,,12,1,2,2,97,35,420,540,3,5
3317,,,13,1,2,1,70,100,420,540,3,5
3318,,,9,1,2,2,51,51,300,600,1,5
3319,,,8,2,2,3,84,28,0,300,2,5
3320,,,14,1,2,3,66,73,300,600,3,5
3321,,,3,2,2,2,0,53,420,540,2,5
3322,,,14,1,2,1,83,43,420,540,3,5
3323,,,16,1,2,3,62,69,300,600,3,5
3324,,,8,1,2,3,12,80,300,600,4,5
3325,,,9,2,2,1,95,85,60,180,2,5
3326,,,9,1,2,1,64,2,420,540,3,5
3327,,,12,1,2,3,20,88,300,600,2,5
3328,,,11,1,2,2,50,61,300,600,3,5
3329,,,2,1,2,1,19,16,300,600,1,5
3330,,,9,2,2,2,61,52,180,300,3,5
3331,,,5,2,2,2,19,47,300,600,3,5
3332,,,3,2,2,1,73,46,0,300,1,5
3333,,,10,1,2,1,29,28,420,540,4,5
3334,,,12,2,2,2,64,1,60,180,2,5
3335,,,2,1,2,1,44,6,420,540,4,5
3336,,,14,2,2,3,4,67,180,300,4,5
3337,,,6,2,2,3,87,75,0,300,3,5
3338,,,15,2,2,1,58,38,0,300,2,5
3339,,,13,2,2,1,24,99,300,420,1,5
3340,,,3,1,2,2,30,47,300,600,4,5
3341,,,15,1,2,1,57,35,420,540,1,5
3342,,,11,1,2,3,35,95,420,540,2,5
3343,,,6,2,2,2,3,63,0,300,1,5
3344,,,12,1,2,3,53,44,300,600,4,5
3345,,,7,2,2,1,80,76,60,180,4,5
3346,,,6,1,2,1,77,66,420,540,3,5
3347,,,13,2,2,2,85,59,60,180,1,5
3348,,,14,2,2,1,74,48,0,300,4,5
3349,,,3,1,2,3,71,29,420,540,3,5
3350,,,4,1,2,3,11,37,300,600,1,5
3351,,,6,2,2,1,46,79,180,300,2,5
3352,,,2,2,2,2,67,20,180,300,3,5
3353,,,14,1,2,1,47,28,420,540,2,5
3354,,,7,1,2,1,8,77,300,600,2,5
3355,,,6,2,2,1,56,80,420,540,4,5
3356,,,12,1,2,2,18,53,420,540,2,5
3357,,,10,1,2,3,70,14,300,600,4,5
3358,,,2,2,2,3,51,15,180,300,3,5
3359,,,13,1,2,3,97,27,300,600,1,5
3360,,,13,2,2,3,78,83,180,300,4,5
3361,,,6,1,2,1,68,87,420,540,2,5
3362,,,8,1,2,2,99,72,300,600,2,5
3363,,,3,1,2,1,6,14,420,540,2,5
3364,,,2,1,2,2,74,0,420,540,4,5
3365,,,5,1,2,2,79,94,420,540,2,5
3366,,,9,2,2,3,38,96,0,300,1,5
3367,,,6,2,2,2,58,25,180,300,4,5
3368,,,14,1,2,1,54,4,420,540,2,5
3369,,,2,2,2,3,30,81,60,180,2,5
3370,,,10,1,2,1,18,26,300,600,4,5
3371,,,8,1,2,3,54,9,300,600,1,5
3372,,,10,1,2,1,70,74,300,600,3,5
3373,,,7,2,2,3,51,14,180,300,3,5
3374,,,9,2,2,3,92,44,0,300,3,5
3375,,,8,2,2,2,11,70,180,300,1,5
3376,,,12,2,2,3,88,78,60,180,4,5
3377,,,9,1,2,2,77,2,420,540,3,5
3378,,,15,1,2,3,98,54,300,600,2,5
3379,,,8,1,2,3,37,81,420,540,4,5
3380,,,11,2,2,1,1,75,300,420,2,5
3381,,,15,2,2,2,5,4,420,540,2,5
3382,,,3,1,2,1,64,45,300,600,4,5
3383,,,10,2,2,1,37,63,420,540,2,5
3384,,,5,2,2,1,37,81,180,300,1,5
3385,,,11,1,2,1,93,32,420,540,3,5
3386,,,11,2,2,1,98,11,180,300,1,5
3387,,,10,2,2,2,24,91,60,180,2,5
3388,,,6,1,2,1,44,53,300,600,1,5
3389,,,7,1,2,1,89,75,420,540,2,5
3390,,,8,1,2,3,18,82,300,600,4,5
3391,,,5,1,2,1,88,93,420,540,3,5
3392,,,3,1,2,3,54,43,300,600,3,5
3393,,,2,1,2,3,73,52,420,540,2,5
3394,,,2,1,2,3,17,26,420,540,1,5
3395,,,13,2,2,1,28,83,420,540,3,5
3396,,,7,1,2,1,46,75,420,540,3,5
3397,,,13,2,2,2,24,78,180,300,3,5
3398,,,5,2,2,1,0,16,0,300,3,5
3399,,,14,1,2,1,45,45,300,600,1,5
3400,,,5,2,2,1,96,96,180,300,3,5
3401,,,5,1,2,2,73,23,300,600,2,5
3402,,,10,2,2,1,15,15,180,300,1,5
3403,,,3,1,2,3,93,98,300,600,4,5
3404,,,4,2,2,3,93,10,300,420,1,5
3405,,,2,1,2,3,63,31,300,600,2,5
3406,,,6,2,2,3,6,42,60,180,4,5
3407,,,13,2,2,3,48,8,300,600,1,5
3408,,,14,1,2,3,28,100,420,540,2,5
3409,,,9,2,2,3,70,28,300,420,2,5
3410,,,10,1,2,1,21,27,420,540,2,5
3411,,,2,2,2,2,94,59,420,540,2,5
3412,,,15,2,2,1,18,25,300,420,2,5
3413,,,8,2,2,2,29,94,180,300,3,5
3414,,,4,1,2,2,24,85,420,540,4,5
3415,,,14,1,2,2,82,40,420,540,1,5
3416,,,12,2,2,3,53,42,180,300,3,5
3417,,,13,2,2,3,25,44,60,180,3,5
3418,,,5,1,2,3,77,98,300,600,3,5
3419,,,16,2,2,1,28,57,0,300,3,5
3420,,,14,1,2,1,25,94,420,540,3,5
3421,,,5,2,2,2,2,65,420,540,2,5
3422,,,11,2,2,3,43,50,180,300,2,5
3423,,,13,1,2,2,8,82,300,600,2,5
3424,,,13,1,2,1,3,27,420,540,4,5
3425,,,4,1,2,2,90,42,420,540,4,5
3426,,,6,1,2,2,77,60,420,540,2,5
3427,,,4,1,2,3,75,87,420,540,3,5
3428,,,9,2,2,1,47,11,420,540,4,5
3429,,,13,1,2,2,20,79,300,600,2,5
3430,,,9,2,2,1,23,12,60,180,4,5
3431,,,16,2,2,3,27,88,0,300,3,5
3432,,,5,1,2,2,86,61,300,600,3,5
3433,,,13,2,2,2,86,27,0,300,4,5
3434,,,13,2,2,3,75,12,0,300,2,5
3435,,,5,2,2,3,39,68,300,420,2,5
3436,,,14,1,2,1,73,61,420,540,2,5
3437,,,16,2,2,2,17,17,60,180,2,5
3438,,,7,1,2,3,43,57,420,540,2,5
3439,,,14,2,2,2,94,88,60,180,1,5
3440,,,12,1,2,2,70,53,300,600,4,5
3441,,,8,2,2,3,26,29,0,300,1,5
3442,,,6,2,2,3,82,58,60,180,3,5
3443,,,6,2,2,1,92,73,300,420,2,5
3444,,,1,1,2,1,64,75,300,600,3,5
3445,,,13,1,2,1,32,31,420,540,1,5
3446,,,6,2,2,1,14,90,300,420,4,5
3447,,,10,2,2,3,67,82,0,300,2,5
3448,,,6,2,2,1,69,23,420,540,1,5
3449,,,15,1,2,3,55,46,300,600,3,5
3450,,,2,1,2,2,53,76,300,600,3,5
3451,,,14,2,2,1,56,100,300,420,1,5
3452,,,6,2,2,1,94,20,420,540,3,5
3453,,,14,1,2,2,74,9,300,600,2,5
3454,,,7,2,2,3,67,45,300,600,3,5
3455,,,14,2,2,2,41,59,420,540,1,5
3456,,,15,1,2,2,26,48,300,600,4,5
3457,,,14,1,2,2,69,32,300,600,3,5
3458,,,4,1,2,1,15,94,300,600,3,5
3459,,,5,2,2,3,59,0,60,180,1,5
3460,,,10,1,2,1,64,75,420,540,1,5
3461,,,4,2,2,2,52,66,420,540,3,5
3462,,,11,2,2,2,23,44,60,180,3,5
3463,,,8,2,2,3,11,30,300,600,4,5
3464,,,8,1,2,1,87,83,300,600,2,5
3465,,,13,2,2,2,22,60,0,300,3,5
3466,,,2,1,2,2,22,50,420,540,2,5
3467,,,12,2,2,3,57,34,0,300,1,5
3468,,,10,2,2,1,29,16,300,600,2,5
3469,,,3,1,2,1,46,54,300,600,4,5
3470,,,5,2,2,3,10,100,300,600,3,5
3471,,,5,2,2,2,9,27,420,540,2,5
3472,,,14,1,2,1,59,100,300,600,1,5
3473,,,12,2,2,1,47,55,300,600,1,5
3474,,,15,2,2,3,97,36,60,180,2,5
3475,,,6,1,2,1,81,65,300,600,4,5
3476,,,5,2,2,3,64,1,180,300,3,5
3477,,,14,2,2,1,32,0,420,540,4,5
3478,,,3,1,2,3,7,39,420,540,4,5
3479,,,8,1,2,3,67,96,300,600,1,5
3480,,,3,1,2,2,45,57,420,540,1,5
3481,,,10,2,2,3,14,91,60,180,1,5
3482,,,2,1,2,1,17,97,300,600,3,5
3483,,,11,1,2,3,98,13,300,600,3,5
3484,,,13,1,2,2,2,58,300,600,4,5
3485,,,13,1,2,1,6,58,300,600,3,5
3486,,,6,1,2,1,20,26,300,600,1,5
3487,,,13,2,2,3,57,6,300,600,2,5
3488,,,3,1,2,2,97,4,300,600,3,5
3489,,,13,2,2,1,34,43,60,180,1,5
3490,,,4,1,2,3,87,4,300,600,3,5
3491,,,16,1,2,1,28,26,300,600,3,5
3492,,,9,2,2,3,88,23,180,300,2,5
3493,,,3,2,2,2,27,46,300,420,2,5
3494,,,11,1,2,1,79,70,300,600,3,5
3495,,,8,1,2,3,93,10,300,600,1,5
3496,,,2,2,2,2,46,61,420,540,4,5
3497,,,4,1,2,3,43,53,420,540,2,5
3498,,,9,2,2,3,11,50,180,300,4,5
3499,,,11,1,2,3,98,24,420,540,2,5
3500,,,6,2,2,2,28,53,300,600,1,5
3501,,,4,2,2,2,53,30,300,600,3,5
3502,,,8,1,2,1,62,98,420,540,4,5
3503,,,9,2,2,3,27,25,0,300,3,5
3504,,,5,1,2,3,60,47,420,540,1,5
3505,,,9,2,2,2,19,13,300,420,1,5
3506,,,14,2,2,2,9,14,0,300,4,5
3507,,,12,1,2,2,13,11,300,600,4,5
3508,,,11,2,2,2,74,59,300,420,4,5
3509,,,12,1,2,1,13,85,300,600,2,5
3510,,,15,2,2,1,96,56,300,420,4,5
3511,,,3,2,2,3,27,20,60,180,1,5
3512,,,13,2,2,1,67,65,60,180,2,5
3513,,,3,1,2,1,83,46,300,600,3,5
3514,,,3,1,2,2,79,96,420,540,3,5
3515,,,5,2,2,1,41,25,0,300,4,5
3516,,,3,2,2,1,38,65,0,300,3,5
3517,,,14,1,2,2,27,47,300,600,2,5
3518,,,2,2,2,3,20,20,180,300,2,5
3519,,,15,2,2,3,61,9,420,540,3,5
3520,,,5,1,2,3,3,52,300,600,3,5
3521,,,10,1,2,3,47,78,420,540,1,5
3522,,,10,1,2,1,10,89,420,540,3,5
3523,,,14,1,2,3,59,87,420,540,2,5
3524,,,13,1,2,2,49,42,300,600,4,5
3525,,,5,1,2,3,50,83,420,540,2,5
3526,,,3,1,2,3,93,64,300,600,3,5
3527,,,3,2,2,2,33,58,300,420,3,5
3528,,,9,2,2,1,97,95,0,300,2,5
3529,,,8,1,2,2,88,54,300,600,1,5
3530,,,13,2,2,1,79,75,60,180,1,5
3531,,,14,1,2,2,71,82,300,600,2,5
3532,,,5,2,2,3,36,70,300,420,1,5
3533,,,9,1,2,3,62,19,300,600,1,5
3534,,,12,2,2,3,19,22,300,600,3,5
3535,,,6,1,2,3,77,14,300,600,1,5
3536,,,11,1,2,3,49,41,420,540,1,5
3537,,,11,2,2,2,83,68,420,540,3,5
3538,,,6,1,2,2,59,81,300,600,1,5
3539,,,12,2,2,1,49,96,0,300,4,5
3540,,,7,1,2,2,62,69,300,600,4,5
3541,,,13,1,2,2,4,6,300,600,3,5
3542,,,7,1,2,1,2,5,300,600,1,5
3543,,,16,1,2,1,60,82,420,540,2,5
3544,,,2,2,2,2,52,70,300,600,1,5
3545,,,14,2,2,1,49,6,420,540,4,5
3546,,,3,1,2,2,11,35,420,540,2,5
3547,,,4,1,2,3,67,27,300,600,4,5
3548,,,12,1,2,1,63,8,300,600,2,5
3549,,,9,2,2,2,94,27,0,300,2,5
3550,,,12,2,2,2,68,64,0,300,4,5
3551,,,4,2,2,2,23,76,60,180,2,5
3552,,,13,1,2,1,30,4,420,540,1,5
3553,,,13,2,2,3,36,52,0,300,1,5
3554,,,2,1,2,2,61,31,300,600,3,5
3555,,,8,2,2,1,64,16,300,600,4,5
3556,,,5,1,2,2,95,29,300,600,1,5
3557,,,7,1,2,2,0,15,420,540,3,5
3558,,,6,1,2,2,33,69,420,540,2,5
3559,,,11,1,2,3,17,72,420,540,4,5
3560,,,13,2,2,2,16,8,60,180,3,5
3561,,,12,1,2,3,45,98,300,600,4,5
3562,,,7,2,2,1,44,11,420,540,3,5
3563,,,14,2,2,2,4,96,0,300,3,5
3564,,,10,2,2,1,7,27,0,300,3,5
3565,,,13,1,2,2,81,70,300,600,2,5
3566,,,14,1,2,3,64,56,420,540,4,5
3567,,,13,1,2,3,41,21,300,600,2,5
3568,,,11,2,2,2,56,97,0,300,3,5
3569,,,12,2,2,2,95,2,0,300,1,5
3570,,,7,2,2,3,25,33,0,300,2,5
3571,,,12,2,2,1,92,26,420,540,4,5
3572,,,3,1,2,3,19,87,300,600,4,5
3573,,,2,1,2,2,66,39,300,600,2,5
3574,,,9,1,2,2,17,83,300,600,3,5
3575,,,7,1,2,1,19,57,300,600,1,5
3576,,,8,1,2,3,93,28,300,600,3,5
3577,,,11,1,2,3,56,59,420,540,2,5
3578,,,7,2,2,2,57,21,0,300,1,5
3579,,,11,1,2,2,97,95,420,540,4,5
3580,,,7,2,2,2,44,84,180,300,3,5
3581,,,11,1,2,1,28,90,300,600,4,5
3582,,,2,2,2,3,14,7,60,180,1,5
3583,,,11,2,2,2,8,72,300,420,1,5
3584,,,12,2,2,3,93,4,300,600,2,5
3585,,,3,1,2,2,84,9,300,600,3,5
3586,,,11,2,2,1,99,24,0,300,2,5
3587,,,11,1,2,1,49,38,300,600,4,5
3588,,,14,1,2,3,52,14,300,600,3,5
3589,,,4,1,2,3,49,86,300,600,1,5
3590,,,14,1,2,2,45,98,300,600,1,5
3591,,,15,1,2,3,99,35,420,540,1,5
3592,,,5,2,2,2,97,84,300,600,1,5
3593,,,15,1,2,1,38,29,420,540,1,5
3594,,,7,2,2,1,6,27,0,300,4,5
3595,,,14,2,2,1,18,39,180,300,4,5
3596,,,8,2,2,3,40,20,420,540,2,5
3597,,,4,1,2,1,97,51,300,600,1,5
3598,,,17,2,2,1,59,20,60,180,2,5
3599,,,12,1,2,2,61,72,420,540,1,5
3600,,,12,2,2,3,67,84,300,420,4,5
3601,,,12,1,2,1,90,77,420,540,3,5
3602,,,10,1,2,2,51,57,300,600,2,5
3603,,,13,2,2,2,10,98,420,540,1,5
3604,,,14,2,2,3,29,42,300,600,4,5
3605,,,8,1,2,3,71,43,420,540,1,5
3606,,,10,2,2,3,29,66,420,540,3,5
3607,,,17,2,2,1,44,82,0,300,4,5
3608,,,15,2,2,2,73,77,0,300,1,5
3609,,,4,2,2,3,95,10,0,300,4,5
3610,,,5,2,2,2,38,55,0,300,1,5
3611,,,12,1,2,2,48,50,420,540,4,5
3612,,,15,1,2,2,94,85,300,600,1,5
3613,,,15,2,2,3,22,17,180,300,4,5
3614,,,4,2,2,2,36,18,0,300,1,5
3615,,,10,2,2,3,58,75,420,540,1,5
3616,,,6,1,2,1,27,57,420,540,1,5
3617,,,9,2,2,3,43,40,60,180,2,5
3618,,,13,1,2,3,52,30,300,600,4,5
3619,,,12,2,2,2,7,28,420,540,1,5
3620,,,6,1,2,3,69,97,420,540,3,5
3621,,,13,1,2,2,43,32,420,540,4,5
3622,,,9,1,2,3,42,76,420,540,4,5
3623,,,9,2,2,3,2,72,300,600,3,5
3624,,,3,1,2,1,62,25,300,600,4,5
3625,,,11,2,2,2,61,64,0,300,3,5
3626,,,11,1,2,3,67,51,420,540,4,5
3627,,,5,1,2,1,1,2,420,540,1,5
3628,,,10,1,2,3,23,98,420,540,4,5
3629,,,8,2,2,2,19,63,60,180,3,5
3630,,,10,1,2,1,99,71,420,540,2,5
3631,,,3,2,2,3,11,29,180,300,2,5
3632,,,3,1,2,2,53,95,300,600,4,5
3633,,,11,1,2,3,69,72,300,600,4,5
3634,,,2,2,2,3,8,25,300,600,1,5
3635,,,10,2,2,2,82,17,180,300,2,5
3636,,,10,1,2,1,19,67,300,600,3,5
3637,,,10,1,2,1,41,66,420,540,3,5
3638,,,5,1,2,2,68,75,300,600,2,5
3639,,,10,2,2,1,12,73,420,540,1,5
3640,,,14,2,2,1,72,44,60,180,1,5
3641,,,13,1,2,3,22,44,300,600,3,5
3642,,,5,1,2,1,6,73,420,540,4,5
3643,,,1,1,2,3,43,17,300,600,1,5
3644,,,2,1,2,2,31,9,420,540,2,5
3645,,,7,1,2,2,59,74,300,600,3,5
3646,,,7,2,2,3,17,39,0,300,3,5
3647,,,2,2,2,1,70,85,420,540,2,5
3648,,,10,1,2,1,0,45,300,600,2,5
3649,,,15,2,2,3,40,80,420,540,2,5
3650,,,3,2,2,1,30,47,420,540,4,5
3651,,,11,2,2,2,55,3,180,300,2,5
3652,,,8,2,2,1,15,42,0,300,2,5
3653,,,11,2,2,1,31,19,300,600,3,5
3654,,,11,1,2,1,14,33,300,600,4,5
3655,,,7,2,2,2,57,7,420,540,2,5
3656,,,12,2,2,3,54,73,300,420,2,5
3657,,,6,1,2,3,98,17,420,540,3,5
3658,,,10,1,2,2,25,0,420,540,3,5
3659,,,15,2,2,1,70,87,0,300,3,5
3660,,,1,1,2,2,5,91,420,540,1,5
3661,,,11,2,2,2,11,83,180,300,3,5
3662,,,3,2,2,1,21,1,0,300,1,5
3663,,,13,2,2,1,2,15,300,420,1,5
3664,,,15,2,2,2,94,48,180,300,1,5
3665,,,13,2,2,1,90,78,180,300,4,5
3666,,,9,1,2,3,19,59,420,540,2,5
3667,,,12,2,2,3,67,31,300,600,4,5
3668,,,12,1,2,2,74,73,300,600,2,5
3669,,,7,2,2,3,63,54,60,180,3,5
3670,,,1,1,2,2,22,62,420,540,4,5
3671,,,7,1,2,2,80,97,420,540,2,5
3672,,,14,2,2,1,63,43,180,300,2,5
3673,,,16,1,2,2,52,99,300,600,2,5
3674,,,13,2,2,1,4,65,0,300,3,5
3675,,,10,2,2,1,40,79,180,300,2,5
3676,,,8,2,2,1,44,13,60,180,4,5
3677,,,6,1,2,2,83,74,420,540,1,5
3678,,,9,1,2,1,91,67,300,600,3,5
3679,,,8,2,2,3,12,49,60,180,2,5
3680,,,4,2,2,3,67,72,300,600,2,5
3681,,,10,2,2,2,91,80,0,300,4,5
3682,,,12,1,2,1,21,65,300,600,2,5
3683,,,2,2,2,3,82,32,300,420,4,5
3684,,,2,1,2,1,96,27,420,540,4,5
3685,,,8,1,2,2,61,83,420,540,3,5
3686,,,12,1,2,3,91,0,300,600,4,5
3687,,,14,1,2,2,91,19,420,540,2,5
3688,,,3,2,2,1,10,67,180,300,4,5
3689,,,13,2,2,2,28,16,300,600,2,5
3690,,,6,1,2,2,97,33,420,540,2,5
3691,,,12,1,2,1,79,77,420,540,2,5
3692,,,7,1,2,2,82,14,300,600,1,5
3693,,,13,1,2,3,25,65,300,600,2,5
3694,,,4,2,2,1,97,30,420,540,2,5
3695,,,8,2,2,1,47,0,0,300,4,5
3696,,,9,2,2,2,75,94,60,180,2,5
3697,,,13,1,2,3,41,53,420,540,4,5
3698,,,11,2,2,2,72,39,60,180,3,5
3699,,,13,2,2,1,91,90,0,300,1,5
3700,,,16,1,2,2,75,31,300,600,4,5
3701,,,15,2,2,3,51,36,420,540,3,5
3702,,,14,2,2,1,24,77,180,300,3,5
3703,,,12,1,2,2,100,83,420,540,1,5
3704,,,14,2,2,1,44,29,60,180,3,5
3705,,,11,1,2,1,61,48,420,540,4,5
3706,,,11,1,2,3,17,74,420,540,1,5
3707,,,12,2,2,3,94,49,60,180,1,5
3708,,,8,1,2,2,25,4,300,600,2,5
3709,,,2,2,2,1,86,56,0,300,1,5
3710,,,3,1,2,1,24,11,420,540,3,5
3711,,,9,2,2,1,34,7,0,300,2,5
3712,,,9,2,2,2,86,3,0,300,2,5
3713,,,14,2,2,2,19,93,180,300,1,5
3714,,,11,1,2,2,28,87,420,540,3,5
3715,,,14,2,2,3,53,82,180,300,3,5
3716,,,6,2,2,3,67,69,0,300,1,5
3717,,,7,2,2,3,70,58,300,420,4,5
3718,,,9,2,2,2,76,38,60,180,4,5
3719,,,15,2,2,2,92,58,420,540,3,5
3720,,,10,2,2,1,84,13,420,540,1,5
3721,,,2,1,2,1,29,40,300,600,1,5
3722,,,15,2,2,2,92,96,420,540,4,5
3723,,,2,2,2,1,0,18,60,180,1,5
3724,,,6,1,2,2,11,92,420,540,2,5
3725,,,12,2,2,3,12,26,420,540,2,5
3726,,,12,1,2,2,51,57,300,600,3,5
3727,,,10,2,2,3,72,74,0,300,4,5
3728,,,8,2,2,2,68,7,60,180,3,5
3729,,,14,1,2,3,95,59,420,540,3,5
3730,,,14,1,2,2,17,6,300,600,1,5
3731,,,6,1,2,3,16,1,300,600,4,5
3732,,,13,1,2,1,31,31,300,600,3,5
3733,,,15,2,2,3,67,41,420,540,4,5
3734,,,10,2,2,2,89,49,0,300,4,5
3735,,,9,1,2,3,39,62,300,600,2,5
3736,,,11,1,2,2,69,51,420,540,2,5
3737,,,6,1,2,3,65,38,420,540,3,5
3738,,,3,1,2,1,74,1,420,540,3,5
3739,,,5,1,2,3,46,55,300,600,4,5
3740,,,16,1,2,1,39,81,300,600,1,5
3741,,,7,2,2,3,72,66,180,300,2,5
3742,,,13,1,2,1,16,80,300,600,3,5
3743,,,8,2,2,2,70,40,180,300,2,5
3744,,,12,1,2,1,93,25,420,540,3,5
3745,,,7,1,2,2,32,87,300,600,2,5
3746,,,12,2,2,2,3,4,420,540,2,5
3747,,,5,2,2,1,70,33,0,300,3,5
3748,,,5,2,2,1,17,71,420,540,1,5
3749,,,12,1,2,1,81,94,300,600,1,5
3750,,,14,2,2,2,80,43,420,540,2,5
3751,,,13,1,2,3,9,37,420,540,3,5
3752,,,10,1,2,1,95,62,300,600,1,5
3753,,,16,1,2,2,36,43,420,540,2,5
3754,,,7,2,2,3,57,13,0,300,3,5
3755,,,2,2,2,2,5,63,60,180,3,5
3756,,,7,1,2,3,9,36,420,540,3,5
3757,,,4,1,2,2,11,46,420,540,2,5
3758,,,11,1,2,2,53,78,420,540,3,5
3759,,,9,1,2,2,24,56,300,600,1,5
3760,,,7,2,2,1,76,75,180,300,2,5
3761,,,11,2,2,3,76,43,300,600,3,5
3762,,,8,1,2,2,32,9,420,540,2,5
3763,,,6,1,2,2,11,96,300,600,4,5
3764,,,5,1,2,2,23,47,300,600,4,5
3765,,,14,2,2,2,18,85,60,180,1,5
3766,,,15,1,2,2,77,56,300,600,3,5
3767,,,4,1,2,3,55,46,420,540,2,5
3768,,,14,2,2,1,91,0,420,540,1,5
3769,,,4,2,2,2,80,8,420,540,1,5
3770,,,14,2,2,1,52,76,180,300,2,5
3771,,,6,2,2,3,68,7,420,540,4,5
3772,,,8,2,2,1,89,35,420,540,1,5
3773,,,12,2,2,1,83,57,180,300,4,5
3774,,,9,1,2,3,59,91,300,600,2,5
3775,,,7,1,2,3,6,18,300,600,2,5
3776,,,11,2,2,3,82,68,180,300,4,5
3777,,,12,2,2,1,3,33,300,600,1,5
3778,,,7,1,2,1,67,57,300,600,3,5
3779,,,4,2,2,1,100,93,0,300,3,5
3780,,,5,1,2,3,88,94,300,600,2,5
3781,,,8,2,2,1,66,6,180,300,4,5
3782,,,13,1,2,2,9,44,300,600,4,5
3783,,,15,1,2,3,53,82,300,600,4,5
3784,,,8,1,2,1,78,15,420,540,1,5
3785,,,14,2,2,3,94,39,60,180,2,5
3786,,,7,2,2,1,100,16,300,420,2,5
3787,,,12,2,2,2,23,16,60,180,1,5
3788,,,3,2,2,3,85,72,300,420,1,5
3789,,,15,2,2,3,81,54,60,180,1,5
3790,,,7,1,2,3,84,94,300,600,4,5
3791,,,11,2,2,1,77,60,180,300,3,5
3792,,,10,2,2,2,81,24,300,420,4,5
3793,,,5,1,2,1,85,19,420,540,1,5
3794,,,14,2,2,2,35,30,0,300,3,5
3795,,,9,1,2,3,69,86,420,540,3,5
3796,,,11,2,2,2,32,68,180,300,2,5
3797,,,15,1,2,2,3,74,420,540,2,5
3798,,,9,2,2,3,75,71,300,600,4,5
3799,,,12,2,2,3,23,6,180,300,1,5
3800,,,9,1,2,1,74,86,300,600,1,5
3801,,,2,2,2,3,85,4,420,540,1,5
3802,,,14,1,2,3,28,23,300,600,4,5
3803,,,5,2,2,2,20,41,420,540,2,5
3804,,,3,2,2,3,14,31,0,300,3,5
3805,,,10,2,2,1,66,38,0,300,4,5
3806,,,5,1,2,1,71,27,300,600,3,5
3807,,,5,2,2,1,36,8,180,300,2,5
3808,,,15,1,2,1,48,79,300,600,1,5
3809,,,15,1,2,1,85,52,300,600,2,5
3810,,,9,1,2,2,0,66,420,540,1,5
3811,,,11,2,2,2,34,71,300,420,4,5
3812,,,10,1,2,3,24,83,420,540,1,5
3813,,,6,1,2,1,39,7,420,540,1,5
3814,,,12,1,2,3,68,11,420,540,4,5
3815,,,3,2,2,1,29,15,60,180,2,5
3816,,,9,2,2,3,58,10,420,540,4,5
3817,,,14,2,2,2,74,42,60,180,1,5
3818,,,3,1,2,2,99,93,420,540,1,5
3819,,,15,1,2,3,0,37,420,540,2,5
3820,,,8,2,2,3,49,22,0,300,1,5
3821,,,14,2,2,2,81,100,60,180,4,5
3822,,,7,2,2,2,76,94,0,300,3,5
3823,,,8,2,2,1,14,6,300,600,3,5
3824,,,10,1,2,2,63,59,420,540,4,5
3825,,,11,1,2,3,94,71,300,600,4,5
3826,,,7,1,2,2,73,53,420,540,3,5
3827,,,11,2,2,3,37,81,0,300,4,5
3828,,,13,1,2,1,78,49,420,540,2,5
3829,,,6,1,2,3,31,25,420,540,4,5
3830,,,10,2,2,1,6,17,0,300,3,5
3831,,,10,2,2,3,38,56,60,180,4,5
3832,,,13,1,2,2,97,21,300,600,1,5
3833,,,12,2,2,2,39,37,60,180,1,5
3834,,,6,1,2,1,27,66,300,600,3,5
3835,,,6,1,2,3,39,19,300,600,2,5
3836,,,13,2,2,2,47,9,420,540,1,5
3837,,,2,2,2,3,89,71,300,420,4,5
3838,,,9,2,2,2,20,37,0,300,1,5
3839,,,9,1,2,2,88,4,300,600,3,5
3840,,,14,2,2,3,82,54,300,420,4,5
3841,,,5,1,2,1,15,50,300,600,4,5
3842,,,3,2,2,3,95,77,300,420,3,5
3843,,,8,1,2,3,95,9,300,600,1,5
3844,,,4,1,2,3,54,10,420,540,3,5
3845,,,11,1,2,1,2,73,420,540,2,5
3846,,,4,1,2,2,81,99,300,600,4,5
3847,,,4,1,2,1,41,37,300,600,3,5
3848,,,6,1,2,2,72,2,300,600,1,5
3849,,,13,2,2,2,46,62,60,180,4,5
3850,,,8,2,2,1,88,37,420,540,3,5
3851,,,7,2,2,2,70,17,0,300,4,5
3852,,,14,1,2,2,92,86,300,600,1,5
3853,,,7,2,2,3,77,64,300,600,1,5
3854,,,6,1,2,3,67,96,420,540,3,5
3855,,,11,2,2,2,52,35,60,180,4,5
3856,,,15,1,2,2,87,64,300,600,2,5
3857,,,14,2,2,3,4,63,300,600,4,5
3858,,,3,2,2,2,32,62,0,300,4,5
3859,,,13,1,2,3,78,10,420,540,4,5
3860,,,14,1,2,2,22,92,420,540,4,5
3861,,,4,1,2,2,52,41,420,540,1,5
3862,,,12,2,2,3,5,1,0,300,3,5
3863,,,10,2,2,1,14,77,0,300,1,5
3864,,,8,1,2,3,62,68,420,540,2,5
3865,,,14,1,2,1,57,23,300,600,2,5
3866,,,2,1,2,1,30,14,420,540,4,5
3867,,,4,2,2,3,9,24,60,180,2,5
3868,,,5,2,2,1,99,47,420,540,4,5
3869,,,6,2,2,2,98,41,420,540,2,5
3870,,,15,2,2,2,32,20,0,300,2,5
3871,,,15,1,2,3,85,79,300,600,2,5
3872,,,16,2,2,2,17,1,0,300,4,5
3873,,,6,1,2,3,28,31,420,540,2,5
3874,,,14,1,2,2,16,46,300,600,4,5
3875,,,10,2,2,2,79,65,180,300,3,5
3876,,,15,1,2,3,20,94,420,540,2,5
3877,,,6,1,2,1,32,50,300,600,2,5
3878,,,12,1,2,3,68,22,420,540,2,5
3879,,,11,2,2,1,0,44,180,300,4,5
3880,,,14,2,2,3,33,85,60,180,2,5
3881,,,11,1,2,1,24,4,420,540,4,5
3882,,,3,2,2,2,4,93,60,180,1,5
3883,,,11,1,2,1,87,86,300,600,4,5
3884,,,6,2,2,2,76,92,0,300,2,5
3885,,,4,2,2,1,57,21,420,540,4,5
3886,,,8,1,2,2,99,59,420,540,1,5
3887,,,6,2,2,2,14,93,420,540,4,5
3888,,,2,1,2,2,4,87,420,540,3,5
3889,,,11,1,2,3,62,93,300,600,3,5
3890,,,8,1,2,1,36,58,300,600,2,5
3891,,,15,1,2,2,34,62,300,600,1,5
3892,,,15,2,2,1,36,97,180,300,2,5
3893,,,13,1,2,2,25,8,300,600,2,5
3894,,,17,2,2,2,82,56,300,600,2,5
3895,,,12,1,2,3,23,5,300,600,4,5
3896,,,3,1,2,3,5,14,300,600,2,5
3897,,,16,2,2,1,39,19,420,540,3,5
3898,,,8,1,2,1,59,58,420,540,4,5
3899,,,16,2,2,3,91,75,300,420,4,5
3900,,,5,1,2,1,73,48,420,540,1,5
3901,,,12,1,2,2,86,85,300,600,1,5
3902,,,3,1,2,3,96,24,300,600,3,5
3903,,,9,2,2,2,24,26,420,540,3,5
3904,,,16,2,2,1,59,20,0,300,4,5
3905,,,15,1,2,2,53,72,420,540,2,5
3906,,,11,2,2,2,67,91,0,300,4,5
3907,,,4,2,2,1,89,49,0,300,2,5
3908,,,6,1,2,2,77,30,420,540,2,5
3909,,,14,2,2,3,12,3,420,540,1,5
3910,,,9,2,2,2,0,41,0,300,4,5
3911,,,5,2,2,3,56,89,0,300,1,5
3912,,,3,2,2,1,65,77,0,300,1,5
3913,,,4,1,2,3,17,84,300,600,3,5
3914,,,12,2,2,1,66,100,0,300,3,5
3915,,,10,2,2,3,73,50,300,600,3,5
3916,,,4,2,2,1,91,1,420,540,3,5
3917,,,14,2,2,1,16,13,300,600,2,5
3918,,,14,1,2,1,8,45,300,600,2,5
3919,,,2,2,2,3,13,25,0,300,4,5
3920,,,6,1,2,1,89,59,420,540,4,5
3921,,,4,2,2,3,34,48,420,540,2,5
3922,,,3,1,2,1,94,18,420,540,3,5
3923,,,9,2,2,2,89,71,420,540,1,5
3924,,,10,1,2,3,93,63,420,540,3,5
3925,,,4,1,2,1,26,23,420,540,2,5
3926,,,7,2,2,1,53,63,420,540,3,5
3927,,,12,2,2,1,14,95,0,300,1,5
3928,,,10,1,2,2,30,23,300,600,2,5
3929,,,2,1,2,1,13,88,300,600,4,5
3930,,,12,2,2,2,69,0,300,600,4,5
3931,,,11,1,2,1,4,52,300,600,2,5
3932,,,13,2,2,3,47,23,180,300,1,5
3933,,,8,2,2,3,82,48,180,300,4,5
3934,,,12,1,2,3,17,10,300,600,3,5
3935,,,7,2,2,1,38,48,180,300,3,5
3936,,,9,1,2,3,88,66,300,600,3,5
3937,,,2,2,2,3,52,37,420,540,4,5
3938,,,11,2,2,2,46,68,300,420,4,5
3939,,,9,2,2,3,48,98,300,600,3,5
3940,,,6,2,2,3,69,40,300,420,1,5
3941,,,5,1,2,1,77,77,420,540,2,5
3942,,,6,1,2,1,37,35,300,600,1,5
3943,,,4,1,2,1,58,65,300,600,1,5
3944,,,6,1,2,3,46,51,420,540,1,5
3945,,,3,1,2,3,26,50,420,540,4,5
3946,,,9,2,2,2,79,55,0,300,1,5
3947,,,5,1,2,3,91,86,300,600,2,5
3948,,,8,2,2,1,0,53,60,180,1,5
3949,,,3,2,2,2,71,61,60,180,1,5
3950,,,15,1,2,1,40,26,300,600,4,5
3951,,,16,1,2,3,53,20,420,540,1,5
3952,,,5,2,2,1,29,15,60,180,3,5
3953,,,10,1,2,2,91,69,420,540,3,5
3954,,,15,1,2,1,81,74,300,600,3,5
3955,,,13,2,2,3,66,92,60,180,1,5
3956,,,14,1,2,2,63,93,420,540,3,5
3957,,,5,2,2,2,55,53,420,540,1,5
3958,,,13,1,2,1,91,92,420,540,3,5
3959,,,14,1,2,2,14,97,420,540,3,5
3960,,,16,1,2,2,89,49,420,540,2,5
3961,,,4,1,2,1,26,94,300,600,4,5
3962,,,7,1,2,2,22,90,300,600,2,5
3963,,,8,2,2,2,24,21,300,420,2,5
3964,,,16,1,2,1,46,53,420,540,3,5
3965,,,5,2,2,1,8,4,300,420,3,5
3966,,,12,2,2,3,9,33,180,300,3,5
3967,,,2,2,2,1,27,76,60,180,4,5
3968,,,14,1,2,2,56,100,420,540,1,5
3969,,,11,2,2,1,86,6,0,300,4,5
3970,,,6,2,2,3,95,19,0,300,1,5
3971,,,4,1,2,1,26,40,420,540,1,5
3972,,,8,1,2,3,53,69,300,600,4,5
3973,,,15,2,2,1,84,10,60,180,1,5
3974,,,7,1,2,1,48,85,300,600,4,5
3975,,,8,1,2,1,30,33,420,540,1,5
3976,,,10,2,2,2,10,68,60,180,4,5
3977,,,8,2,2,2,33,88,180,300,1,5
3978,,,14,2,2,2,61,60,300,600,3,5
3979,,,9,2,2,3,24,3,180,300,2,5
3980,,,15,1,2,1,51,57,420,540,2,5
3981,,,6,1,2,2,70,50,300,600,4,5
3982,,,14,1,2,1,97,91,420,540,2,5
3983,,,8,2,2,2,48,3,420,540,4,5
3984,,,6,2,2,3,82,58,180,300,1,5
3985,,,12,1,2,2,55,88,420,540,4,5
3986,,,6,2,2,1,27,36,60,180,3,5
3987,,,15,2,2,1,24,57,0,300,4,5
3988,,,2,1,2,3,33,24,420,540,3,5
3989,,,14,1,2,2,11,26,300,600,2,5
3990,,,8,2,2,2,11,54,420,540,1,5
3991,,,8,1,2,2,89,34,300,600,2,5
3992,,,11,2,2,1,39,98,300,600,3,5
3993,,,15,2,2,2,7,40,180,300,2,5
3994,,,2,2,2,1,14,18,60,180,3,5
3995,,,14,1,2,2,21,41,300,600,1,5
3996,,,4,2,2,2,35,42,300,420,2,5
3997,,,8,2,2,2,49,18,300,420,3,5
3998,,,13,2,2,3,95,85,300,420,4,5
3999,,,4,1,2,1,23,31,300,600,3,5
4000,,,1,1,2,3,15,49,420,540,2,5
4001,,,3,1,2,1,61,48,300,600,3,5
4002,,,8,1,2,1,66,52,420,540,1,5
4003,,,5,1,2,1,97,59,420,540,2,5
4004,,,5,2,2,1,23,67,0,300,1,5
4005,,,4,2,2,3,53,68,420,540,2,5
4006,,,14,1,2,3,10,10,300,600,3,5
4007,,,9,2,2,3,92,80,300,420,3,5
4008,,,13,1,2,3,14,80,420,540,4,5
4009,,,5,2,2,1,19,61,180,300,3,5
4010,,,4,2,2,3,21,19,300,420,1,5
4011,,,9,1,2,1,9,61,300,600,3,5
4012,,,12,1,2,2,33,22,420,540,4,5
4013,,,6,2,2,2,76,92,0,300,2,5
4014,,,3,1,2,2,98,20,300,600,3,5
4015,,,8,2,2,2,35,36,60,180,2,5
4016,,,6,2,2,1,11,84,180,300,4,5
4017,,,4,2,2,3,43,56,300,600,2,5
4018,,,8,2,2,1,45,45,300,600,1,5
4019,,,7,1,2,3,28,84,300,600,4,5
4020,,,8,2,2,3,47,78,420,540,3,5
4021,,,8,2,2,3,94,8,60,180,4,5
4022,,,13,1,2,1,98,68,300,600,1,5
4023,,,14,2,2,1,60,21,0,300,1,5
4024,,,7,2,2,2,86,44,420,540,1,5
4025,,,9,2,2,2,53,87,300,420,1,5
4026,,,11,1,2,3,32,99,300,600,3,5
4027,,,15,2,2,3,53,33,420,540,3,5
4028,,,5,2,2,1,78,75,0,300,3,5
4029,,,3,1,2,1,61,24,420,540,2,5
4030,,,10,1,2,3,26,51,300,600,3,5
4031,,,16,1,2,1,12,98,300,600,2,5
4032,,,14,1,2,3,46,96,300,600,4,5
4033,,,11,2,2,2,24,18,0,300,3,5
4034,,,14,1,2,1,71,63,420,540,2,5
4035,,,8,2,2,1,21,10,0,300,3,5
4036,,,7,1,2,2,70,94,420,540,2,5
4037,,,1,1,2,2,25,0,300,600,3,5
4038,,,6,1,2,1,36,51,300,600,3,5
4039,,,8,2,2,2,68,34,0,300,3,5
4040,,,8,1,2,3,92,24,300,600,1,5
4041,,,6,2,2,3,89,20,0,300,2,5
4042,,,14,1,2,3,19,47,420,540,4,5
4043,,,4,2,2,3,95,67,300,600,4,5
4044,,,11,1,2,3,83,17,420,540,3,5
4045,,,2,1,2,2,19,75,420,540,4,5
4046,,,7,2,2,2,83,15,420,540,4,5
4047,,,9,1,2,2,32,43,420,540,1,5
4048,,,9,1,2,1,64,45,420,540,3,5
4049,,,3,1,2,3,48,59,420,540,4,5
4050,,,13,1,2,2,36,39,420,540,4,5
4051,,,11,1,2,1,39,36,420,540,1,5
4052,,,2,1,2,2,90,65,420,540,4,5
4053,,,5,1,2,2,59,9,420,540,4,5
4054,,,13,1,2,3,55,80,300,600,4,5
4055,,,13,2,2,2,37,48,60,180,3,5
4056,,,15,2,2,3,45,34,300,420,4,5
4057,,,14,2,2,1,89,78,60,180,2,5
4058,,,5,1,2,2,65,56,420,540,1,5
4059,,,3,2,2,3,68,58,300,420,1,5
4060,,,15,1,2,2,52,5,300,600,1,5
4061,,,12,1,2,3,20,79,420,540,4,5
4062,,,15,1,2,2,85,92,420,540,3,5
4063,,,9,2,2,3,64,16,420,540,4,5
4064,,,9,1,2,3,59,58,300,600,4,5
4065,,,15,2,2,3,97,18,0,300,1,5
4066,,,12,1,2,3,71,81,420,540,2,5
4067,,,2,1,2,1,56,95,300,600,2,5
4068,,,14,2,2,2,69,98,420,540,3,5
4069,,,10,2,2,3,96,88,300,600,1,5
4070,,,11,2,2,1,1,88,60,180,1,5
4071,,,7,2,2,1,20,52,300,420,3,5
4072,,,8,1,2,3,18,78,300,600,2,5
4073,,,9,2,2,2,67,9,180,300,4,5
4074,,,8,2,2,3,5,30,0,300,3,5
4075,,,15,1,2,1,34,84,300,600,1,5
4076,,,5,1,2,3,94,26,300,600,3,5
4077,,,9,2,2,1,59,71,0,300,4,5
4078,,,9,2,2,2,2,98,0,300,3,5
4079,,,3,2,2,2,40,80,420,540,1,5
4080,,,15,2,2,1,38,45,180,300,4,5
4081,,,11,1,2,1,54,32,300,600,2,5
4082,,,14,1,2,1,96,99,420,540,2,5
4083,,,7,2,2,2,44,1,60,180,3,5
4084,,,10,1,2,3,74,62,300,600,2,5
4085,,,12,2,2,2,85,98,300,600,1,5
4086,,,5,2,2,1,25,82,300,600,4,5
4087,,,15,2,2,3,0,6,300,600,1,5
4088,,,7,1,2,3,70,81,420,540,3,5
4089,,,14,2,2,1,29,59,180,300,1,5
4090,,,13,1,2,2,89,77,420,540,3,5
4091,,,4,2,2,3,73,61,180,300,2,5
4092,,,10,2,2,2,12,75,300,420,1,5
4093,,,14,1,2,1,42,87,300,600,3,5
4094,,,5,2,2,1,95,30,180,300,1,5
4095,,,4,1,2,2,50,49,420,540,1,5
4096,,,1,1,2,1,95,68,300,600,1,5
4097,,,6,1,2,2,43,69,420,540,2,5
4098,,,6,1,2,1,33,60,420,540,3,5
4099,,,10,1,2,2,10,58,300,600,1,5
4100,,,7,2,2,1,25,33,60,180,2,5
4101,,,8,2,2,3,86,37,0,300,1,5
4102,,,14,2,2,3,40,7,0,300,3,5
4103,,,9,1,2,3,77,12,420,540,2,5
4104,,,13,1,2,3,38,70,300,600,2,5
4105,,,3,1,2,1,94,29,420,540,1,5
4106,,,15,2,2,1,62,86,0,300,2,5
4107,,,3,1,2,2,9,0,420,540,4,5
4108,,,11,2,2,1,64,85,300,420,3,5
4109,,,8,1,2,1,72,75,300,600,1,5
4110,,,13,1,2,2,31,25,420,540,4,5
4111,,,6,1,2,3,44,86,420,540,3,5
4112,,,8,1,2,1,43,88,300,600,3,5
4113,,,13,2,2,1,64,32,300,600,2,5
4114,,,4,2,2,2,48,2,180,300,3,5
4115,,,8,1,2,2,56,50,420,540,4,5
4116,,,3,1,2,3,30,65,300,600,4,5
4117,,,13,2,2,1,3,72,420,540,3,5
4118,,,16,2,2,3,31,98,0,300,1,5
4119,,,6,2,2,3,22,44,60,180,1,5
4120,,,10,1,2,1,39,58,300,600,4,5
4121,,,7,1,2,1,32,14,420,540,4,5
4122,,,9,2,2,3,39,18,0,300,4,5
4123,,,15,2,2,3,62,78,300,600,1,5
4124,,,2,2,2,2,35,39,60,180,3,5
4125,,,17,2,2,3,94,54,300,420,2,5
4126,,,8,2,2,1,12,35,420,540,2,5
4127,,,14,1,2,2,36,97,300,600,1,5
4128,,,17,2,2,3,43,55,420,540,4,5
4129,,,6,2,2,2,0,96,180,300,1,5
4130,,,1,1,2,3,50,82,420,540,2,5
4131,,,12,1,2,3,72,66,420,540,1,5
4132,,,9,1,2,3,81,23,300,600,4,5
4133,,,10,1,2,1,12,35,300,600,2,5
4134,,,13,1,2,2,82,11,300,600,2,5
4135,,,9,1,2,3,50,56,420,540,1,5
4136,,,9,2,2,1,7,77,60,180,2,5
4137,,,2,1,2,2,0,90,300,600,4,5
4138,,,4,2,2,2,74,2,0,300,3,5
4139,,,8,1,2,3,77,46,420,540,1,5
4140,,,11,2,2,2,0,74,420,540,1,5
4141,,,12,1,2,3,56,99,420,540,4,5
4142,,,7,2,2,1,62,82,180,300,2,5
4143,,,12,1,2,3,39,34,420,540,2,5
4144,,,11,1,2,1,48,2,420,540,2,5
4145,,,7,2,2,1,59,25,420,540,1,5
4146,,,11,2,2,3,76,95,0,300,1,5
4147,,,5,1,2,1,31,45,300,600,3,5
4148,,,8,1,2,1,33,35,300,600,1,5
4149,,,16,2,2,2,97,63,0,300,1,5
4150,,,15,2,2,3,81,55,420,540,3,5
4151,,,12,2,2,3,94,6,300,600,3,5
4152,,,9,1,2,3,65,51,420,540,3,5
4153,,,9,2,2,1,91,28,60,180,4,5
4154,,,9,2,2,1,8,0,180,300,3,5
4155,,,8,2,2,3,17,34,0,300,4,5
4156,,,12,2,2,1,30,80,180,300,2,5
4157,,,12,2,2,1,9,56,60,180,4,5
4158,,,2,2,2,2,6,65,180,300,1,5
4159,,,9,1,2,3,72,33,300,600,2,5
4160,,,10,1,2,2,95,88,420,540,2,5
4161,,,14,1,2,2,23,69,420,540,1,5
4162,,,15,2,2,2,62,96,0,300,3,5
4163,,,5,1,2,1,45,19,420,540,3,5
4164,,,13,2,2,3,54,66,60,180,3,5
4165,,,3,2,2,1,66,23,180,300,1,5
4166,,,4,1,2,1,47,85,420,540,4,5
4167,,,6,1,2,2,60,68,300,600,2,5
4168,,,15,1,2,1,23,79,420,540,1,5
4169,,,10,1,2,2,9,13,300,600,1,5
4170,,,10,2,2,2,87,50,300,600,4,5
4171,,,8,2,2,1,77,33,300,600,3,5
4172,,,14,2,2,3,84,32,300,420,2,5
4173,,,10,1,2,2,28,47,300,600,3,5
4174,,,9,2,2,3,10,15,180,300,4,5
4175,,,8,1,2,1,18,65,300,600,2,5
4176,,,5,2,2,3,98,72,420,540,3,5
4177,,,6,1,2,3,70,7,300,600,2,5
4178,,,14,1,2,1,7,17,420,540,2,5
4179,,,14,2,2,1,52,19,60,180,1,5
4180,,,12,2,2,1,7,55,180,300,1,5
4181,,,5,1,2,2,62,22,300,600,4,5
4182,,,15,2,2,2,49,27,300,600,3,5
4183,,,7,2,2,3,24,93,180,300,2,5
4184,,,9,2,2,1,45,58,180,300,4,5
4185,,,13,2,2,2,2,96,180,300,2,5
4186,,,17,2,2,2,60,77,60,180,1,5
4187,,,11,1,2,1,41,38,420,540,3,5
4188,,,6,2,2,2,30,71,300,600,4,5
4189,,,14,2,2,3,15,39,0,300,2,5
4190,,,15,1,2,1,53,99,300,600,3,5
4191,,,6,1,2,2,9,96,420,540,1,5
4192,,,13,2,2,1,97,12,60,180,2,5
4193,,,6,2,2,1,20,98,300,600,1,5
4194,,,5,2,2,3,24,45,0,300,1,5
4195,,,9,2,2,1,61,36,180,300,1,5
4196,,,12,1,2,1,78,21,300,600,2,5
4197,,,15,2,2,2,72,5,0,300,3,5
4198,,,15,2,2,2,97,69,420,540,4,5
4199,,,7,2,2,1,3,28,420,540,2,5
4200,,,2,2,2,2,6,70,300,600,4,5
4201,,,7,2,2,3,2,63,300,600,4,5
4202,,,8,2,2,1,79,63,0,300,4,5
4203,,,13,2,2,1,100,12,60,180,4,5
4204,,,15,2,2,2,98,17,300,600,4,5
4205,,,12,2,2,3,84,56,60,180,1,5
4206,,,5,2,2,3,11,68,420,540,4,5
4207,,,10,2,2,3,49,96,420,540,4,5
4208,,,5,2,2,1,50,27,300,420,3,5
4209,,,9,1,2,3,21,77,300,600,3,5
4210,,,5,2,2,3,71,60,420,540,2,5
4211,,,7,2,2,2,12,88,60,180,3,5
4212,,,9,2,2,3,15,29,420,540,2,5
4213,,,5,1,2,2,28,84,420,540,2,5
4214,,,5,1,2,2,16,34,300,600,3,5
4215,,,3,2,2,3,29,25,420,540,1,5
4216,,,13,1,2,1,25,92,420,540,4,5
4217,,,2,2,2,2,74,50,0,300,3,5
4218,,,11,1,2,2,9,4,300,600,3,5
4219,,,6,1,2,2,29,39,300,600,3,5
4220,,,13,2,2,1,22,71,0,300,4,5
4221,,,13,2,2,3,6,69,180,300,1,5
4222,,,9,1,2,1,33,16,300,600,2,5
4223,,,15,2,2,2,24,14,60,180,3,5
4224,,,13,1,2,1,98,46,420,540,2,5
4225,,,11,2,2,1,70,3,300,420,1,5
4226,,,5,1,2,1,73,11,300,600,2,5
4227,,,5,2,2,2,60,9,420,540,3,5
4228,,,4,1,2,3,85,42,300,600,2,5
4229,,,7,1,2,1,16,47,300,600,4,5
4230,,,11,1,2,1,97,12,300,600,4,5
4231,,,6,1,2,1,31,31,300,600,1,5
4232,,,10,2,2,1,73,97,420,540,3,5
4233,,,9,1,2,3,23,100,420,540,3,5
4234,,,13,2,2,3,68,81,420,540,1,5
4235,,,6,2,2,2,49,91,60,180,3,5
4236,,,9,2,2,3,50,14,420,540,3,5
4237,,,8,1,2,2,82,59,300,600,1,5
4238,,,13,1,2,3,20,47,420,540,2,5
4239,,,10,2,2,3,74,39,300,600,4,5
4240,,,12,1,2,1,63,90,420,540,4,5
4241,,,14,2,2,1,8,45,60,180,2,5
4242,,,15,2,2,2,35,4,180,300,4,5
4243,,,15,1,2,2,28,87,420,540,3,5
4244,,,2,2,2,1,0,66,420,540,2,5
4245,,,6,1,2,3,97,27,420,540,4,5
4246,,,11,1,2,2,41,94,300,600,3,5
4247,,,11,1,2,1,70,73,420,540,2,5
4248,,,2,1,2,1,51,61,420,540,4,5
4249,,,9,1,2,1,74,87,300,600,3,5
4250,,,8,1,2,3,60,87,420,540,3,5
4251,,,7,1,2,3,96,12,420,540,1,5
4252,,,11,2,2,1,54,22,300,420,3,5
4253,,,13,1,2,3,73,47,420,540,1,5
4254,,,14,2,2,3,47,33,180,300,3,5
4255,,,10,1,2,3,100,44,420,540,1,5
4256,,,9,1,2,1,61,18,420,540,2,5
4257,,,9,1,2,3,20,27,420,540,4,5
4258,,,15,1,2,3,67,12,300,600,3,5
4259,,,1,1,2,2,23,86,420,540,4,5
4260,,,2,1,2,3,56,33,420,540,3,5
4261,,,12,1,2,2,88,38,300,600,3,5
4262,,,11,1,2,1,27,65,300,600,4,5
4263,,,4,1,2,1,36,17,300,600,4,5
4264,,,16,2,2,2,28,85,180,300,3,5
4265,,,3,1,2,1,88,19,420,540,4,5
4266,,,5,1,2,3,99,43,300,600,3,5
4267,,,11,2,2,3,23,90,420,540,2,5
4268,,,14,2,2,3,40,56,0,300,1,5
4269,,,1,1,2,1,2,43,300,600,1,5
4270,,,10,2,2,2,29,72,300,600,1,5
4271,,,8,1,2,3,51,34,300,600,4,5
4272,,,5,2,2,3,57,82,420,540,4,5
4273,,,8,2,2,1,89,44,300,600,3,5
4274,,,2,2,2,1,35,75,0,300,1,5
4275,,,12,2,2,1,89,57,300,600,3,5
4276,,,14,2,2,2,84,76,60,180,2,5
4277,,,9,1,2,1,18,68,300,600,4,5
4278,,,13,2,2,2,98,69,60,180,4,5
4279,,,7,1,2,3,87,74,420,540,4,5
4280,,,11,1,2,1,5,93,300,600,1,5
4281,,,16,2,2,3,79,77,180,300,2,5
4282,,,9,2,2,2,89,89,180,300,2,5
4283,,,5,2,2,3,49,76,60,180,4,5
4284,,,6,2,2,1,19,52,180,300,4,5
4285,,,2,2,2,3,72,50,420,540,1,5
4286,,,7,2,2,1,61,27,60,180,3,5
4287,,,9,1,2,2,46,72,300,600,1,5
4288,,,6,2,2,2,85,37,420,540,1,5
4289,,,6,1,2,2,71,23,300,600,2,5
4290,,,9,1,2,1,25,70,300,600,2,5
4291,,,9,1,2,1,84,4,420,540,4,5
4292,,,9,1,2,1,45,52,420,540,2,5
4293,,,5,1,2,2,88,68,300,600,3,5
4294,,,4,2,2,1,51,2,60,180,3,5
4295,,,6,1,2,1,39,8,420,540,4,5
4296,,,15,2,2,3,32,52,180,300,3,5
4297,,,7,1,2,2,19,45,420,540,1,5
4298,,,14,1,2,2,84,77,420,540,3,5
4299,,,11,2,2,3,93,6,60,180,4,5
4300,,,8,1,2,3,33,18,300,600,2,5
4301,,,13,2,2,3,84,80,420,540,3,5
4302,,,9,1,2,1,36,25,300,600,2,5
4303,,,8,2,2,3,81,77,0,300,3,5
4304,,,4,1,2,3,20,61,420,540,4,5
4305,,,11,1,2,2,41,86,420,540,4,5
4306,,,8,1,2,2,66,74,300,600,3,5
4307,,,12,1,2,3,38,53,300,600,3,5
4308,,,9,2,2,3,83,69,420,540,1,5
4309,,,10,1,2,2,27,90,300,600,3,5
4310,,,14,1,2,2,6,88,420,540,1,5
4311,,,8,2,2,2,71,49,300,600,3,5
4312,,,10,2,2,1,13,2,420,540,4,5
4313,,,13,2,2,1,37,34,180,300,3,5
4314,,,8,1,2,2,81,62,300,600,4,5
4315,,,15,1,2,3,2,86,300,600,3,5
4316,,,5,2,2,1,31,73,0,300,4,5
4317,,,15,2,2,1,85,1,420,540,4,5
4318,,,9,2,2,3,34,87,0,300,2,5
4319,,,10,2,2,2,16,49,60,180,3,5
4320,,,8,2,2,2,2,33,60,180,3,5
4321,,,14,2,2,2,86,52,180,300,2,5
4322,,,15,2,2,2,3,78,420,540,4,5
4323,,,11,1,2,2,65,83,420,540,3,5
4324,,,6,1,2,2,78,43,420,540,3,5
4325,,,10,2,2,2,24,8,60,180,2,5
4326,,,3,2,2,2,22,55,0,300,2,5
4327,,,12,2,2,2,65,49,300,600,1,5
4328,,,12,2,2,1,76,41,180,300,4,5
4329,,,4,2,2,3,52,44,420,540,3,5
4330,,,14,1,2,1,57,82,300,600,2,5
4331,,,9,1,2,3,6,16,420,540,1,5
4332,,,17,2,2,3,16,30,180,300,2,5
4333,,,3,1,2,1,10,32,420,540,2,5
4334,,,9,2,2,3,59,7,420,540,1,5
4335,,,8,2,2,3,91,28,60,180,3,5
4336,,,6,1,2,2,42,3,300,600,1,5
4337,,,8,2,2,1,33,98,0,300,3,5
4338,,,13,2,2,3,59,3,420,540,4,5
4339,,,4,1,2,1,3,86,420,540,1,5
4340,,,7,2,2,3,1,68,300,420,2,5
4341,,,7,1,2,1,5,58,420,540,3,5
4342,,,10,2,2,1,28,25,60,180,2,5
4343,,,8,2,2,3,90,28,300,420,2,5
4344,,,10,1,2,2,79,47,300,600,3,5
4345,,,10,1,2,1,8,11,300,600,4,5
4346,,,15,1,2,2,34,5,300,600,3,5
4347,,,10,2,2,3,79,75,60,180,1,5
4348,,,10,2,2,1,85,17,0,300,1,5
4349,,,3,1,2,2,9,67,420,540,2,5
4350,,,9,1,2,3,64,16,300,600,4,5
4351,,,15,2,2,2,6,39,420,540,1,5
4352,,,4,2,2,1,31,97,0,300,2,5
4353,,,4,2,2,1,4,14,180,300,4,5
4354,,,6,1,2,3,95,65,300,600,2,5
4355,,,14,1,2,1,45,97,300,600,1,5
4356,,,6,2,2,3,44,3,60,180,2,5
4357,,,14,2,2,2,98,43,300,600,1,5
4358,,,5,1,2,2,68,83,300,600,3,5
4359,,,2,1,2,1,87,33,300,600,2,5
4360,,,6,2,2,1,80,57,180,300,4,5
4361,,,4,2,2,3,100,7,180,300,4,5
4362,,,3,2,2,2,34,91,300,420,4,5
4363,,,5,1,2,3,22,54,420,540,2,5
4364,,,13,2,2,1,33,62,420,540,4,5
4365,,,6,2,2,3,68,20,300,600,1,5
4366,,,8,1,2,3,88,47,420,540,4,5
4367,,,6,1,2,1,88,60,300,600,4,5
4368,,,3,2,2,3,10,47,0,300,2,5
4369,,,4,1,2,3,27,35,420,540,1,5
4370,,,10,2,2,2,23,6,180,300,1,5
4371,,,6,2,2,2,14,72,300,600,4,5
4372,,,10,1,2,1,82,10,420,540,3,5
4373,,,5,2,2,1,93,88,180,300,2,5
4374,,,4,2,2,1,7,73,420,540,2,5
4375,,,6,2,2,3,46,2,420,540,3,5
4376,,,7,1,2,2,75,66,420,540,2,5
4377,,,3,1,2,2,55,73,300,600,3,5
4378,,,12,1,2,2,32,9,420,540,1,5
4379,,,10,2,2,3,21,19,0,300,1,5
4380,,,8,2,2,2,86,55,60,180,3,5
4381,,,16,2,2,1,70,61,60,180,2,5
4382,,,3,1,2,3,89,87,300,600,1,5
4383,,,7,2,2,3,35,81,180,300,4,5
4384,,,9,1,2,1,14,88,300,600,4,5
4385,,,3,2,2,3,42,8,300,420,1,5
4386,,,6,1,2,3,13,6,300,600,4,5
4387,,,2,1,2,1,5,10,300,600,3,5
4388,,,14,2,2,1,12,86,0,300,1,5
4389,,,6,1,2,3,2,79,300,600,4,5
4390,,,3,2,2,1,92,9,0,300,4,5
4391,,,13,1,2,1,67,8,420,540,1,5
4392,,,11,1,2,1,93,68,420,540,2,5
4393,,,6,2,2,1,100,0,180,300,3,5
4394,,,8,1,2,2,74,73,420,540,4,5
4395,,,17,2,2,1,84,24,420,540,3,5
4396,,,15,2,2,3,29,10,180,300,1,5
4397,,,15,1,2,2,77,63,420,540,3,5
4398,,,14,1,2,1,1,16,420,540,3,5
4399,,,15,1,2,2,58,57,300,600,1,5
4400,,,15,2,2,2,57,40,300,600,1,5
4401,,,13,1,2,2,27,52,300,600,3,5
4402,,,3,1,2,1,35,78,300,600,2,5
4403,,,13,1,2,2,66,0,300,600,4,5
4404,,,10,1,2,3,89,71,300,600,2,5
4405,,,7,2,2,2,20,69,300,420,2,5
4406,,,10,2,2,1,89,89,180,300,3,5
4407,,,11,2,2,2,38,53,420,540,3,5
4408,,,12,1,2,3,12,75,420,540,1,5
4409,,,12,2,2,1,48,6,60,180,2,5
4410,,,14,2,2,3,5,68,180,300,2,5
4411,,,5,1,2,3,63,39,300,600,1,5
4412,,,15,2,2,3,3,97,300,600,1,5
4413,,,4,2,2,1,0,18,60,180,4,5
4414,,,12,2,2,1,88,6,420,540,3,5
4415,,,9,1,2,1,16,68,300,600,3,5
4416,,,1,1,2,2,73,87,420,540,3,5
4417,,,1,1,2,1,42,13,420,540,2,5
4418,,,16,1,2,3,74,100,420,540,2,5
4419,,,3,1,2,1,32,72,300,600,1,5
4420,,,1,1,2,2,91,10,300,600,1,5
4421,,,12,2,2,2,74,10,0,300,4,5
4422,,,9,2,2,2,46,15,180,300,4,5
4423,,,13,2,2,1,51,75,0,300,3,5
4424,,,15,1,2,1,81,43,420,540,3,5
4425,,,13,1,2,3,12,70,420,540,3,5
4426,,,16,2,2,3,66,34,0,300,3,5
4427,,,12,1,2,2,76,92,300,600,1,5
4428,,,6,2,2,3,71,56,60,180,1,5
4429,,,8,1,2,2,1,79,420,540,4,5
4430,,,11,2,2,1,45,17,60,180,4,5
4431,,,7,1,2,2,22,50,300,600,4,5
4432,,,10,2,2,2,1,25,0,300,4,5
4433,,,3,2,2,1,45,71,60,180,2,5
4434,,,14,1,2,3,82,86,420,540,1,5
4435,,,14,2,2,2,70,49,0,300,2,5
4436,,,8,2,2,3,79,36,300,600,2,5
4437,,,9,1,2,3,58,60,300,600,1,5
4438,,,13,1,2,2,98,54,420,540,2,5
4439,,,12,2,2,2,11,25,60,180,3,5
4440,,,9,2,2,2,91,71,180,300,3,5
4441,,,11,1,2,3,83,40,420,540,4,5
4442,,,9,2,2,1,100,76,420,540,3,5
4443,,,2,1,2,2,5,71,300,600,2,5
4444,,,10,2,2,1,24,86,60,180,2,5
4445,,,5,2,2,2,30,5,180,300,4,5
4446,,,14,1,2,3,90,73,420,540,1,5
4447,,,5,2,2,3,40,42,60,180,1,5
4448,,,15,2,2,2,6,48,0,300,4,5
4449,,,12,2,2,2,9,78,300,420,3,5
4450,,,11,1,2,2,82,34,420,540,3,5
4451,,,12,1,2,2,88,1,300,600,4,5
4452,,,11,1,2,3,46,18,420,540,1,5
4453,,,13,1,2,1,98,68,300,600,1,5
4454,,,11,1,2,1,34,5,420,540,3,5
4455,,,8,2,2,1,81,88,0,300,3,5
4456,,,5,2,2,2,88,12,420,540,3,5
4457,,,16,2,2,3,65,66,60,180,2,5
4458,,,12,2,2,2,16,49,0,300,3,5
4459,,,16,1,2,3,42,22,420,540,3,5
4460,,,5,2,2,1,5,26,180,300,2,5
4461,,,15,2,2,3,73,49,420,540,1,5
4462,,,8,2,2,1,65,64,60,180,2,5
4463,,,9,2,2,2,78,59,420,540,2,5
4464,,,7,1,2,2,31,66,420,540,1,5
4465,,,10,1,2,3,13,50,300,600,4,5
4466,,,14,2,2,1,87,11,60,180,4,5
4467,,,3,2,2,2,7,18,180,300,1,5
4468,,,9,1,2,2,36,32,300,600,4,5
4469,,,8,2,2,3,37,34,180,300,2,5
4470,,,15,2,2,1,24,20,180,300,2,5
4471,,,8,1,2,3,23,56,420,540,1,5
4472,,,7,2,2,2,9,4,0,300,3,5
4473,,,4,2,2,3,68,62,180,300,2,5
4474,,,13,1,2,2,3,44,300,600,1,5
4475,,,14,2,2,1,90,21,60,180,3,5
4476,,,7,2,2,1,63,13,300,600,4,5
4477,,,12,2,2,2,36,88,420,540,4,5
4478,,,5,2,2,1,92,63,60,180,3,5
4479,,,14,2,2,3,54,38,60,180,2,5
4480,,,14,2,2,3,42,65,420,540,1,5
4481,,,4,2,2,2,8,93,420,540,1,5
4482,,,6,2,2,2,90,71,180,300,2,5
4483,,,12,1,2,1,74,87,300,600,3,5
4484,,,3,2,2,3,14,79,60,180,3,5
4485,,,12,2,2,1,50,76,180,300,4,5
4486,,,11,1,2,3,22,99,420,540,2,5
4487,,,14,1,2,2,6,58,420,540,2,5
4488,,,4,1,2,2,64,73,420,540,2,5
4489,,,4,1,2,3,23,66,300,600,4,5
4490,,,7,2,2,2,9,10,300,600,2,5
4491,,,6,1,2,3,30,17,300,600,1,5
4492,,,4,1,2,2,17,13,300,600,3,5
4493,,,15,1,2,2,98,66,420,540,1,5
4494,,,7,1,2,2,3,12,300,600,2,5
4495,,,3,2,2,2,79,56,420,540,4,5
4496,,,5,1,2,3,67,10,420,540,3,5
4497,,,2,1,2,2,86,38,300,600,2,5
4498,,,15,2,2,3,85,80,60,180,1,5
4499,,,4,2,2,3,9,88,300,420,3,5
4500,,,9,1,2,2,27,85,420,540,3,5
4501,,,15,1,2,3,63,51,300,600,4,5
4502,,,7,1,2,3,81,47,420,540,4,5
4503,,,13,2,2,1,44,35,420,540,2,5
4504,,,16,2,2,3,71,74,420,540,3,5
4505,,,17,2,2,3,56,18,420,540,4,5
4506,,,8,1,2,3,92,87,300,600,3,5
4507,,,9,2,2,1,58,87,180,300,3,5
4508,,,13,2,2,3,1,13,420,540,2,5
4509,,,14,1,2,3,15,71,420,540,1,5
4510,,,12,2,2,2,18,95,180,300,3,5
4511,,,10,1,2,2,91,74,300,600,2,5
4512,,,14,2,2,3,62,8,180,300,3,5
4513,,,14,2,2,3,85,86,420,540,1,5
4514,,,1,1,2,2,46,44,300,600,1,5
4515,,,15,2,2,1,50,6,180,300,3,5
4516,,,13,1,2,1,53,91,300,600,4,5
4517,,,3,1,2,3,31,6,420,540,3,5
4518,,,13,1,2,2,80,2,420,540,4,5
4519,,,14,1,2,1,88,2,420,540,4,5
4520,,,10,1,2,3,49,88,300,600,3,5
4521,,,12,2,2,1,16,11,0,300,3,5
4522,,,12,2,2,3,33,39,300,420,2,5
4523,,,11,1,2,1,97,57,300,600,3,5
4524,,,12,1,2,3,86,62,420,540,3,5
4525,,,11,1,2,1,46,21,300,600,3,5
4526,,,3,1,2,3,95,12,420,540,2,5
4527,,,11,2,2,3,39,45,0,300,4,5
4528,,,14,1,2,2,79,52,300,600,4,5
4529,,,8,2,2,2,1,50,60,180,3,5
4530,,,13,2,2,3,75,54,180,300,1,5
4531,,,7,2,2,2,58,84,180,300,3,5
4532,,,6,1,2,3,99,25,420,540,2,5
4533,,,14,1,2,3,39,100,300,600,1,5
4534,,,4,2,2,1,37,45,0,300,2,5
4535,,,13,2,2,2,98,38,420,540,4,5
4536,,,2,2,2,3,69,88,0,300,2,5
4537,,,15,1,2,1,81,93,300,600,4,5
4538,,,15,2,2,3,93,38,0,300,2,5
4539,,,9,1,2,2,5,71,420,540,1,5
4540,,,3,2,2,2,70,76,180,300,3,5
4541,,,8,2,2,2,31,42,0,300,2,5
4542,,,2,1,2,3,68,53,300,600,3,5
4543,,,10,2,2,3,69,96,420,540,2,5
4544,,,6,2,2,2,71,70,180,300,2,5
4545,,,2,2,2,2,93,71,0,300,1,5
4546,,,9,2,2,2,72,94,420,540,1,5
4547,,,15,1,2,3,39,7,420,540,3,5
4548,,,13,1,2,3,68,25,420,540,3,5
4549,,,4,2,2,2,89,7,60,180,4,5
4550,,,4,1,2,2,48,71,420,540,4,5
4551,,,3,1,2,2,70,83,300,600,1,5
4552,,,5,2,2,1,50,29,180,300,3,5
4553,,,16,2,2,3,66,61,420,540,2,5
4554,,,10,1,2,1,27,88,420,540,2,5
4555,,,14,2,2,2,92,31,420,540,3,5
4556,,,9,2,2,2,63,40,60,180,1,5
4557,,,3,1,2,3,0,26,300,600,4,5
4558,,,8,1,2,2,39,66,300,600,2,5
4559,,,14,1,2,3,86,42,420,540,2,5
4560,,,13,2,2,2,11,21,420,540,1,5
4561,,,7,2,2,3,23,99,60,180,3,5
4562,,,7,2,2,2,26,73,420,540,4,5
4563,,,6,2,2,1,47,51,180,300,2,5
4564,,,12,1,2,1,9,61,420,540,4,5
4565,,,5,2,2,1,16,12,60,180,3,5
4566,,,6,1,2,3,75,5,420,540,2,5
4567,,,4,1,2,3,90,74,420,540,2,5
4568,,,9,2,2,3,77,50,300,600,1,5
4569,,,10,2,2,2,7,90,300,600,1,5
4570,,,8,1,2,3,4,0,300,600,3,5
4571,,,7,2,2,2,71,86,180,300,4,5
4572,,,14,1,2,2,28,96,420,540,4,5
4573,,,13,2,2,3,46,84,420,540,3,5
4574,,,7,1,2,3,71,3,420,540,1,5
4575,,,7,1,2,2,80,97,300,600,1,5
4576,,,3,2,2,1,72,28,0,300,1,5
4577,,,4,2,2,3,71,95,180,300,2,5
4578,,,13,2,2,1,34,7,0,300,3,5
4579,,,4,2,2,1,52,69,60,180,1,5
4580,,,3,1,2,3,70,55,300,600,1,5
4581,,,7,1,2,3,54,89,300,600,2,5
4582,,,14,2,2,2,17,7,0,300,4,5
4583,,,5,2,2,1,72,66,0,300,3,5
4584,,,13,1,2,1,50,77,300,600,2,5
4585,,,11,2,2,1,28,11,420,540,2,5
4586,,,8,2,2,2,50,25,0,300,1,5
4587,,,6,2,2,3,37,35,420,540,2,5
4588,,,6,2,2,1,4,40,60,180,2,5
4589,,,2,2,2,2,69,0,60,180,1,5
4590,,,8,1,2,2,50,6,300,600,1,5
4591,,,2,2,2,1,80,100,300,600,3,5
4592,,,11,2,2,3,24,8,420,540,2,5
4593,,,11,1,2,3,35,79,420,540,2,5
4594,,,5,1,2,1,18,5,420,540,3,5
4595,,,3,2,2,3,35,80,180,300,2,5
4596,,,9,2,2,1,84,54,180,300,4,5
4597,,,8,1,2,1,54,22,300,600,2,5
4598,,,13,2,2,2,6,28,420,540,1,5
4599,,,13,1,2,2,22,79,300,600,3,5
4600,,,4,1,2,3,2,8,300,600,2,5
4601,,,9,2,2,2,20,21,60,180,2,5
4602,,,11,1,2,1,5,81,420,540,3,5
4603,,,2,2,2,2,87,52,300,420,3,5
4604,,,9,2,2,3,54,41,60,180,2,5
4605,,,11,2,2,3,18,79,300,420,1,5
4606,,,5,1,2,2,17,40,300,600,4,5
4607,,,13,2,2,3,15,4,420,540,4,5
4608,,,3,2,2,2,93,64,300,420,1,5
4609,,,9,2,2,3,86,2,180,300,1,5
4610,,,10,2,2,2,33,38,60,180,1,5
4611,,,4,2,2,2,0,30,180,300,1,5
4612,,,6,2,2,2,31,84,60,180,1,5
4613,,,6,2,2,2,8,52,60,180,2,5
4614,,,9,1,2,3,95,67,300,600,3,5
4615,,,13,2,2,3,68,19,0,300,4,5
4616,,,13,1,2,3,33,78,300,600,1,5
4617,,,8,2,2,3,40,50,180,300,1,5
4618,,,3,2,2,2,59,97,420,540,2,5
4619,,,10,2,2,3,96,62,420,540,1,5
4620,,,9,1,2,1,70,61,420,540,4,5
4621,,,10,2,2,2,34,77,420,540,4,5
4622,,,11,1,2,1,54,0,300,600,3,5
4623,,,4,1,2,1,52,71,300,600,4,5
4624,,,12,2,2,1,61,56,0,300,4,5
4625,,,14,2,2,3,4,33,0,300,4,5
4626,,,10,2,2,2,28,20,420,540,2,5
4627,,,4,2,2,2,18,42,420,540,1,5
4628,,,4,1,2,2,41,32,420,540,2,5
4629,,,10,2,2,1,6,69,420,540,4,5
4630,,,15,2,2,1,64,64,180,300,3,5
4631,,,7,2,2,3,75,21,300,600,4,5
4632,,,8,2,2,2,16,81,300,420,1,5
4633,,,8,1,2,3,60,94,420,540,4,5
4634,,,11,2,2,3,96,66,180,300,3,5
4635,,,9,2,2,3,43,14,420,540,2,5
4636,,,6,2,2,3,39,39,420,540,1,5
4637,,,2,1,2,2,99,9,300,600,2,5
4638,,,3,2,2,2,80,50,180,300,1,5
4639,,,15,2,2,1,87,29,180,300,3,5
4640,,,8,1,2,3,6,23,300,600,4,5
4641,,,14,1,2,1,33,52,420,540,2,5
4642,,,8,1,2,2,100,83,300,600,4,5
4643,,,9,1,2,1,4,49,300,600,2,5
4644,,,13,2,2,2,8,52,0,300,3,5
4645,,,13,2,2,1,92,3,300,600,3,5
4646,,,6,2,2,2,21,87,300,420,1,5
4647,,,14,2,2,1,22,32,60,180,4,5
4648,,,12,2,2,1,48,15,60,180,2,5
4649,,,16,2,2,3,93,52,300,600,1,5
4650,,,16,1,2,3,51,70,420,540,4,5
4651,,,6,1,2,3,59,52,420,540,2,5
4652,,,12,2,2,2,44,94,300,420,3,5
4653,,,5,2,2,1,16,36,420,540,2,5
4654,,,6,2,2,1,10,24,60,180,3,5
4655,,,2,1,2,1,16,58,420,540,3,5
4656,,,2,2,2,1,45,14,300,600,1,5
4657,,,8,1,2,2,8,59,300,600,1,5
4658,,,9,1,2,3,25,37,300,600,3,5
4659,,,6,2,2,1,16,96,0,300,3,5
4660,,,5,1,2,3,51,1,300,600,4,5
4661,,,6,2,2,2,65,60,180,300,3,5
4662,,,15,2,2,1,99,57,0,300,4,5
4663,,,13,2,2,2,54,63,0,300,2,5
4664,,,7,2,2,3,18,54,420,540,3,5
4665,,,6,1,2,2,59,82,420,540,3,5
4666,,,6,2,2,1,91,20,0,300,3,5
4667,,,13,2,2,3,20,30,180,300,3,5
4668,,,8,1,2,3,54,23,300,600,3,5
4669,,,11,1,2,1,21,27,420,540,3,5
4670,,,11,1,2,1,93,80,420,540,3,5
4671,,,7,2,2,2,79,57,60,180,3,5
4672,,,11,2,2,2,43,93,300,600,1,5
4673,,,14,2,2,3,43,30,180,300,4,5
4674,,,8,2,2,2,7,99,180,300,1,5
4675,,,14,1,2,3,26,94,300,600,1,5
4676,,,14,2,2,1,65,32,0,300,2,5
4677,,,15,2,2,1,67,40,60,180,2,5
4678,,,12,1,2,3,13,37,300,600,3,5
4679,,,15,2,2,2,24,98,420,540,1,5
4680,,,13,2,2,2,61,55,420,540,1,5
4681,,,3,2,2,2,30,15,420,540,1,5
4682,,,6,2,2,1,28,22,300,600,3,5
4683,,,10,1,2,1,73,62,300,600,3,5
4684,,,6,2,2,3,41,78,180,300,2,5
4685,,,13,1,2,2,72,75,300,600,1,5
4686,,,12,2,2,1,55,25,420,540,1,5
4687,,,5,1,2,2,3,24,420,540,1,5
4688,,,6,1,2,3,10,58,300,600,4,5
4689,,,15,1,2,2,85,81,300,600,3,5
4690,,,10,1,2,3,69,98,420,540,3,5
4691,,,8,2,2,1,18,67,300,600,2,5
4692,,,13,2,2,1,77,60,300,420,3,5
4693,,,8,2,2,1,19,74,300,600,4,5
4694,,,4,2,2,3,5,60,420,540,2,5
4695,,,11,2,2,2,63,62,300,600,4,5
4696,,,7,1,2,1,41,26,420,540,1,5
4697,,,14,1,2,3,9,7,300,600,2,5
4698,,,6,1,2,1,30,3,300,600,4,5
4699,,,9,2,2,3,45,16,420,540,1,5
4700,,,15,1,2,2,76,10,420,540,1,5
4701,,,8,2,2,3,85,69,60,180,2,5
4702,,,4,2,2,3,50,22,420,540,4,5
4703,,,13,2,2,1,11,100,0,300,2,5
4704,,,7,2,2,3,29,26,180,300,3,5
4705,,,8,2,2,3,67,75,300,420,3,5
4706,,,7,1,2,2,1,21,420,540,1,5
4707,,,2,1,2,1,30,67,420,540,3,5
4708,,,7,1,2,3,94,49,420,540,3,5
4709,,,5,2,2,1,61,54,300,600,3,5
4710,,,3,2,2,3,53,39,0,300,1,5
4711,,,3,1,2,3,36,0,420,540,4,5
4712,,,12,2,2,1,60,55,300,600,1,5
4713,,,9,2,2,3,71,26,300,420,4,5
4714,,,12,1,2,3,56,92,300,600,3,5
4715,,,9,2,2,2,19,99,0,300,4,5
4716,,,10,1,2,3,96,4,300,600,4,5
4717,,,6,1,2,2,56,64,420,540,2,5
4718,,,15,1,2,3,62,46,420,540,4,5
4719,,,11,1,2,2,18,96,300,600,4,5
4720,,,5,2,2,1,77,100,300,420,2,5
4721,,,16,2,2,1,0,28,180,300,2,5
4722,,,15,1,2,2,11,94,420,540,1,5
4723,,,6,2,2,1,76,59,420,540,1,5
4724,,,5,2,2,2,57,10,0,300,3,5
4725,,,5,2,2,1,78,90,180,300,1,5
4726,,,5,2,2,1,18,39,60,180,4,5
4727,,,1,1,2,2,20,96,420,540,4,5
4728,,,11,2,2,3,9,61,60,180,3,5
4729,,,9,2,2,3,67,13,300,420,2,5
4730,,,15,2,2,2,60,28,300,600,4,5
4731,,,2,1,2,3,46,68,420,540,2,5
4732,,,11,1,2,2,49,74,420,540,1,5
4733,,,7,2,2,1,94,9,60,180,1,5
4734,,,8,2,2,2,42,62,300,420,3,5
4735,,,13,1,2,3,8,62,420,540,2,5
4736,,,6,2,2,1,92,29,420,540,2,5
4737,,,4,1,2,1,26,37,300,600,4,5
4738,,,10,1,2,3,85,27,300,600,1,5
4739,,,9,2,2,1,74,78,180,300,2,5
4740,,,13,2,2,2,92,98,180,300,1,5
4741,,,4,1,2,3,25,73,300,600,2,5
4742,,,13,1,2,1,44,57,300,600,1,5
4743,,,5,2,2,2,90,7,180,300,1,5
4744,,,7,1,2,3,27,56,420,540,4,5
4745,,,15,2,2,3,28,9,60,180,4,5
4746,,,3,1,2,3,10,39,300,600,4,5
4747,,,10,1,2,1,68,66,420,540,3,5
4748,,,3,1,2,3,6,5,300,600,3,5
4749,,,7,2,2,1,21,13,300,420,4,5
4750,,,13,2,2,2,88,87,420,540,4,5
4751,,,6,2,2,1,25,19,420,540,2,5
4752,,,5,2,2,3,28,34,420,540,2,5
4753,,,10,2,2,3,92,15,180,300,1,5
4754,,,15,1,2,1,45,67,300,600,1,5
4755,,,5,1,2,2,90,18,420,540,3,5
4756,,,6,2,2,3,73,58,420,540,1,5
4757,,,3,2,2,3,20,99,180,300,2,5
4758,,,13,2,2,1,2,26,420,540,3,5
4759,,,8,2,2,1,8,75,180,300,3,5
4760,,,2,1,2,2,42,48,420,540,4,5
4761,,,6,2,2,1,33,85,300,420,2,5
4762,,,3,2,2,3,61,77,60,180,4,5
4763,,,5,2,2,2,25,41,0,300,3,5
4764,,,2,1,2,2,12,68,420,540,2,5
4765,,,10,2,2,2,68,76,60,180,4,5
4766,,,9,1,2,3,28,25,300,600,3,5
4767,,,4,2,2,3,84,18,300,420,3,5
4768,,,12,1,2,1,29,69,300,600,4,5
4769,,,2,2,2,2,95,52,0,300,2,5
4770,,,14,2,2,2,75,16,300,420,1,5
4771,,,4,1,2,3,32,94,420,540,1,5
4772,,,3,2,2,2,11,26,180,300,2,5
4773,,,4,2,2,3,45,0,300,600,1,5
4774,,,11,1,2,3,16,46,420,540,1,5
4775,,,2,2,2,3,57,72,0,300,3,5
4776,,,12,1,2,3,41,12,300,600,2,5
4777,,,4,2,2,3,33,30,420,540,4,5
4778,,,8,2,2,2,71,32,60,180,4,5
4779,,,7,1,2,1,17,45,300,600,1,5
4780,,,5,2,2,2,40,81,300,420,2,5
4781,,,14,2,2,2,80,11,60,180,1,5
4782,,,14,1,2,1,76,20,300,600,3,5
4783,,,11,2,2,1,49,67,420,540,1,5
4784,,,5,1,2,3,88,49,300,600,3,5
4785,,,12,2,2,3,85,51,420,540,1,5
4786,,,15,1,2,2,98,89,420,540,3,5
4787,,,15,2,2,1,66,17,0,300,3,5
4788,,,5,1,2,1,72,48,300,600,1,5
4789,,,15,1,2,3,74,21,420,540,3,5
4790,,,8,2,2,2,81,7,0,300,2,5
4791,,,9,1,2,2,11,61,300,600,4,5
4792,,,4,2,2,2,99,95,180,300,1,5
4793,,,4,1,2,3,84,13,420,540,3,5
4794,,,3,1,2,2,41,5,420,540,3,5
4795,,,10,1,2,3,43,31,420,540,3,5
4796,,,13,2,2,2,32,50,420,540,3,5
4797,,,7,2,2,3,19,98,0,300,2,5
4798,,,10,1,2,1,89,32,300,600,3,5
4799,,,14,1,2,3,4,93,300,600,1,5
4800,,,9,1,2,2,47,61,300,600,3,5
4801,,,4,1,2,2,41,73,300,600,1,5
4802,,,11,2,2,2,32,78,0,300,2,5
4803,,,4,1,2,3,76,23,420,540,4,5
4804,,,12,1,2,2,92,97,420,540,4,5
4805,,,14,1,2,1,46,1,420,540,2,5
4806,,,11,1,2,2,73,97,300,600,2,5
4807,,,11,1,2,1,54,66,300,600,2,5
4808,,,14,1,2,1,15,18,300,600,1,5
4809,,,3,1,2,2,78,96,300,600,2,5
4810,,,13,1,2,3,29,74,420,540,3,5
4811,,,7,1,2,2,46,41,300,600,1,5
4812,,,2,2,2,2,62,59,60,180,3,5
4813,,,8,2,2,1,11,87,0,300,2,5
4814,,,3,2,2,2,50,14,60,180,2,5
4815,,,5,2,2,2,31,54,60,180,1,5
4816,,,11,1,2,3,47,61,300,600,3,5
4817,,,14,1,2,1,94,75,420,540,2,5
4818,,,8,1,2,2,2,92,420,540,4,5
4819,,,5,2,2,1,1,77,60,180,1,5
4820,,,4,2,2,3,67,43,60,180,1,5
4821,,,5,1,2,3,67,38,420,540,1,5
4822,,,10,2,2,3,62,89,420,540,1,5
4823,,,4,1,2,3,20,30,300,600,3,5
4824,,,2,1,2,2,91,43,420,540,4,5
4825,,,15,1,2,1,67,39,300,600,4,5
4826,,,8,2,2,1,16,36,180,300,2,5
4827,,,12,1,2,3,53,14,300,600,3,5
4828,,,11,1,2,3,41,16,300,600,4,5
4829,,,15,2,2,3,72,73,60,180,1,5
4830,,,6,1,2,2,4,99,420,540,4,5
4831,,,9,1,2,2,0,95,420,540,2,5
4832,,,3,2,2,3,20,57,420,540,2,5
4833,,,11,1,2,1,31,71,300,600,3,5
4834,,,1,1,2,3,21,66,300,600,3,5
4835,,,16,2,2,1,58,42,300,600,1,5
4836,,,11,1,2,3,10,27,300,600,1,5
4837,,,11,2,2,2,47,49,300,600,3,5
4838,,,13,2,2,3,89,6,420,540,3,5
4839,,,5,1,2,1,22,91,300,600,4,5
4840,,,14,2,2,1,64,95,0,300,4,5
4841,,,15,1,2,1,93,64,420,540,1,5
4842,,,7,1,2,3,87,95,300,600,3,5
4843,,,4,2,2,1,3,3,300,600,4,5
4844,,,14,2,2,3,78,89,60,180,2,5
4845,,,3,1,2,3,78,2,300,600,3,5
4846,,,3,1,2,1,1,63,300,600,4,5
4847,,,13,2,2,3,55,82,420,540,2,5
4848,,,9,2,2,1,4,31,180,300,4,5
4849,,,6,1,2,2,82,35,300,600,1,5
4850,,,11,2,2,2,10,64,60,180,4,5
4851,,,14,1,2,3,41,46,420,540,1,5
4852,,,5,2,2,2,22,94,0,300,4,5
4853,,,9,2,2,3,56,68,0,300,4,5
4854,,,12,1,2,2,4,0,420,540,2,5
4855,,,8,1,2,3,68,96,420,540,1,5
4856,,,16,1,2,3,8,84,420,540,2,5
4857,,,3,2,2,1,56,34,420,540,2,5
4858,,,4,1,2,3,15,22,300,600,2,5
4859,,,15,2,2,2,55,66,60,180,1,5
4860,,,7,2,2,3,37,92,420,540,3,5
4861,,,17,2,2,3,58,64,300,600,2,5
4862,,,11,1,2,3,92,29,420,540,4,5
4863,,,2,1,2,3,58,68,420,540,1,5
4864,,,13,1,2,2,78,45,420,540,2,5
4865,,,12,2,2,1,47,82,300,600,1,5
4866,,,12,1,2,2,48,27,420,540,2,5
4867,,,8,1,2,2,38,39,420,540,1,5
4868,,,8,2,2,2,51,11,0,300,4,5
4869,,,7,1,2,2,98,15,420,540,2,5
4870,,,8,2,2,1,0,6,300,600,1,5
4871,,,5,1,2,1,4,68,420,540,1,5
4872,,,12,2,2,1,27,58,0,300,3,5
4873,,,16,2,2,2,70,30,60,180,4,5
4874,,,4,2,2,1,2,53,60,180,1,5
4875,,,12,1,2,3,90,39,420,540,3,5
4876,,,15,2,2,3,91,79,0,300,4,5
4877,,,13,2,2,3,21,31,300,600,3,5
4878,,,12,2,2,1,94,1,180,300,1,5
4879,,,14,2,2,3,54,95,180,300,2,5
4880,,,11,1,2,3,93,43,300,600,1,5
4881,,,9,2,2,3,47,43,0,300,3,5
4882,,,11,1,2,3,83,44,420,540,4,5
4883,,,6,1,2,2,14,41,300,600,4,5
4884,,,8,2,2,3,62,4,180,300,3,5
4885,,,2,1,2,3,21,63,420,540,1,5
4886,,,12,1,2,1,46,31,420,540,4,5
4887,,,15,2,2,2,95,34,300,420,3,5
4888,,,10,2,2,1,69,99,180,300,2,5
4889,,,8,1,2,1,77,10,420,540,1,5
4890,,,13,2,2,2,49,71,300,600,4,5
4891,,,3,2,2,1,26,50,60,180,3,5
4892,,,3,1,2,1,68,26,420,540,4,5
4893,,,8,2,2,3,37,83,420,540,1,5
4894,,,14,1,2,3,96,98,300,600,1,5
4895,,,3,1,2,1,80,96,420,540,4,5
4896,,,12,2,2,1,21,32,300,600,3,5
4897,,,7,2,2,3,3,85,60,180,3,5
4898,,,10,2,2,3,1,81,60,180,2,5
4899,,,6,2,2,2,75,22,60,180,2,5
4900,,,2,2,2,2,12,68,300,600,2,5
4901,,,5,1,2,2,88,75,300,600,4,5
4902,,,16,2,2,2,9,23,300,600,4,5
4903,,,8,1,2,3,83,4,420,540,2,5
4904,,,14,1,2,1,83,31,300,600,1,5
4905,,,12,1,2,2,42,87,420,540,4,5
4906,,,5,2,2,2,66,75,0,300,4,5
4907,,,14,2,2,2,80,69,300,600,4,5
4908,,,15,1,2,1,23,63,420,540,4,5
4909,,,10,2,2,1,97,57,300,600,3,5
4910,,,5,2,2,1,93,68,300,600,2,5
4911,,,10,1,2,3,40,88,420,540,2,5
4912,,,8,2,2,2,100,40,300,600,2,5
4913,,,11,2,2,3,26,96,60,180,3,5
4914,,,16,2,2,2,32,61,300,600,4,5
4915,,,7,1,2,2,24,84,420,540,3,5
4916,,,5,2,2,1,34,6,180,300,3,5
4917,,,13,1,2,3,78,93,300,600,4,5
4918,,,10,2,2,3,49,78,300,420,4,5
4919,,,11,1,2,3,55,16,420,540,2,5
4920,,,9,2,2,1,67,57,420,540,1,5
4921,,,14,1,2,3,39,24,420,540,2,5
4922,,,5,2,2,1,41,50,180,300,3,5
4923,,,8,2,2,3,32,1,180,300,2,5
4924,,,15,2,2,3,4,99,300,600,1,5
4925,,,15,1,2,2,39,74,420,540,3,5
4926,,,13,2,2,2,87,38,60,180,4,5
4927,,,9,1,2,3,78,22,300,600,3,5
4928,,,7,2,2,3,21,29,300,420,1,5
4929,,,13,1,2,1,74,11,420,540,1,5
4930,,,9,1,2,3,93,96,300,600,4,5
4931,,,14,2,2,2,49,41,0,300,1,5
4932,,,9,1,2,1,43,83,420,540,2,5
4933,,,11,1,2,3,58,30,420,540,2,5
4934,,,8,2,2,1,42,33,300,420,4,5
4935,,,12,1,2,2,68,5,420,540,2,5
4936,,,12,1,2,3,51,19,420,540,4,5
4937,,,14,1,2,3,40,18,300,600,3,5
4938,,,5,2,2,1,94,41,180,300,4,5
4939,,,7,2,2,2,59,86,0,300,1,5
4940,,,7,1,2,3,74,89,300,600,1,5
4941,,,6,2,2,2,13,21,300,600,3,5
4942,,,5,1,2,1,81,83,300,600,2,5
4943,,,3,2,2,1,22,38,180,300,1,5
4944,,,8,2,2,3,72,97,0,300,4,5
4945,,,3,1,2,1,85,21,420,540,3,5
4946,,,11,2,2,3,65,84,60,180,2,5
4947,,,5,1,2,1,32,100,420,540,3,5
4948,,,11,1,2,3,92,86,300,600,2,5
4949,,,3,1,2,3,96,98,420,540,2,5
4950,,,5,2,2,1,71,11,0,300,3,5
4951,,,10,2,2,2,38,67,0,300,3,5
4952,,,8,1,2,2,43,94,420,540,2,5
4953,,,7,2,2,1,73,76,0,300,3,5
4954,,,5,2,2,3,75,6,60,180,1,5
4955,,,3,2,2,2,94,44,420,540,1,5
4956,,,12,2,2,3,63,83,0,300,3,5
4957,,,12,2,2,3,10,72,60,180,4,5
4958,,,9,1,2,3,65,28,300,600,3,5
4959,,,10,2,2,2,3,47,420,540,4,5
4960,,,2,2,2,2,11,34,300,600,4,5
4961,,,5,2,2,3,5,49,420,540,1,5
4962,,,11,1,2,2,21,42,300,600,2,5
4963,,,15,1,2,3,30,65,420,540,4,5
4964,,,10,1,2,2,10,93,420,540,1,5
4965,,,7,1,2,2,4,92,420,540,4,5
4966,,,13,2,2,2,35,53,60,180,4,5
4967,,,10,2,2,1,14,20,0,300,4,5
4968,,,13,2,2,3,41,36,60,180,1,5
4969,,,12,2,2,2,70,76,300,600,2,5
4970,,,8,2,2,3,86,4,60,180,1,5
4971,,,11,2,2,3,29,37,180,300,3,5
4972,,,5,2,2,1,6,17,180,300,3,5
4973,,,2,1,2,3,64,23,420,540,3,5
4974,,,9,1,2,3,34,4,300,600,4,5
4975,,,9,1,2,3,4,68,420,540,4,5
4976,,,11,2,2,2,56,92,420,540,1,5
4977,,,12,2,2,1,18,56,0,300,4,5
4978,,,8,1,2,2,22,67,420,540,4,5
4979,,,3,1,2,2,9,27,300,600,2,5
4980,,,3,1,2,3,78,61,300,600,2,5
4981,,,11,2,2,1,12,11,180,300,3,5
4982,,,9,2,2,2,78,75,0,300,2,5
4983,,,8,2,2,1,51,66,60,180,4,5
4984,,,5,1,2,2,30,7,420,540,4,5
4985,,,9,1,2,1,90,90,420,540,4,5
4986,,,14,2,2,1,47,54,60,180,2,5
4987,,,9,2,2,1,56,9,60,180,3,5
4988,,,8,2,2,2,87,49,420,540,1,5
4989,,,10,1,2,3,16,62,300,600,4,5
4990,,,3,1,2,2,24,99,300,600,1,5
4991,,,5,2,2,3,1,24,0,300,1,5
4992,,,5,2,2,2,68,76,420,540,2,5
4993,,,3,2,2,2,22,100,180,300,3,5
4994,,,13,1,2,2,13,58,300,600,4,5
4995,,,3,2,2,3,83,42,0,300,3,5
4996,,,5,1,2,2,24,38,420,540,4,5
4997,,,15,2,2,1,1,32,300,420,4,5
4998,,,15,2,2,2,80,4,60,180,2,5
4999,,,10,1,2,3,86,41,420,540,3,5
5000,,,13,1,2,2,83,67,300,600,2,5
5001,,,3,1,2,3,33,19,420,540,3,5
5002,,,5,2,2,2,46,14,0,300,2,5
5003,,,15,1,2,2,83,4,300,600,4,5
5004,,,6,2,2,2,27,12,420,540,4,5
5005,,,6,2,2,1,99,0,60,180,3,5
5006,,,13,1,2,2,99,97,420,540,3,5
5007,,,7,2,2,1,89,37,0,300,1,5
5008,,,7,1,2,3,53,64,300,600,1,5
5009,,,5,1,2,1,42,53,420,540,4,5
5010,,,5,1,2,2,23,75,300,600,4,5
5011,,,4,1,2,3,10,57,300,600,4,5
5012,,,12,2,2,2,42,4,180,300,1,5
5013,,,10,2,2,2,59,72,180,300,3,5
5014,,,13,2,2,1,34,27,300,420,3,5
5015,,,9,1,2,2,17,9,300,600,3,5
5016,,,4,2,2,3,88,8,0,300,4,5
5017,,,11,2,2,1,1,33,180,300,1,5
5018,,,15,2,2,1,12,20,60,180,2,5
5019,,,11,2,2,1,72,4,420,540,3,5
5020,,,5,1,2,3,9,67,300,600,4,5
5021,,,7,2,2,3,49,57,60,180,3,5
5022,,,15,1,2,3,34,57,300,600,1,5
5023,,,4,2,2,1,18,62,60,180,1,5
5024,,,7,1,2,2,61,81,420,540,3,5
5025,,,14,2,2,2,5,91,60,180,1,5
5026,,,9,1,2,3,97,98,300,600,4,5
5027,,,5,1,2,3,85,96,420,540,4,5
5028,,,2,2,2,1,41,94,180,300,2,5
5029,,,10,2,2,1,94,90,180,300,3,5
5030,,,8,1,2,2,6,56,420,540,2,5
5031,,,10,2,2,3,94,6,300,420,1,5
5032,,,4,1,2,2,42,68,420,540,3,5
5033,,,13,2,2,1,38,58,300,600,2,5
5034,,,2,1,2,1,85,72,420,540,2,5
5035,,,13,1,2,1,100,38,300,600,4,5
5036,,,13,1,2,2,8,69,420,540,3,5
5037,,,6,1,2,3,0,64,300,600,3,5
5038,,,6,2,2,1,48,65,60,180,1,5
5039,,,10,2,2,1,23,25,420,540,3,5
5040,,,14,2,2,1,50,91,180,300,4,5
5041,,,9,2,2,2,49,87,60,180,4,5
5042,,,15,1,2,1,90,38,300,600,3,5
5043,,,11,1,2,1,36,100,420,540,3,5
5044,,,3,1,2,2,59,82,300,600,3,5
5045,,,6,1,2,3,55,76,300,600,1,5
5046,,,2,1,2,2,8,81,300,600,1,5
5047,,,12,2,2,2,6,92,0,300,3,5
5048,,,14,2,2,2,29,100,420,540,1,5
5049,,,10,2,2,3,32,69,300,420,3,5
5050,,,8,2,2,2,86,82,0,300,3,5
5051,,,15,1,2,3,27,87,420,540,1,5
5052,,,1,1,2,3,86,70,420,540,4,5
5053,,,10,2,2,3,59,4,60,180,4,5
5054,,,7,2,2,1,96,98,300,600,1,5
5055,,,11,1,2,2,54,40,420,540,4,5
5056,,,13,2,2,2,7,14,180,300,1,5
5057,,,14,1,2,2,84,52,300,600,1,5
5058,,,3,2,2,1,19,95,420,540,1,5
5059,,,14,1,2,2,70,45,420,540,2,5
5060,,,3,1,2,3,68,99,300,600,4,5
5061,,,11,1,2,1,94,44,300,600,2,5
5062,,,10,1,2,2,71,52,300,600,1,5
5063,,,11,1,2,2,85,58,300,600,2,5
5064,,,15,2,2,2,23,97,0,300,3,5
5065,,,14,2,2,3,17,63,0,300,3,5
5066,,,3,2,2,3,95,28,180,300,4,5
5067,,,10,2,2,3,39,36,180,300,4,5
5068,,,16,1,2,3,47,51,300,600,2,5
5069,,,10,2,2,1,87,13,180,300,2,5
5070,,,2,2,2,2,70,23,180,300,1,5
5071,,,11,2,2,1,66,96,180,300,1,5
5072,,,9,2,2,2,69,75,180,300,3,5
5073,,,14,2,2,3,78,19,0,300,2,5
5074,,,14,1,2,1,68,58,300,600,3,5
5075,,,8,2,2,3,44,94,60,180,4,5
5076,,,10,2,2,1,38,90,180,300,2,5
5077,,,12,1,2,2,40,31,300,600,2,5
5078,,,8,2,2,1,44,22,420,540,3,5
5079,,,8,2,2,2,51,53,300,420,2,5
5080,,,14,1,2,2,55,76,420,540,1,5
5081,,,8,1,2,2,91,78,420,540,4,5
5082,,,12,1,2,2,97,9,420,540,3,5
5083,,,5,1,2,3,74,19,300,600,2,5
5084,,,6,2,2,1,63,84,180,300,4,5
5085,,,15,2,2,1,10,98,0,300,3,5
5086,,,13,1,2,3,100,46,300,600,1,5
5087,,,8,2,2,1,23,13,420,540,1,5
5088,,,14,1,2,3,75,92,300,600,2,5
5089,,,9,2,2,3,54,48,60,180,2,5
5090,,,5,1,2,2,8,48,300,600,2,5
5091,,,15,1,2,3,72,80,300,600,4,5
5092,,,10,2,2,2,32,98,60,180,3,5
5093,,,10,2,2,1,4,33,420,540,4,5
5094,,,4,2,2,3,67,32,300,420,3,5
5095,,,5,1,2,1,7,59,300,600,4,5
5096,,,13,1,2,1,80,5,300,600,4,5
5097,,,13,2,2,1,97,44,0,300,1,5
5098,,,13,1,2,1,6,54,300,600,2,5
5099,,,8,2,2,3,78,91,60,180,2,5
5100,,,5,1,2,1,96,75,300,600,2,5
5101,,,9,1,2,3,32,31,420,540,2,5
5102,,,14,2,2,1,44,74,420,540,2,5
5103,,,6,1,2,1,30,90,300,600,3,5
5104,,,5,1,2,3,0,78,420,540,1,5
5105,,,2,2,2,1,10,70,180,300,2,5
5106,,,11,1,2,2,70,52,420,540,2,5
5107,,,4,1,2,2,40,67,420,540,1,5
5108,,,2,2,2,3,13,16,300,420,4,5
5109,,,2,1,2,2,99,80,420,540,4,5
5110,,,5,2,2,3,99,72,420,540,1,5
5111,,,3,1,2,2,41,75,300,600,2,5
5112,,,12,1,2,2,79,18,420,540,3,5
5113,,,7,1,2,1,5,88,420,540,2,5
5114,,,11,2,2,1,43,10,60,180,4,5
5115,,,4,2,2,3,92,23,180,300,4,5
5116,,,8,1,2,3,99,51,420,540,2,5
5117,,,13,2,2,2,65,82,300,420,2,5
5118,,,9,2,2,2,28,8,180,300,3,5
5119,,,2,1,2,2,67,44,420,540,1,5
5120,,,8,2,2,2,44,86,420,540,2,5
5121,,,5,2,2,3,78,77,0,300,4,5
5122,,,14,1,2,1,54,75,300,600,3,5
5123,,,4,2,2,2,88,78,0,300,4,5
5124,,,12,1,2,1,6,22,300,600,2,5
5125,,,10,2,2,3,25,67,180,300,3,5
5126,,,5,2,2,3,91,1,180,300,4,5
5127,,,3,2,2,3,71,87,60,180,2,5
5128,,,13,2,2,1,37,65,60,180,4,5
5129,,,14,1,2,1,83,92,300,600,2,5
5130,,,6,2,2,2,61,59,180,300,3,5
5131,,,16,2,2,3,52,24,180,300,1,5
5132,,,11,2,2,1,77,6,420,540,1,5
5133,,,13,1,2,1,52,81,300,600,4,5
5134,,,6,1,2,1,21,93,420,540,3,5
5135,,,12,1,2,2,17,42,420,540,1,5
5136,,,3,2,2,1,11,67,0,300,4,5
5137,,,2,2,2,3,100,9,0,300,4,5
5138,,,6,2,2,1,82,19,60,180,2,5
5139,,,12,1,2,2,85,85,300,600,4,5
5140,,,9,2,2,2,68,66,420,540,2,5
5141,,,12,1,2,2,32,46,300,600,1,5
5142,,,4,2,2,1,36,13,420,540,4,5
5143,,,11,1,2,2,95,84,300,600,1,5
5144,,,7,2,2,3,30,86,0,300,1,5
5145,,,8,1,2,2,77,68,300,600,2,5
5146,,,2,2,2,2,95,0,180,300,4,5
5147,,,4,2,2,2,1,39,420,540,1,5
5148,,,6,1,2,1,79,65,300,600,1,5
5149,,,15,2,2,3,61,66,60,180,1,5
5150,,,15,2,2,1,26,40,300,600,3,5
5151,,,10,2,2,1,10,70,60,180,4,5
5152,,,15,1,2,2,56,33,300,600,4,5
5153,,,8,2,2,1,38,87,420,540,2,5
5154,,,3,2,2,2,66,91,60,180,3,5
5155,,,15,2,2,3,38,35,60,180,3,5
5156,,,14,1,2,3,9,51,300,600,2,5
5157,,,16,2,2,2,49,64,180,300,2,5
5158,,,6,1,2,1,17,2,300,600,3,5
5159,,,9,2,2,2,34,53,0,300,1,5
5160,,,5,2,2,3,87,2,420,540,3,5
5161,,,12,1,2,1,33,80,420,540,4,5
5162,,,11,2,2,1,54,99,300,600,3,5
5163,,,12,2,2,1,97,47,0,300,3,5
5164,,,13,1,2,2,71,10,420,540,3,5
5165,,,11,1,2,3,39,84,300,600,4,5
5166,,,15,1,2,3,87,93,420,540,1,5
5167,,,15,1,2,3,66,70,420,540,2,5
5168,,,8,2,2,2,7,14,60,180,4,5
5169,,,6,2,2,1,13,45,60,180,4,5
5170,,,9,1,2,2,59,15,420,540,3,5
5171,,,4,1,2,2,73,56,300,600,2,5
5172,,,7,1,2,1,51,4,420,540,3,5
5173,,,9,2,2,1,71,25,0,300,4,5
5174,,,7,1,2,2,3,33,420,540,1,5
5175,,,2,1,2,3,70,77,300,600,1,5
5176,,,8,2,2,1,13,24,180,300,4,5
5177,,,8,1,2,2,31,23,300,600,4,5
5178,,,8,1,2,3,12,52,420,540,4,5
5179,,,2,1,2,3,97,90,420,540,3,5
5180,,,12,1,2,1,43,76,300,600,3,5
5181,,,7,2,2,1,34,23,420,540,3,5
5182,,,6,1,2,2,23,62,300,600,2,5
5183,,,2,1,2,1,90,21,300,600,1,5
5184,,,14,2,2,3,74,92,300,420,1,5
5185,,,10,2,2,2,80,100,300,420,3,5
5186,,,10,1,2,2,29,20,420,540,1,5
5187,,,6,2,2,1,7,57,0,300,1,5
5188,,,7,1,2,3,69,87,300,600,2,5
5189,,,4,2,2,3,50,73,420,540,4,5
5190,,,12,1,2,2,76,22,420,540,3,5
5191,,,11,1,2,3,84,20,420,540,3,5
5192,,,7,2,2,1,65,77,180,300,1,5
5193,,,6,1,2,2,12,13,420,540,4,5
5194,,,13,1,2,3,2,67,420,540,2,5
5195,,,5,2,2,2,17,87,0,300,3,5
5196,,,8,2,2,1,6,64,300,600,1,5
5197,,,10,1,2,3,81,81,300,600,4,5
5198,,,10,2,2,1,39,91,300,600,2,5
5199,,,3,2,2,3,55,90,300,420,3,5
5200,,,9,1,2,2,83,88,420,540,3,5
5201,,,9,1,2,1,70,82,300,600,1,5
5202,,,13,2,2,3,8,81,420,540,4,5
5203,,,7,2,2,3,97,92,0,300,4,5
5204,,,2,2,2,3,15,25,0,300,3,5
5205,,,11,1,2,2,29,79,420,540,1,5
5206,,,12,2,2,1,56,24,300,420,2,5
5207,,,6,2,2,3,25,41,420,540,2,5
5208,,,13,2,2,3,34,86,0,300,3,5
5209,,,3,2,2,1,23,28,180,300,3,5
5210,,,13,2,2,1,85,42,60,180,4,5
5211,,,12,1,2,2,83,95,420,540,4,5
5212,,,8,2,2,3,20,13,180,300,1,5
5213,,,5,1,2,3,76,98,420,540,4,5
5214,,,8,1,2,1,83,17,420,540,3,5
5215,,,11,2,2,1,7,72,420,540,1,5
5216,,,5,2,2,3,89,3,0,300,4,5
5217,,,15,1,2,3,11,41,420,540,1,5
5218,,,12,1,2,1,5,2,300,600,2,5
5219,,,5,1,2,2,90,71,420,540,3,5
5220,,,9,2,2,1,16,75,0,300,3,5
5221,,,13,1,2,3,58,95,300,600,3,5
5222,,,6,1,2,1,50,85,420,540,2,5
5223,,,12,1,2,1,85,38,300,600,2,5
5224,,,9,2,2,1,45,93,300,420,4,5
5225,,,5,2,2,1,69,81,420,540,1,5
5226,,,11,2,2,2,1,2,180,300,3,5
5227,,,2,2,2,2,70,34,420,540,4,5
5228,,,15,2,2,1,59,26,180,300,3,5
5229,,,4,2,2,1,100,11,300,420,2,5
5230,,,9,2,2,1,32,48,60,180,3,5
5231,,,2,1,2,1,70,47,420,540,2,5
5232,,,10,1,2,2,56,53,300,600,4,5
5233,,,12,1,2,2,50,30,420,540,3,5
5234,,,9,2,2,1,67,98,180,300,3,5
5235,,,15,2,2,3,96,57,180,300,1,5
5236,,,6,2,2,1,6,23,0,300,4,5
5237,,,4,2,2,1,19,27,300,420,4,5
5238,,,10,2,2,3,4,48,180,300,4,5
5239,,,7,1,2,2,37,60,420,540,2,5
5240,,,7,2,2,2,82,25,300,420,2,5
5241,,,11,1,2,1,30,36,420,540,1,5
5242,,,14,1,2,2,24,80,420,540,2,5
5243,,,7,2,2,1,81,91,180,300,3,5
5244,,,8,1,2,2,3,52,300,600,1,5
5245,,,2,2,2,3,69,86,60,180,4,5
5246,,,15,2,2,1,82,87,0,300,4,5
5247,,,13,2,2,1,51,84,300,420,2,5
5248,,,10,1,2,3,99,96,300,600,4,5
5249,,,14,1,2,2,68,44,300,600,1,5
5250,,,12,1,2,2,88,67,420,540,1,5
5251,,,13,1,2,2,9,92,420,540,3,5
5252,,,5,1,2,1,34,16,420,540,1,5
5253,,,14,2,2,1,11,62,300,420,2,5
5254,,,7,2,2,3,68,83,60,180,3,5
5255,,,14,1,2,1,4,43,300,600,1,5
5256,,,10,2,2,2,3,41,180,300,1,5
5257,,,13,1,2,2,44,49,420,540,3,5
5258,,,6,1,2,3,79,77,420,540,1,5
5259,,,7,2,2,2,23,5,0,300,1,5
5260,,,15,2,2,1,85,3,0,300,2,5
5261,,,9,1,2,3,71,44,300,600,2,5
5262,,,14,2,2,2,100,83,60,180,2,5
5263,,,5,2,2,3,41,21,60,180,1,5
5264,,,13,1,2,1,27,8,300,600,2,5
5265,,,5,2,2,3,55,67,420,540,3,5
5266,,,4,1,2,2,48,9,300,600,1,5
5267,,,2,2,2,3,34,38,60,180,3,5
5268,,,7,2,2,2,73,56,0,300,1,5
5269,,,14,1,2,2,86,83,420,540,2,5
5270,,,14,2,2,1,65,37,420,540,2,5
5271,,,13,1,2,2,28,8,420,540,4,5
5272,,,10,2,2,1,45,46,0,300,3,5
5273,,,14,1,2,1,55,12,420,540,1,5
5274,,,4,1,2,2,28,51,300,600,3,5
5275,,,10,1,2,2,77,91,300,600,1,5
5276,,,3,2,2,2,49,49,420,540,1,5
5277,,,2,1,2,2,85,74,300,600,4,5
5278,,,8,2,2,2,48,84,300,420,4,5
5279,,,11,2,2,1,44,97,300,420,3,5
5280,,,4,2,2,3,94,82,0,300,2,5
5281,,,2,2,2,1,22,40,420,540,3,5
5282,,,6,1,2,3,97,32,420,540,2,5
5283,,,8,2,2,2,22,25,0,300,3,5
5284,,,9,1,2,1,42,14,300,600,4,5
5285,,,10,1,2,2,58,55,420,540,3,5
5286,,,9,1,2,1,41,58,300,600,4,5
5287,,,11,1,2,2,53,79,300,600,4,5
5288,,,11,1,2,3,26,44,420,540,4,5
5289,,,3,2,2,1,3,79,420,540,3,5
5290,,,3,1,2,2,95,42,300,600,2,5
5291,,,3,2,2,2,24,54,0,300,2,5
5292,,,6,1,2,2,75,40,300,600,4,5
5293,,,10,2,2,3,76,8,180,300,3,5
5294,,,9,1,2,3,58,48,300,600,1,5
5295,,,11,2,2,1,84,74,300,420,2,5
5296,,,8,2,2,2,16,20,0,300,3,5
5297,,,11,2,2,3,26,20,180,300,2,5
5298,,,7,2,2,3,19,18,60,180,4,5
5299,,,8,1,2,1,1,81,420,540,2,5
5300,,,15,1,2,1,24,97,420,540,4,5
5301,,,12,2,2,3,65,27,180,300,4,5
5302,,,15,2,2,2,50,86,300,600,4,5
5303,,,16,2,2,2,91,47,420,540,4,5
5304,,,9,2,2,1,80,93,420,540,1,5
5305,,,3,2,2,3,86,38,180,300,3,5
5306,,,7,1,2,2,24,41,300,600,2,5
5307,,,16,2,2,3,90,67,300,600,2,5
5308,,,5,1,2,3,40,5,420,540,4,5
5309,,,12,1,2,1,63,52,300,600,3,5
5310,,,13,1,2,2,53,44,420,540,2,5
5311,,,15,1,2,2,37,93,420,540,2,5
5312,,,4,2,2,3,75,26,420,540,2,5
5313,,,6,1,2,3,11,30,300,600,1,5
5314,,,7,1,2,1,41,49,420,540,1,5
5315,,,14,2,2,2,93,94,300,420,1,5
5316,,,11,1,2,2,61,41,300,600,4,5
5317,,,8,1,2,2,5,51,420,540,2,5
5318,,,14,1,2,1,23,53,300,600,2,5
5319,,,8,1,2,1,71,85,300,600,4,5
5320,,,7,1,2,2,62,45,300,600,2,5
5321,,,9,2,2,1,23,18,0,300,2,5
5322,,,6,1,2,2,55,53,420,540,2,5
5323,,,6,1,2,2,92,74,300,600,4,5
5324,,,16,2,2,3,1,68,180,300,4,5
5325,,,15,2,2,2,18,79,300,420,3,5
5326,,,17,2,2,2,17,74,300,420,3,5
5327,,,5,1,2,2,77,57,300,600,2,5
5328,,,6,2,2,1,27,34,300,600,4,5
5329,,,12,1,2,1,5,0,420,540,3,5
5330,,,14,1,2,1,30,8,420,540,2,5
5331,,,9,1,2,2,46,11,300,600,3,5
5332,,,13,1,2,3,76,77,300,600,3,5
5333,,,6,1,2,2,98,69,300,600,4,5
5334,,,12,1,2,1,25,37,420,540,4,5
5335,,,7,1,2,1,17,25,420,540,1,5
5336,,,15,2,2,1,78,21,300,420,3,5
5337,,,10,1,2,3,62,8,420,540,1,5
5338,,,7,2,2,3,30,68,180,300,2,5
5339,,,11,2,2,1,67,60,0,300,4,5
5340,,,15,1,2,1,11,65,300,600,3,5
5341,,,2,1,2,2,29,80,300,600,1,5
5342,,,13,1,2,3,28,50,420,540,2,5
5343,,,6,2,2,1,19,34,420,540,2,5
5344,,,16,2,2,2,25,73,60,180,3,5
5345,,,14,1,2,3,70,76,300,600,3,5
5346,,,14,2,2,3,98,28,0,300,2,5
5347,,,16,1,2,1,34,24,300,600,1,5
5348,,,7,2,2,3,10,97,60,180,3,5
5349,,,8,2,2,2,88,100,60,180,2,5
5350,,,3,2,2,3,67,75,180,300,1,5
5351,,,6,1,2,2,100,34,420,540,3,5
5352,,,14,1,2,2,98,43,420,540,1,5
5353,,,13,2,2,2,43,25,300,420,1,5
5354,,,4,1,2,3,44,39,300,600,4,5
5355,,,11,2,2,3,25,66,300,420,4,5
5356,,,12,2,2,3,17,8,300,600,2,5
5357,,,3,2,2,3,64,50,300,600,1,5
5358,,,9,1,2,3,32,92,300,600,4,5
5359,,,12,1,2,3,52,29,420,540,1,5
5360,,,2,2,2,3,60,46,180,300,2,5
5361,,,4,1,2,2,44,64,420,540,3,5
5362,,,2,1,2,2,91,87,300,600,1,5
5363,,,4,1,2,1,62,83,300,600,3,5
5364,,,7,1,2,1,77,72,300,600,1,5
5365,,,9,2,2,1,31,97,180,300,1,5
5366,,,3,2,2,1,55,25,0,300,4,5
5367,,,7,1,2,3,29,13,300,600,3,5
5368,,,9,2,2,3,26,85,0,300,1,5
5369,,,12,2,2,1,68,2,60,180,1,5
5370,,,4,1,2,2,2,24,300,600,1,5
5371,,,11,2,2,3,49,69,420,540,2,5
5372,,,5,1,2,2,0,82,300,600,3,5
5373,,,4,1,2,1,98,71,420,540,2,5
5374,,,12,2,2,1,21,66,0,300,2,5
5375,,,15,2,2,1,90,86,60,180,3,5
5376,,,7,1,2,3,15,94,300,600,4,5
5377,,,13,2,2,2,73,20,60,180,4,5
5378,,,16,2,2,1,35,76,300,420,1,5
5379,,,9,1,2,3,13,54,420,540,3,5
5380,,,7,2,2,3,48,27,60,180,2,5
5381,,,8,1,2,2,77,58,300,600,4,5
5382,,,9,1,2,2,94,22,420,540,2,5
5383,,,2,1,2,2,10,37,420,540,2,5
5384,,,7,1,2,2,7,29,420,540,3,5
5385,,,8,2,2,2,59,90,60,180,1,5
5386,,,12,1,2,1,85,22,300,600,3,5
5387,,,6,1,2,2,13,0,420,540,2,5
5388,,,7,1,2,1,37,53,420,540,3,5
5389,,,7,1,2,3,2,42,420,540,2,5
5390,,,11,1,2,1,12,11,420,540,4,5
5391,,,13,2,2,2,56,3,300,600,1,5
5392,,,8,1,2,1,94,21,300,600,3,5
5393,,,3,1,2,2,97,89,300,600,1,5
5394,,,7,1,2,3,95,80,300,600,3,5
5395,,,4,2,2,1,47,71,420,540,2,5
5396,,,10,1,2,2,29,17,300,600,2,5
5397,,,14,2,2,2,23,62,180,300,2,5
5398,,,5,1,2,1,90,62,420,540,4,5
5399,,,6,1,2,2,55,30,420,540,1,5
5400,,,6,1,2,3,37,5,420,540,3,5
5401,,,11,2,2,1,51,20,60,180,4,5
5402,,,10,2,2,1,50,19,420,540,4,5
5403,,,3,1,2,1,45,77,420,540,2,5
5404,,,10,2,2,3,45,56,60,180,4,5
5405,,,13,1,2,1,41,63,420,540,3,5
5406,,,15,2,2,2,78,91,300,420,1,5
5407,,,9,2,2,1,28,94,420,540,4,5
5408,,,13,1,2,3,93,16,300,600,2,5
5409,,,7,2,2,1,98,51,300,600,4,5
5410,,,13,2,2,3,63,7,420,540,4,5
5411,,,5,1,2,1,14,65,420,540,4,5
5412,,,8,2,2,3,40,3,0,300,1,5
5413,,,6,1,2,2,20,76,420,540,1,5
5414,,,2,1,2,2,70,58,300,600,2,5
5415,,,12,1,2,1,68,6,300,600,4,5
5416,,,3,1,2,1,51,31,300,600,1,5
5417,,,13,1,2,3,70,32,300,600,2,5
5418,,,3,2,2,2,20,40,60,180,1,5
5419,,,5,2,2,3,66,98,60,180,1,5
5420,,,2,1,2,1,98,89,420,540,1,5
5421,,,4,1,2,2,92,82,420,540,1,5
5422,,,7,1,2,2,16,3,420,540,3,5
5423,,,2,1,2,1,6,13,420,540,3,5
5424,,,3,2,2,3,79,9,0,300,2,5
5425,,,8,2,2,2,23,25,180,300,3,5
5426,,,10,2,2,3,31,72,0,300,4,5
5427,,,5,1,2,3,45,47,420,540,4,5
5428,,,10,2,2,1,36,95,420,540,3,5
5429,,,8,1,2,3,20,10,300,600,4,5
5430,,,7,2,2,1,12,68,180,300,1,5
5431,,,16,2,2,2,88,85,180,300,3,5
5432,,,14,2,2,1,87,1,420,540,1,5
5433,,,10,2,2,3,24,46,0,300,3,5
5434,,,15,2,2,1,52,28,60,180,4,5
5435,,,7,2,2,1,66,87,180,300,3,5
5436,,,8,2,2,3,78,49,60,180,4,5
5437,,,7,1,2,1,24,85,420,540,4,5
5438,,,12,1,2,2,12,85,300,600,4,5
5439,,,3,1,2,3,97,76,300,600,2,5
5440,,,10,1,2,1,34,40,420,540,1,5
5441,,,9,1,2,2,49,36,300,600,2,5
5442,,,13,2,2,2,48,20,300,420,2,5
5443,,,2,2,2,1,65,7,60,180,4,5
5444,,,10,2,2,1,31,20,300,600,2,5
5445,,,15,2,2,2,96,33,300,420,4,5
5446,,,9,1,2,1,96,27,300,600,4,5
5447,,,2,1,2,2,7,61,300,600,3,5
5448,,,3,1,2,2,73,18,300,600,1,5
5449,,,7,2,2,2,59,13,180,300,3,5
5450,,,3,1,2,2,77,49,420,540,2,5
5451,,,3,2,2,3,53,100,0,300,4,5
5452,,,11,1,2,3,71,58,300,600,2,5
5453,,,7,1,2,1,19,77,300,600,3,5
5454,,,14,2,2,1,70,53,0,300,3,5
5455,,,14,2,2,2,94,2,180,300,1,5
5456,,,6,2,2,3,17,42,420,540,1,5
5457,,,15,2,2,3,37,52,300,420,1,5
5458,,,4,2,2,1,25,15,420,540,1,5
5459,,,14,2,2,1,80,24,0,300,4,5
5460,,,5,1,2,2,23,96,300,600,1,5
5461,,,11,2,2,2,88,41,420,540,4,5
5462,,,12,1,2,2,34,93,420,540,2,5
5463,,,11,2,2,3,11,4,420,540,1,5
5464,,,16,1,2,2,21,99,420,540,3,5
5465,,,10,1,2,3,50,37,420,540,2,5
5466,,,4,2,2,2,4,90,300,420,2,5
5467,,,3,2,2,1,83,52,420,540,1,5
5468,,,10,2,2,3,80,56,300,600,2,5
5469,,,8,1,2,2,31,67,420,540,4,5
5470,,,7,1,2,1,8,23,300,600,3,5
5471,,,10,1,2,3,32,43,300,600,1,5
5472,,,11,2,2,2,4,79,180,300,3,5
5473,,,7,1,2,1,19,16,300,600,4,5
5474,,,13,2,2,3,56,28,60,180,4,5
5475,,,1,1,2,1,39,34,300,600,3,5
5476,,,13,2,2,2,59,62,300,420,2,5
5477,,,11,2,2,2,4,46,0,300,4,5
5478,,,9,2,2,2,49,98,180,300,2,5
5479,,,6,2,2,1,61,19,420,540,4,5
5480,,,10,2,2,2,98,4,60,180,1,5
5481,,,11,2,2,1,76,84,0,300,1,5
5482,,,8,2,2,1,23,28,60,180,4,5
5483,,,5,2,2,3,78,46,0,300,2,5
5484,,,12,1,2,1,6,53,300,600,3,5
5485,,,2,2,2,2,18,12,60,180,3,5
5486,,,8,2,2,1,64,5,180,300,1,5
5487,,,4,1,2,2,14,0,420,540,4,5
5488,,,10,2,2,1,56,89,60,180,2,5
5489,,,4,2,2,2,63,65,0,300,1,5
5490,,,4,1,2,1,81,20,300,600,3,5
5491,,,11,1,2,2,55,55,300,600,4,5
5492,,,5,2,2,3,63,85,180,300,4,5
5493,,,12,1,2,3,43,86,300,600,4,5
5494,,,16,1,2,1,40,88,300,600,2,5
5495,,,5,2,2,1,62,17,300,420,4,5
5496,,,12,2,2,1,91,21,60,180,4,5
5497,,,6,1,2,1,19,7,300,600,1,5
5498,,,5,2,2,1,90,98,300,420,4,5
5499,,,7,2,2,2,35,90,180,300,2,5
5500,,,3,1,2,3,85,32,420,540,4,5
5501,,,6,1,2,3,12,0,300,600,4,5
5502,,,8,2,2,3,95,97,180,300,3,5
5503,,,2,2,2,2,56,7,300,600,3,5
5504,,,13,2,2,1,71,36,0,300,1,5
5505,,,12,2,2,2,77,6,60,180,2,5
5506,,,3,2,2,2,45,98,0,300,4,5
5507,,,6,2,2,3,46,89,300,420,4,5
5508,,,8,2,2,3,5,31,0,300,2,5
5509,,,8,2,2,1,80,60,60,180,2,5
5510,,,9,2,2,1,30,24,300,420,1,5
5511,,,16,1,2,3,79,54,420,540,3,5
5512,,,15,2,2,3,100,37,300,420,1,5
5513,,,15,1,2,1,11,27,420,540,2,5
5514,,,10,1,2,2,93,28,300,600,4,5
5515,,,16,2,2,2,46,7,420,540,4,5
5516,,,9,1,2,1,73,93,420,540,1,5
5517,,,14,1,2,3,22,47,300,600,4,5
5518,,,10,2,2,1,52,80,300,420,4,5
5519,,,4,1,2,1,20,69,420,540,2,5
5520,,,10,1,2,2,3,81,300,600,3,5
5521,,,4,1,2,2,80,35,420,540,3,5
5522,,,6,1,2,3,9,3,300,600,3,5
5523,,,4,1,2,3,1,56,420,540,3,5
5524,,,4,2,2,2,85,50,0,300,1,5
5525,,,2,2,2,1,33,56,420,540,4,5
5526,,,4,2,2,2,97,61,60,180,1,5
5527,,,11,2,2,2,37,19,180,300,4,5
5528,,,6,2,2,3,23,8,420,540,3,5
5529,,,10,2,2,2,69,63,0,300,4,5
5530,,,13,1,2,1,23,9,420,540,2,5
5531,,,14,1,2,2,63,47,420,540,2,5
5532,,,11,1,2,2,10,29,420,540,4,5
5533,,,4,2,2,3,92,56,180,300,2,5
5534,,,5,2,2,2,85,58,300,600,2,5
5535,,,14,1,2,1,75,77,300,600,2,5
5536,,,15,2,2,3,85,81,180,300,4,5
5537,,,5,1,2,3,95,80,300,600,1,5
5538,,,8,1,2,3,11,76,300,600,1,5
5539,,,6,1,2,3,82,0,300,600,1,5
5540,,,5,1,2,3,57,79,300,600,2,5
5541,,,7,2,2,2,76,1,300,600,2,5
5542,,,4,1,2,3,12,59,420,540,2,5
5543,,,14,1,2,2,21,61,300,600,3,5
5544,,,9,2,2,2,65,39,0,300,2,5
5545,,,4,1,2,2,6,80,300,600,1,5
5546,,,5,1,2,2,98,48,420,540,3,5
5547,,,4,1,2,1,59,20,300,600,3,5
5548,,,6,2,2,2,39,95,300,600,1,5
5549,,,4,2,2,3,15,45,180,300,1,5
5550,,,8,1,2,3,97,42,420,540,3,5
5551,,,9,1,2,2,71,62,420,540,1,5
5552,,,15,2,2,2,45,98,420,540,2,5
5553,,,9,2,2,3,23,49,420,540,2,5
5554,,,9,2,2,2,6,83,180,300,1,5
5555,,,13,2,2,3,77,53,300,420,3,5
5556,,,6,2,2,1,7,77,180,300,1,5
5557,,,15,2,2,3,63,43,300,600,4,5
5558,,,15,2,2,2,23,50,300,600,1,5
5559,,,15,2,2,1,68,28,60,180,1,5
5560,,,7,1,2,3,91,43,300,600,3,5
5561,,,13,2,2,1,12,83,420,540,2,5
5562,,,9,2,2,3,40,72,420,540,2,5
5563,,,3,1,2,1,96,35,300,600,2,5
5564,,,4,1,2,2,43,5,300,600,3,5
5565,,,2,2,2,2,11,18,180,300,2,5
5566,,,12,1,2,1,59,13,420,540,4,5
5567,,,10,1,2,3,85,39,420,540,2,5
5568,,,9,1,2,3,63,20,300,600,4,5
5569,,,9,1,2,3,72,78,300,600,3,5
5570,,,6,2,2,1,40,89,180,300,4,5
5571,,,12,1,2,2,19,23,300,600,1,5
5572,,,15,2,2,1,87,78,300,600,2,5
5573,,,2,1,2,3,79,19,300,600,2,5
5574,,,1,1,2,3,81,93,300,600,1,5
5575,,,9,1,2,1,46,73,420,540,4,5
5576,,,14,1,2,2,90,15,420,540,4,5
5577,,,12,1,2,3,2,97,420,540,4,5
5578,,,5,1,2,3,52,70,300,600,4,5
5579,,,12,1,2,2,70,64,420,540,3,5
5580,,,12,2,2,1,66,6,420,540,1,5
5581,,,15,2,2,2,54,68,300,600,4,5
5582,,,3,2,2,3,25,69,300,600,3,5
5583,,,14,1,2,3,32,36,300,600,1,5
5584,,,2,1,2,2,21,30,420,540,2,5
5585,,,3,2,2,2,0,8,60,180,3,5
5586,,,13,1,2,3,50,71,300,600,3,5
5587,,,10,1,2,1,45,84,420,540,3,5
5588,,,9,1,2,2,47,15,420,540,1,5
5589,,,6,2,2,1,88,77,0,300,1,5
5590,,,15,2,2,3,34,80,300,420,3,5
5591,,,5,1,2,2,56,53,300,600,4,5
5592,,,7,1,2,2,90,54,420,540,2,5
5593,,,6,2,2,1,32,69,180,300,1,5
5594,,,6,1,2,1,44,38,300,600,1,5
5595,,,8,2,2,2,11,74,60,180,2,5
5596,,,7,2,2,3,79,47,300,600,3,5
5597,,,3,2,2,2,68,4,180,300,2,5
5598,,,5,2,2,2,29,89,0,300,4,5
5599,,,9,1,2,2,23,73,420,540,1,5
5600,,,9,1,2,1,80,7,420,540,4,5
5601,,,10,2,2,3,45,47,180,300,4,5
5602,,,6,2,2,2,54,51,180,300,4,5
5603,,,4,2,2,1,42,55,300,600,3,5
5604,,,14,2,2,2,55,48,60,180,1,5
5605,,,11,2,2,3,27,11,420,540,4,5
5606,,,1,1,2,1,41,98,420,540,1,5
5607,,,6,2,2,1,43,61,180,300,2,5
5608,,,15,1,2,3,38,77,300,600,1,5
5609,,,5,2,2,3,66,56,60,180,3,5
5610,,,6,2,2,1,91,72,300,420,2,5
5611,,,3,2,2,1,80,97,180,300,4,5
5612,,,9,2,2,2,12,56,60,180,3,5
5613,,,12,2,2,2,35,48,0,300,4,5
5614,,,14,2,2,1,8,85,60,180,1,5
5615,,,7,1,2,3,1,59,300,600,4,5
5616,,,11,1,2,1,48,0,300,600,1,5
5617,,,9,1,2,1,43,43,420,540,1,5
5618,,,5,2,2,1,58,21,300,600,4,5
5619,,,6,1,2,3,37,15,420,540,4,5
5620,,,4,1,2,2,75,37,420,540,2,5
5621,,,11,2,2,1,78,66,0,300,1,5
5622,,,11,1,2,3,18,5,420,540,2,5
5623,,,5,1,2,3,83,8,300,600,3,5
5624,,,7,2,2,3,41,79,300,420,2,5
5625,,,7,1,2,2,6,2,300,600,2,5
5626,,,14,2,2,3,56,90,0,300,1,5
5627,,,7,1,2,3,73,95,420,540,4,5
5628,,,14,2,2,2,30,56,420,540,1,5
5629,,,5,1,2,1,30,0,300,600,3,5
5630,,,8,1,2,2,97,77,300,600,3,5
5631,,,11,2,2,2,69,40,0,300,1,5
5632,,,13,1,2,2,29,35,300,600,4,5
5633,,,3,1,2,3,86,44,300,600,1,5
5634,,,5,2,2,1,7,80,60,180,1,5
5635,,,12,2,2,2,38,70,60,180,1,5
5636,,,8,2,2,1,43,64,60,180,4,5
5637,,,13,1,2,3,88,99,420,540,3,5
5638,,,8,1,2,3,84,47,300,600,2,5
5639,,,11,2,2,3,12,6,420,540,4,5
5640,,,10,2,2,1,34,88,0,300,2,5
5641,,,6,1,2,3,48,91,300,600,4,5
5642,,,13,1,2,2,83,0,420,540,1,5
5643,,,15,2,2,3,62,56,180,300,3,5
5644,,,8,2,2,1,51,23,60,180,3,5
5645,,,13,2,2,3,51,82,180,300,2,5
5646,,,8,1,2,3,29,0,420,540,4,5
5647,,,6,2,2,2,3,79,420,540,3,5
5648,,,6,2,2,3,74,100,180,300,1,5
5649,,,10,2,2,1,47,23,0,300,2,5
5650,,,14,1,2,2,31,68,420,540,4,5
5651,,,4,1,2,3,67,12,420,540,4,5
5652,,,9,2,2,3,88,42,300,600,2,5
5653,,,11,2,2,1,62,54,300,600,3,5
5654,,,13,1,2,1,77,44,300,600,3,5
5655,,,6,1,2,3,70,7,300,600,2,5
5656,,,6,2,2,3,84,66,300,600,2,5
5657,,,13,1,2,3,30,40,300,600,4,5
5658,,,2,2,2,1,71,93,420,540,4,5
5659,,,6,1,2,1,97,86,420,540,1,5
5660,,,4,1,2,1,22,60,420,540,1,5
5661,,,6,1,2,2,97,9,300,600,1,5
5662,,,9,1,2,3,19,52,420,540,4,5
5663,,,14,2,2,2,60,11,180,300,1,5
5664,,,6,1,2,3,64,67,300,600,4,5
5665,,,13,1,2,1,10,75,300,600,4,5
5666,,,4,1,2,1,58,45,300,600,2,5
5667,,,10,1,2,3,76,18,420,540,4,5
5668,,,14,2,2,2,30,9,0,300,2,5
5669,,,8,1,2,1,85,5,300,600,4,5
5670,,,14,2,2,2,93,33,60,180,2,5
5671,,,13,1,2,3,66,56,300,600,3,5
5672,,,14,2,2,3,20,87,60,180,1,5
5673,,,11,1,2,3,53,22,420,540,1,5
5674,,,9,1,2,1,94,98,300,600,2,5
5675,,,15,2,2,3,0,29,420,540,4,5
5676,,,10,2,2,2,78,83,60,180,4,5
5677,,,12,1,2,1,92,97,420,540,3,5
5678,,,9,1,2,2,10,75,420,540,2,5
5679,,,7,2,2,3,13,10,60,180,2,5
5680,,,6,2,2,1,76,92,420,540,4,5
5681,,,13,2,2,3,100,18,420,540,3,5
5682,,,13,1,2,1,37,35,420,540,2,5
5683,,,4,2,2,3,26,45,300,420,1,5
5684,,,8,2,2,2,25,88,180,300,2,5
5685,,,16,2,2,3,13,94,60,180,3,5
5686,,,7,1,2,2,26,99,420,540,2,5
5687,,,13,1,2,1,43,42,420,540,1,5
5688,,,4,1,2,3,2,48,420,540,2,5
5689,,,3,1,2,2,3,37,300,600,3,5
5690,,,5,1,2,3,89,8,300,600,1,5
5691,,,7,2,2,2,49,68,420,540,3,5
5692,,,6,1,2,3,59,71,300,600,1,5
5693,,,3,1,2,3,71,6,420,540,3,5
5694,,,13,2,2,3,10,44,180,300,4,5
5695,,,12,1,2,2,49,57,300,600,3,5
5696,,,8,1,2,2,11,4,420,540,3,5
5697,,,14,2,2,1,79,31,60,180,4,5
5698,,,3,2,2,2,89,4,180,300,2,5
5699,,,16,2,2,2,36,16,60,180,1,5
5700,,,9,1,2,2,95,7,300,600,2,5
5701,,,13,2,2,1,88,90,0,300,3,5
5702,,,4,2,2,3,96,90,300,600,1,5
5703,,,7,2,2,1,8,26,420,540,3,5
5704,,,14,2,2,2,76,24,180,300,3,5
5705,,,10,1,2,2,91,64,300,600,1,5
5706,,,10,1,2,3,84,50,420,540,3,5
5707,,,7,1,2,3,54,76,300,600,3,5
5708,,,6,2,2,3,20,88,0,300,3,5
5709,,,12,2,2,3,36,15,420,540,4,5
5710,,,9,1,2,3,49,86,300,600,4,5
5711,,,4,2,2,2,8,5,0,300,2,5
5712,,,3,1,2,3,80,87,300,600,4,5
5713,,,5,2,2,3,19,64,300,600,3,5
5714,,,14,1,2,3,89,41,420,540,2,5
5715,,,12,2,2,3,73,63,420,540,3,5
5716,,,13,1,2,1,46,18,420,540,3,5
5717,,,11,1,2,1,10,90,300,600,3,5
5718,,,3,1,2,3,45,22,420,540,4,5
5719,,,3,1,2,1,71,16,300,600,3,5
5720,,,5,1,2,2,67,29,300,600,1,5
5721,,,7,2,2,2,98,23,420,540,2,5
5722,,,14,2,2,3,21,10,180,300,1,5
5723,,,10,2,2,2,18,84,0,300,3,5
5724,,,14,1,2,1,88,97,420,540,4,5
5725,,,14,2,2,1,3,26,180,300,1,5
5726,,,14,1,2,1,5,60,420,540,1,5
5727,,,11,2,2,2,7,51,60,180,3,5
5728,,,3,1,2,2,61,3,420,540,2,5
5729,,,6,2,2,1,90,37,0,300,4,5
5730,,,6,1,2,1,52,20,420,540,3,5
5731,,,14,1,2,3,74,47,300,600,1,5
5732,,,8,1,2,3,2,58,300,600,4,5
5733,,,12,1,2,1,84,42,420,540,2,5
5734,,,10,2,2,3,32,52,180,300,3,5
5735,,,7,2,2,1,64,41,60,180,3,5
5736,,,10,2,2,3,6,78,300,420,3,5
5737,,,13,2,2,1,28,81,300,600,1,5
5738,,,11,1,2,3,9,97,300,600,3,5
5739,,,6,1,2,1,74,63,300,600,2,5
5740,,,10,2,2,3,43,46,300,600,4,5
5741,,,6,2,2,3,13,17,300,600,1,5
5742,,,5,1,2,2,6,1,300,600,2,5
5743,,,9,2,2,1,49,62,300,420,4,5
5744,,,7,1,2,1,55,54,420,540,2,5
5745,,,9,2,2,3,94,83,300,600,3,5
5746,,,14,2,2,3,68,51,180,300,2,5
5747,,,14,2,2,1,91,3,300,600,2,5
5748,,,15,1,2,1,13,76,300,600,3,5
5749,,,11,2,2,1,58,5,60,180,4,5
5750,,,5,1,2,2,25,49,420,540,3,5
5751,,,8,2,2,1,69,49,60,180,4,5
5752,,,7,2,2,1,28,69,0,300,1,5
5753,,,3,1,2,3,47,48,300,600,1,5
5754,,,8,1,2,1,63,93,300,600,4,5
5755,,,12,2,2,1,64,89,420,540,2,5
5756,,,3,1,2,2,5,6,300,600,3,5
5757,,,15,1,2,3,99,59,420,540,1,5
5758,,,7,2,2,3,77,13,0,300,1,5
5759,,,9,1,2,2,69,23,420,540,3,5
5760,,,2,2,2,2,48,48,60,180,4,5
5761,,,6,1,2,3,20,18,420,540,2,5
5762,,,5,2,2,2,4,36,300,420,1,5
5763,,,3,1,2,3,49,20,420,540,3,5
5764,,,3,2,2,1,63,85,420,540,1,5
5765,,,12,2,2,2,21,18,60,180,2,5
5766,,,13,2,2,2,72,17,300,420,4,5
5767,,,12,1,2,2,94,25,420,540,4,5
5768,,,11,2,2,2,55,29,300,600,4,5
5769,,,10,1,2,2,74,61,300,600,4,5
5770,,,8,2,2,2,93,46,300,600,4,5
5771,,,3,2,2,1,97,29,0,300,1,5
5772,,,7,1,2,3,3,73,420,540,4,5
5773,,,7,1,2,3,100,19,300,600,3,5
5774,,,11,2,2,3,70,79,420,540,3,5
5775,,,15,2,2,1,82,59,300,600,4,5
5776,,,4,2,2,2,74,66,420,540,2,5
5777,,,5,1,2,3,45,17,420,540,2,5
5778,,,5,1,2,2,67,91,420,540,4,5
5779,,,15,2,2,3,92,52,420,540,1,5
5780,,,5,1,2,3,79,55,300,600,3,5
5781,,,14,1,2,1,38,12,420,540,1,5
5782,,,7,2,2,3,1,6,420,540,4,5
5783,,,5,1,2,3,91,75,420,540,4,5
5784,,,5,1,2,1,34,73,420,540,4,5
5785,,,7,2,2,1,61,7,60,180,1,5
5786,,,5,2,2,2,11,82,300,420,4,5
5787,,,11,2,2,2,8,4,0,300,2,5
5788,,,5,2,2,2,62,56,300,600,3,5
5789,,,15,2,2,2,6,2,180,300,4,5
5790,,,13,2,2,2,64,52,300,420,4,5
5791,,,12,1,2,2,63,83,420,540,1,5
5792,,,11,2,2,3,16,45,420,540,1,5
5793,,,4,1,2,1,2,44,420,540,3,5
5794,,,1,1,2,1,17,46,420,540,1,5
5795,,,11,1,2,2,31,67,300,600,4,5
5796,,,6,1,2,1,85,78,420,540,2,5
5797,,,11,1,2,1,4,89,300,600,3,5
5798,,,4,2,2,2,28,68,420,540,4,5
5799,,,9,1,2,2,80,97,420,540,4,5
5800,,,10,2,2,3,77,61,60,180,3,5
5801,,,3,1,2,3,29,42,420,540,3,5
5802,,,14,2,2,2,75,16,420,540,2,5
5803,,,4,1,2,1,81,95,420,540,3,5
5804,,,10,1,2,3,6,61,420,540,4,5
5805,,,13,2,2,3,64,76,420,540,2,5
5806,,,8,2,2,1,53,19,0,300,4,5
5807,,,6,2,2,3,90,15,300,600,2,5
5808,,,14,2,2,3,88,14,0,300,3,5
5809,,,15,2,2,3,7,83,420,540,4,5
5810,,,4,2,2,3,60,60,180,300,3,5
5811,,,4,2,2,1,14,84,0,300,3,5
5812,,,6,2,2,2,2,17,300,420,4,5
5813,,,3,1,2,3,36,90,420,540,1,5
5814,,,9,1,2,2,64,66,420,540,3,5
5815,,,12,2,2,2,34,68,60,180,3,5
5816,,,14,2,2,1,75,12,300,420,3,5
5817,,,7,1,2,2,35,4,300,600,4,5
5818,,,3,1,2,3,50,92,420,540,2,5
5819,,,12,2,2,3,47,97,180,300,3,5
5820,,,16,2,2,2,95,42,420,540,2,5
5821,,,12,2,2,2,9,78,180,300,3,5
5822,,,11,1,2,2,36,35,300,600,3,5
5823,,,10,2,2,1,14,73,60,180,2,5
5824,,,7,1,2,3,95,75,300,600,2,5
5825,,,6,1,2,1,58,88,420,540,1,5
5826,,,3,2,2,3,81,65,60,180,1,5
5827,,,2,1,2,1,64,21,300,600,4,5
5828,,,9,1,2,2,85,47,300,600,3,5
5829,,,9,1,2,2,39,89,300,600,2,5
5830,,,14,2,2,3,11,61,180,300,1,5
5831,,,5,2,2,1,85,34,0,300,1,5
5832,,,6,2,2,2,39,51,300,600,2,5
5833,,,5,2,2,2,26,51,60,180,4,5
5834,,,12,2,2,1,32,66,420,540,4,5
5835,,,16,2,2,2,25,56,180,300,4,5
5836,,,6,1,2,2,6,80,300,600,3,5
5837,,,4,2,2,1,52,96,300,600,2,5
5838,,,10,1,2,1,98,36,420,540,1,5
5839,,,12,2,2,2,7,13,180,300,1,5
5840,,,7,2,2,2,84,20,180,300,3,5
5841,,,2,2,2,3,12,34,180,300,4,5
5842,,,16,2,2,1,88,30,180,300,2,5
5843,,,11,2,2,1,18,9,60,180,2,5
5844,,,3,1,2,2,69,11,300,600,4,5
5845,,,5,2,2,1,6,58,0,300,3,5
5846,,,11,2,2,3,53,29,420,540,4,5
5847,,,8,1,2,1,92,42,420,540,1,5
5848,,,12,1,2,3,96,26,420,540,2,5
5849,,,10,2,2,1,18,99,180,300,2,5
5850,,,4,2,2,3,77,4,420,540,2,5
5851,,,2,1,2,1,19,70,420,540,3,5
5852,,,3,1,2,1,32,99,420,540,3,5
5853,,,8,2,2,1,95,77,420,540,1,5
5854,,,14,1,2,1,96,94,420,540,2,5
5855,,,6,2,2,2,89,84,180,300,4,5
5856,,,4,1,2,2,16,75,420,540,4,5
5857,,,4,2,2,2,38,1,60,180,1,5
5858,,,12,2,2,3,24,0,0,300,3,5
5859,,,16,2,2,2,53,30,300,600,3,5
5860,,,6,2,2,2,41,17,420,540,3,5
5861,,,5,1,2,2,8,1,420,540,4,5
5862,,,11,1,2,1,12,8,300,600,2,5
5863,,,14,2,2,2,71,67,60,180,4,5
5864,,,7,2,2,3,79,19,180,300,3,5
5865,,,12,2,2,3,69,17,420,540,3,5
5866,,,7,2,2,3,84,10,0,300,4,5
5867,,,6,1,2,2,60,36,420,540,4,5
5868,,,11,1,2,2,12,57,420,540,1,5
5869,,,13,1,2,3,95,82,300,600,4,5
5870,,,1,1,2,1,9,40,300,600,2,5
5871,,,4,1,2,2,12,59,420,540,4,5
5872,,,6,2,2,3,70,63,0,300,3,5
5873,,,12,2,2,1,32,0,420,540,1,5
5874,,,4,1,2,2,95,80,420,540,4,5
5875,,,4,1,2,2,74,52,300,600,4,5
5876,,,16,2,2,2,33,56,0,300,3,5
5877,,,11,2,2,1,50,8,0,300,1,5
5878,,,5,1,2,2,58,71,300,600,2,5
5879,,,14,2,2,2,15,90,300,600,3,5
5880,,,11,1,2,1,85,50,420,540,1,5
5881,,,12,2,2,2,55,38,420,540,3,5
5882,,,6,2,2,3,27,89,0,300,3,5
5883,,,4,1,2,3,6,87,420,540,1,5
5884,,,7,2,2,3,82,0,300,420,1,5
5885,,,7,1,2,3,2,21,300,600,2,5
5886,,,5,1,2,1,27,24,300,600,2,5
5887,,,3,1,2,1,87,72,300,600,3,5
5888,,,10,2,2,3,53,33,300,420,4,5
5889,,,7,1,2,2,67,46,300,600,4,5
5890,,,14,2,2,3,0,51,420,540,1,5
5891,,,3,2,2,2,80,80,420,540,2,5
5892,,,4,1,2,3,59,34,420,540,1,5
5893,,,11,1,2,1,58,64,420,540,3,5
5894,,,8,1,2,2,43,19,420,540,2,5
5895,,,14,1,2,3,95,57,420,540,4,5
5896,,,14,2,2,1,36,46,300,600,1,5
5897,,,14,1,2,3,29,74,420,540,1,5
5898,,,9,1,2,3,55,18,300,600,2,5
5899,,,6,1,2,1,63,66,300,600,3,5
5900,,,11,2,2,2,32,72,60,180,1,5
5901,,,11,1,2,1,8,72,300,600,1,5
5902,,,14,2,2,2,61,71,300,420,1,5
5903,,,13,2,2,2,21,52,0,300,2,5
5904,,,3,2,2,2,71,2,60,180,1,5
5905,,,16,2,2,1,21,86,420,540,3,5
5906,,,5,1,2,2,78,86,300,600,1,5
5907,,,3,1,2,2,94,18,300,600,2,5
5908,,,8,2,2,2,89,80,420,540,2,5
5909,,,14,1,2,3,71,52,420,540,2,5
5910,,,11,1,2,1,68,64,300,600,1,5
5911,,,7,1,2,1,23,33,420,540,4,5
5912,,,9,1,2,1,23,71,300,600,2,5
5913,,,6,1,2,2,55,12,300,600,3,5
5914,,,1,1,2,2,97,23,420,540,2,5
5915,,,8,2,2,3,84,56,180,300,2,5
5916,,,7,2,2,1,22,26,420,540,2,5
5917,,,5,2,2,3,48,64,420,540,2,5
5918,,,6,2,2,1,82,92,300,420,2,5
5919,,,4,1,2,1,34,5,300,600,2,5
5920,,,3,2,2,3,74,78,180,300,3,5
5921,,,15,1,2,2,65,4,300,600,4,5
5922,,,12,1,2,2,54,37,420,540,1,5
5923,,,8,1,2,2,9,86,420,540,3,5
5924,,,6,1,2,2,8,85,300,600,2,5
5925,,,12,2,2,2,54,13,420,540,4,5
5926,,,6,2,2,2,14,100,0,300,4,5
5927,,,12,2,2,2,64,94,420,540,3,5
5928,,,15,2,2,1,12,35,180,300,1,5
5929,,,6,1,2,2,76,23,420,540,2,5
5930,,,12,1,2,1,88,4,420,540,2,5
5931,,,13,1,2,2,78,73,300,600,4,5
5932,,,6,1,2,1,47,52,300,600,4,5
5933,,,5,2,2,2,94,58,60,180,2,5
5934,,,11,1,2,3,61,92,300,600,3,5
5935,,,7,2,2,2,52,76,300,420,2,5
5936,,,13,1,2,3,76,90,300,600,1,5
5937,,,4,1,2,2,35,3,420,540,4,5
5938,,,4,1,2,2,69,19,300,600,1,5
5939,,,3,1,2,2,51,12,420,540,4,5
5940,,,3,2,2,3,15,85,180,300,1,5
5941,,,3,1,2,2,63,78,300,600,2,5
5942,,,12,2,2,2,99,3,300,600,1,5
5943,,,7,2,2,2,2,29,0,300,2,5
5944,,,8,1,2,2,68,18,300,600,2,5
5945,,,15,1,2,2,90,34,300,600,2,5
5946,,,13,2,2,3,13,1,60,180,4,5
5947,,,10,1,2,2,60,19,300,600,4,5
5948,,,12,1,2,2,61,88,300,600,2,5
5949,,,6,2,2,1,44,60,180,300,3,5
5950,,,4,2,2,1,33,2,420,540,1,5
5951,,,3,1,2,2,50,85,420,540,4,5
5952,,,3,1,2,2,39,13,420,540,3,5
5953,,,4,1,2,3,30,60,420,540,3,5
5954,,,11,2,2,3,35,78,300,600,3,5
5955,,,6,2,2,1,29,0,300,420,4,5
5956,,,13,1,2,2,34,80,420,540,1,5
5957,,,7,2,2,1,94,58,180,300,1,5
5958,,,9,1,2,3,39,51,420,540,1,5
5959,,,5,1,2,2,75,35,420,540,3,5
5960,,,3,2,2,2,39,74,180,300,4,5
5961,,,5,2,2,2,80,39,300,600,4,5
5962,,,14,1,2,2,0,83,300,600,1,5
5963,,,8,1,2,2,29,63,420,540,2,5
5964,,,14,1,2,1,45,72,420,540,3,5
5965,,,9,2,2,1,94,16,300,600,1,5
5966,,,4,1,2,1,45,74,420,540,4,5
5967,,,16,1,2,1,56,35,300,600,1,5
5968,,,12,1,2,2,93,17,300,600,3,5
5969,,,10,1,2,1,91,94,300,600,2,5
5970,,,10,1,2,3,65,29,300,600,2,5
5971,,,4,2,2,2,55,15,0,300,4,5
5972,,,6,1,2,1,76,49,300,600,4,5
5973,,,10,1,2,1,79,16,300,600,2,5
5974,,,14,1,2,2,51,9,420,540,3,5
5975,,,14,1,2,1,9,66,300,600,3,5
5976,,,13,1,2,3,22,34,420,540,2,5
5977,,,3,1,2,1,71,25,420,540,3,5
5978,,,6,1,2,2,88,28,420,540,4,5
5979,,,15,1,2,1,3,31,420,540,4,5
5980,,,6,1,2,2,3,86,420,540,3,5
5981,,,6,1,2,1,29,74,300,600,2,5
5982,,,6,2,2,3,88,65,420,540,3,5
5983,,,13,2,2,3,66,36,300,420,3,5
5984,,,5,1,2,3,67,56,420,540,1,5
5985,,,13,2,2,2,95,38,300,600,1,5
5986,,,15,1,2,3,87,15,300,600,2,5
5987,,,10,2,2,3,54,47,0,300,3,5
5988,,,5,2,2,1,28,66,60,180,1,5
5989,,,5,1,2,3,36,74,300,600,1,5
5990,,,3,1,2,2,4,9,300,600,4,5
5991,,,4,1,2,1,10,13,420,540,4,5
5992,,,8,2,2,1,84,42,420,540,2,5
5993,,,11,1,2,2,79,0,300,600,1,5
5994,,,3,1,2,3,97,50,300,600,3,5
5995,,,15,1,2,2,96,41,300,600,1,5
5996,,,11,1,2,3,78,40,300,600,2,5
5997,,,4,1,2,1,36,57,300,600,4,5
5998,,,3,2,2,2,63,81,60,180,4,5
5999,,,15,1,2,2,20,43,300,600,3,5
6000,,,8,1,2,3,80,64,420,540,3,5
6001,,,12,1,2,3,58,76,300,600,2,5
6002,,,15,1,2,1,2,77,420,540,3,5
6003,,,10,2,2,2,8,0,180,300,1,5
6004,,,5,2,2,3,26,52,180,300,1,5
6005,,,13,2,2,2,44,89,420,540,1,5
6006,,,9,1,2,2,24,35,420,540,1,5
6007,,,10,1,2,3,45,65,420,540,4,5
6008,,,6,2,2,2,14,60,60,180,4,5
6009,,,3,2,2,3,67,41,300,420,3,5
6010,,,14,2,2,2,22,49,300,420,3,5
6011,,,7,1,2,1,70,88,300,600,1,5
6012,,,7,2,2,3,76,84,180,300,2,5
6013,,,8,2,2,3,46,40,60,180,3,5
6014,,,12,2,2,1,72,52,60,180,3,5
6015,,,6,2,2,1,69,32,180,300,1,5
6016,,,8,1,2,3,84,64,420,540,3,5
6017,,,12,2,2,3,11,93,180,300,2,5
6018,,,2,2,2,1,82,73,180,300,2,5
6019,,,5,1,2,1,77,69,300,600,2,5
6020,,,15,2,2,2,36,56,300,600,3,5
6021,,,11,2,2,3,11,48,0,300,4,5
6022,,,13,2,2,2,15,85,0,300,4,5
6023,,,3,1,2,1,32,70,420,540,4,5
6024,,,3,1,2,1,34,26,300,600,4,5
6025,,,10,1,2,3,85,6,420,540,3,5
6026,,,10,1,2,1,72,93,420,540,3,5
6027,,,5,2,2,1,48,31,420,540,3,5
6028,,,9,1,2,2,29,25,300,600,3,5
6029,,,15,1,2,2,64,32,300,600,1,5
6030,,,14,1,2,2,33,96,300,600,4,5
6031,,,8,2,2,3,61,43,300,600,3,5
6032,,,13,2,2,1,7,5,0,300,1,5
6033,,,6,1,2,1,40,12,420,540,3,5
6034,,,4,2,2,1,11,49,60,180,3,5
6035,,,3,2,2,1,42,7,0,300,3,5
6036,,,14,1,2,1,59,49,300,600,1,5
6037,,,9,1,2,2,34,58,420,540,3,5
6038,,,7,1,2,3,44,23,420,540,3,5
6039,,,11,1,2,3,9,52,420,540,2,5
6040,,,6,1,2,1,23,23,420,540,3,5
6041,,,2,1,2,1,69,44,420,540,2,5
6042,,,5,1,2,3,98,74,300,600,3,5
6043,,,9,2,2,1,45,24,60,180,3,5
6044,,,9,1,2,1,2,80,420,540,3,5
6045,,,7,1,2,3,56,47,420,540,3,5
6046,,,10,2,2,3,10,25,0,300,1,5
6047,,,9,1,2,2,92,64,300,600,3,5
6048,,,14,1,2,3,5,19,420,540,2,5
6049,,,9,2,2,1,1,39,60,180,2,5
6050,,,8,2,2,2,88,57,180,300,2,5
6051,,,11,2,2,2,5,27,0,300,4,5
6052,,,15,1,2,1,25,68,300,600,2,5
6053,,,15,2,2,3,92,57,420,540,1,5
6054,,,15,1,2,3,10,85,300,600,3,5
6055,,,5,2,2,3,12,16,180,300,1,5
6056,,,8,1,2,3,66,95,300,600,4,5
6057,,,5,1,2,2,78,71,420,540,4,5
6058,,,8,1,2,3,1,53,300,600,2,5
6059,,,6,2,2,3,16,63,300,600,2,5
6060,,,10,1,2,2,16,33,300,600,4,5
6061,,,15,2,2,1,32,30,60,180,3,5
6062,,,9,2,2,1,95,97,300,600,3,5
6063,,,7,2,2,3,44,3,180,300,1,5
6064,,,12,2,2,1,23,8,60,180,1,5
6065,,,11,2,2,1,95,76,300,420,2,5
6066,,,16,1,2,2,18,11,300,600,3,5
6067,,,14,2,2,2,26,62,180,300,3,5
6068,,,6,2,2,2,60,36,60,180,3,5
6069,,,13,2,2,2,2,87,0,300,2,5
6070,,,10,1,2,2,88,78,300,600,4,5
6071,,,16,2,2,1,94,93,180,300,2,5
6072,,,6,2,2,3,48,25,420,540,2,5
6073,,,6,1,2,2,72,81,300,600,4,5
6074,,,7,2,2,1,7,92,60,180,1,5
6075,,,10,2,2,3,0,72,300,420,4,5
6076,,,3,2,2,3,36,34,180,300,3,5
6077,,,8,2,2,1,32,9,180,300,2,5
6078,,,14,1,2,2,99,74,300,600,3,5
6079,,,2,2,2,1,74,48,300,600,2,5
6080,,,8,2,2,1,27,72,60,180,2,5
6081,,,3,1,2,1,18,27,420,540,2,5
6082,,,9,1,2,3,22,12,300,600,4,5
6083,,,4,1,2,1,0,67,300,600,2,5
6084,,,5,1,2,1,12,60,300,600,1,5
6085,,,15,2,2,2,49,64,60,180,1,5
6086,,,14,2,2,3,36,90,60,180,1,5
6087,,,14,1,2,3,34,20,300,600,2,5
6088,,,15,2,2,2,55,75,180,300,1,5
6089,,,14,1,2,3,23,59,300,600,2,5
6090,,,10,2,2,1,94,24,0,300,2,5
6091,,,6,1,2,1,70,62,300,600,3,5
6092,,,15,2,2,2,26,33,300,420,1,5
6093,,,2,2,2,2,19,84,60,180,2,5
6094,,,7,2,2,2,93,100,420,540,4,5
6095,,,15,1,2,2,3,24,300,600,2,5
6096,,,2,2,2,3,49,56,0,300,2,5
6097,,,13,1,2,2,0,66,420,540,1,5
6098,,,7,1,2,2,42,16,420,540,1,5
6099,,,11,1,2,1,76,82,420,540,3,5
6100,,,14,1,2,1,0,16,420,540,2,5
6101,,,10,1,2,2,63,71,300,600,3,5
6102,,,15,1,2,1,93,10,300,600,1,5
6103,,,4,2,2,2,13,32,300,600,4,5
6104,,,7,2,2,1,68,44,420,540,3,5
6105,,,10,2,2,1,52,72,0,300,3,5
6106,,,2,1,2,1,59,58,300,600,4,5
6107,,,8,2,2,3,1,86,0,300,4,5
6108,,,13,2,2,2,9,35,0,300,1,5
6109,,,10,2,2,3,90,100,300,600,1,5
6110,,,14,2,2,1,7,61,300,420,1,5
6111,,,7,1,2,3,6,48,420,540,3,5
6112,,,8,1,2,1,2,23,300,600,2,5
6113,,,5,1,2,2,13,31,300,600,2,5
6114,,,13,2,2,2,18,33,300,600,4,5
6115,,,6,1,2,3,21,98,300,600,2,5
6116,,,9,1,2,2,16,36,420,540,1,5
6117,,,4,2,2,3,45,63,0,300,1,5
6118,,,12,1,2,1,75,65,420,540,3,5
6119,,,9,2,2,3,83,15,300,600,1,5
6120,,,8,1,2,2,62,94,420,540,3,5
6121,,,14,1,2,2,40,86,300,600,2,5
6122,,,7,1,2,3,10,96,420,540,4,5
6123,,,10,1,2,3,18,37,300,600,3,5
6124,,,13,1,2,3,64,54,420,540,4,5
6125,,,2,1,2,1,68,24,300,600,2,5
6126,,,10,1,2,1,81,71,420,540,1,5
6127,,,15,2,2,1,38,76,60,180,3,5
6128,,,12,1,2,3,31,48,300,600,2,5
6129,,,13,1,2,1,54,47,420,540,4,5
6130,,,8,2,2,1,20,11,0,300,3,5
6131,,,8,2,2,2,30,87,300,600,1,5
6132,,,8,1,2,2,89,84,300,600,1,5
6133,,,13,2,2,1,32,41,60,180,4,5
6134,,,10,1,2,3,86,1,300,600,4,5
6135,,,5,1,2,3,26,6,300,600,2,5
6136,,,2,2,2,2,14,58,300,420,2,5
6137,,,12,2,2,1,39,88,180,300,1,5
6138,,,7,1,2,2,43,89,420,540,4,5
6139,,,5,2,2,3,37,79,180,300,2,5
6140,,,2,2,2,1,3,100,60,180,1,5
6141,,,14,1,2,3,37,98,300,600,1,5
6142,,,12,2,2,3,59,70,0,300,2,5
6143,,,8,2,2,2,38,62,300,600,2,5
6144,,,12,2,2,2,87,40,420,540,4,5
6145,,,12,1,2,1,10,91,420,540,3,5
6146,,,15,2,2,1,17,14,0,300,1,5
6147,,,8,1,2,1,60,57,420,540,2,5
6148,,,8,2,2,3,33,34,0,300,2,5
6149,,,11,2,2,3,14,34,420,540,1,5
6150,,,2,2,2,3,21,15,0,300,2,5
6151,,,8,1,2,3,82,24,300,600,4,5
6152,,,16,2,2,3,98,52,180,300,4,5
6153,,,7,1,2,2,100,47,300,600,4,5
6154,,,5,2,2,1,13,69,420,540,2,5
6155,,,8,2,2,1,18,17,300,420,2,5
6156,,,5,1,2,1,56,29,300,600,1,5
6157,,,5,2,2,2,33,5,420,540,2,5
6158,,,15,1,2,1,34,58,300,600,4,5
6159,,,5,2,2,1,47,37,60,180,3,5
6160,,,12,2,2,1,43,95,300,600,1,5
6161,,,13,2,2,3,35,62,300,600,4,5
6162,,,9,2,2,1,57,52,180,300,1,5
6163,,,14,2,2,3,13,58,180,300,3,5
6164,,,10,1,2,1,61,65,300,600,4,5
6165,,,5,2,2,3,71,38,60,180,2,5
6166,,,6,1,2,2,84,12,420,540,3,5
6167,,,15,2,2,1,90,32,0,300,4,5
6168,,,6,2,2,3,30,37,180,300,2,5
6169,,,5,2,2,2,14,23,180,300,4,5
6170,,,5,1,2,2,82,47,300,600,2,5
6171,,,4,1,2,2,99,66,300,600,1,5
6172,,,9,1,2,2,76,87,420,540,4,5
6173,,,3,1,2,1,59,46,420,540,3,5
6174,,,13,1,2,1,12,66,420,540,2,5
6175,,,4,2,2,2,50,18,300,600,4,5
6176,,,2,2,2,1,82,15,420,540,2,5
6177,,,10,2,2,1,6,73,300,600,2,5
6178,,,3,1,2,3,78,36,300,600,2,5
6179,,,15,2,2,1,49,2,60,180,3,5
6180,,,14,1,2,2,39,30,420,540,4,5
6181,,,14,1,2,3,9,25,420,540,2,5
6182,,,4,1,2,2,46,7,420,540,4,5
6183,,,8,2,2,2,88,35,0,300,4,5
6184,,,11,2,2,3,39,88,420,540,1,5
6185,,,6,1,2,3,86,15,420,540,2,5
6186,,,13,2,2,3,14,91,300,600,3,5
6187,,,2,1,2,1,88,100,300,600,4,5
6188,,,15,2,2,2,18,55,420,540,1,5
6189,,,13,2,2,2,14,89,420,540,2,5
6190,,,11,1,2,3,10,85,300,600,4,5
6191,,,7,2,2,2,1,72,0,300,4,5
6192,,,13,1,2,3,56,5,300,600,1,5
6193,,,10,2,2,1,78,50,300,420,4,5
6194,,,15,2,2,3,94,57,420,540,1,5
6195,,,12,2,2,3,15,67,300,600,1,5
6196,,,10,1,2,3,47,40,420,540,2,5
6197,,,9,1,2,2,91,2,300,600,2,5
6198,,,3,1,2,2,35,90,420,540,1,5
6199,,,5,1,2,2,15,26,300,600,1,5
6200,,,12,1,2,1,31,51,420,540,3,5
6201,,,6,2,2,3,60,58,0,300,3,5
6202,,,3,1,2,1,94,46,300,600,1,5
6203,,,7,1,2,3,40,1,420,540,1,5
6204,,,15,1,2,3,64,38,420,540,4,5
6205,,,3,1,2,1,17,21,300,600,1,5
6206,,,9,1,2,3,84,99,420,540,4,5
6207,,,6,1,2,2,17,67,300,600,2,5
6208,,,7,1,2,2,96,25,300,600,2,5
6209,,,4,1,2,2,4,4,300,600,4,5
6210,,,10,2,2,1,21,79,0,300,1,5
6211,,,10,2,2,1,88,60,60,180,2,5
6212,,,3,2,2,1,55,19,300,600,2,5
6213,,,13,2,2,1,57,60,420,540,3,5
6214,,,4,2,2,3,11,75,180,300,2,5
6215,,,9,2,2,1,39,21,180,300,3,5
6216,,,3,2,2,2,31,100,300,600,4,5
6217,,,13,1,2,2,25,20,300,600,4,5
6218,,,4,1,2,1,47,53,300,600,3,5
6219,,,7,1,2,2,54,29,300,600,4,5
6220,,,17,2,2,2,47,45,300,600,2,5
6221,,,5,1,2,2,90,48,300,600,1,5
6222,,,13,2,2,1,43,65,180,300,1,5
6223,,,15,1,2,2,68,93,300,600,4,5
6224,,,15,2,2,2,14,96,300,600,3,5
6225,,,10,2,2,1,95,88,60,180,1,5
6226,,,8,1,2,1,37,59,420,540,1,5
6227,,,2,1,2,1,40,43,420,540,4,5
6228,,,3,2,2,1,47,89,420,540,1,5
6229,,,13,1,2,1,45,83,300,600,4,5
6230,,,9,2,2,1,86,33,180,300,4,5
6231,,,4,2,2,3,9,70,180,300,2,5
6232,,,7,2,2,3,63,34,60,180,4,5
6233,,,15,2,2,2,62,31,0,300,3,5
6234,,,11,1,2,2,76,11,300,600,3,5
6235,,,8,2,2,3,58,96,60,180,1,5
6236,,,6,2,2,1,89,46,180,300,2,5
6237,,,15,1,2,2,61,37,300,600,3,5
6238,,,4,1,2,2,89,62,300,600,4,5
6239,,,15,1,2,3,53,79,300,600,4,5
6240,,,2,1,2,2,91,52,420,540,4,5
6241,,,10,2,2,2,38,59,180,300,4,5
6242,,,4,2,2,2,13,89,420,540,4,5
6243,,,2,2,2,2,34,76,60,180,3,5
6244,,,11,2,2,3,95,87,0,300,3,5
6245,,,3,2,2,2,0,78,60,180,1,5
6246,,,6,1,2,1,97,100,420,540,1,5
6247,,,15,1,2,2,34,95,420,540,1,5
6248,,,11,1,2,1,57,7,420,540,4,5
6249,,,5,1,2,1,69,72,420,540,3,5
6250,,,11,1,2,2,48,8,300,600,3,5
6251,,,1,1,2,2,99,55,300,600,3,5
6252,,,9,1,2,2,71,88,300,600,1,5
6253,,,6,2,2,2,36,2,180,300,3,5
6254,,,12,1,2,1,60,0,420,540,4,5
6255,,,5,1,2,3,12,97,300,600,1,5
6256,,,12,2,2,1,14,29,60,180,3,5
6257,,,6,2,2,1,35,47,300,420,3,5
6258,,,12,1,2,1,54,38,300,600,1,5
6259,,,9,1,2,2,36,71,420,540,1,5
6260,,,4,2,2,1,35,15,0,300,4,5
6261,,,2,2,2,1,76,0,0,300,2,5
6262,,,8,2,2,1,35,19,300,420,4,5
6263,,,2,1,2,3,95,25,300,600,3,5
6264,,,6,2,2,1,70,73,60,180,4,5
6265,,,13,1,2,1,51,26,420,540,2,5
6266,,,8,2,2,1,89,10,300,420,4,5
6267,,,2,1,2,1,31,42,300,600,4,5
6268,,,2,1,2,2,88,32,420,540,2,5
6269,,,3,1,2,1,41,54,420,540,3,5
6270,,,15,2,2,2,11,47,420,540,3,5
6271,,,4,1,2,1,79,84,420,540,3,5
6272,,,16,2,2,3,42,34,420,540,1,5
6273,,,10,2,2,1,94,4,60,180,3,5
6274,,,15,2,2,1,8,82,180,300,4,5
6275,,,2,2,2,3,21,16,300,600,1,5
6276,,,8,2,2,3,91,41,180,300,2,5
6277,,,3,2,2,1,9,60,300,600,2,5
6278,,,4,2,2,1,22,9,60,180,1,5
6279,,,6,2,2,3,19,26,180,300,4,5
6280,,,10,1,2,3,59,46,420,540,1,5
6281,,,5,1,2,1,78,82,300,600,4,5
6282,,,16,1,2,3,69,73,420,540,2,5
6283,,,11,1,2,2,4,32,420,540,3,5
6284,,,12,1,2,1,17,80,420,540,4,5
6285,,,12,2,2,3,75,75,60,180,4,5
6286,,,10,1,2,3,88,20,420,540,4,5
6287,,,6,1,2,3,87,22,300,600,3,5
6288,,,8,2,2,3,20,58,180,300,2,5
6289,,,14,1,2,2,8,45,420,540,1,5
6290,,,1,1,2,2,52,80,420,540,3,5
6291,,,14,1,2,1,68,74,420,540,3,5
6292,,,15,1,2,1,4,76,420,540,2,5
6293,,,14,1,2,1,72,91,420,540,1,5
6294,,,14,2,2,3,83,46,180,300,4,5
6295,,,14,2,2,2,55,6,60,180,2,5
6296,,,9,1,2,3,53,31,300,600,1,5
6297,,,8,2,2,2,35,31,180,300,4,5
6298,,,16,1,2,2,33,44,300,600,3,5
6299,,,13,1,2,2,16,98,420,540,1,5
6300,,,2,1,2,2,71,1,300,600,1,5
6301,,,8,2,2,1,85,57,180,300,2,5
6302,,,5,2,2,1,24,12,0,300,2,5
6303,,,4,2,2,3,19,58,60,180,4,5
6304,,,8,1,2,3,13,58,420,540,4,5
6305,,,10,1,2,2,43,83,420,540,2,5
6306,,,10,1,2,3,85,77,420,540,3,5
6307,,,10,2,2,1,22,34,0,300,2,5
6308,,,7,1,2,1,72,12,300,600,4,5
6309,,,12,1,2,1,35,97,420,540,1,5
6310,,,6,2,2,1,14,55,420,540,1,5
6311,,,6,2,2,3,11,76,300,600,4,5
6312,,,12,1,2,1,29,47,420,540,2,5
6313,,,5,1,2,2,60,88,300,600,3,5
6314,,,12,1,2,3,13,40,300,600,1,5
6315,,,10,1,2,2,44,63,420,540,2,5
6316,,,14,2,2,1,81,59,60,180,1,5
6317,,,13,2,2,2,97,69,60,180,4,5
6318,,,9,2,2,3,16,47,300,420,1,5
6319,,,13,2,2,3,8,93,180,300,4,5
6320,,,16,2,2,1,85,61,300,600,2,5
6321,,,15,2,2,3,18,39,0,300,3,5
6322,,,3,2,2,3,64,55,0,300,3,5
6323,,,5,1,2,1,22,9,300,600,3,5
6324,,,12,2,2,1,56,40,300,420,4,5
6325,,,6,2,2,3,82,25,180,300,1,5
6326,,,13,1,2,3,79,27,420,540,3,5
6327,,,14,2,2,1,13,7,300,420,1,5
6328,,,13,1,2,1,36,83,300,600,3,5
6329,,,13,2,2,1,5,30,420,540,4,5
6330,,,8,1,2,2,59,8,420,540,4,5
6331,,,13,1,2,2,95,32,300,600,3,5
6332,,,12,1,2,3,53,62,420,540,2,5
6333,,,3,2,2,3,98,72,180,300,2,5
6334,,,8,1,2,2,3,4,420,540,3,5
6335,,,3,1,2,2,92,3,420,540,2,5
6336,,,14,2,2,2,46,71,420,540,3,5
6337,,,10,1,2,2,37,25,420,540,2,5
6338,,,4,2,2,2,61,99,300,420,3,5
6339,,,6,2,2,3,42,62,0,300,1,5
6340,,,12,1,2,3,80,94,300,600,1,5
6341,,,11,1,2,2,2,3,420,540,2,5
6342,,,13,2,2,2,0,59,180,300,2,5
6343,,,7,1,2,1,57,92,420,540,3,5
6344,,,6,2,2,3,78,25,300,420,3,5
6345,,,14,2,2,2,21,2,0,300,4,5
6346,,,8,2,2,1,17,64,300,420,2,5
6347,,,16,2,2,1,92,62,420,540,2,5
6348,,,15,1,2,3,35,2,300,600,1,5
6349,,,11,2,2,2,29,72,0,300,2,5
6350,,,3,2,2,2,20,35,300,420,2,5
6351,,,10,2,2,3,97,63,300,600,3,5
6352,,,15,2,2,2,22,74,0,300,3,5
6353,,,10,2,2,3,57,80,300,420,1,5
6354,,,14,2,2,2,8,96,300,600,4,5
6355,,,9,2,2,2,32,76,0,300,2,5
6356,,,3,2,2,3,70,25,180,300,1,5
6357,,,6,2,2,2,90,19,60,180,2,5
6358,,,3,1,2,2,61,66,420,540,2,5
6359,,,3,2,2,1,96,44,0,300,4,5
6360,,,13,2,2,2,57,56,300,420,3,5
6361,,,8,2,2,2,56,24,300,420,1,5
6362,,,12,1,2,3,33,65,300,600,2,5
6363,,,12,2,2,3,53,59,60,180,1,5
6364,,,7,2,2,1,70,34,60,180,2,5
6365,,,2,1,2,3,94,90,420,540,4,5
6366,,,7,1,2,3,45,65,420,540,3,5
6367,,,5,1,2,3,87,41,420,540,4,5
6368,,,5,2,2,2,90,48,420,540,3,5
6369,,,2,2,2,1,82,32,0,300,1,5
6370,,,15,1,2,2,33,46,300,600,3,5
6371,,,8,2,2,2,43,18,420,540,1,5
6372,,,8,2,2,3,29,56,0,300,4,5
6373,,,13,2,2,2,11,19,60,180,1,5
6374,,,8,1,2,3,18,46,300,600,3,5
6375,,,8,2,2,2,77,21,60,180,1,5
6376,,,11,1,2,1,45,69,420,540,1,5
6377,,,12,2,2,2,100,45,420,540,3,5
6378,,,13,2,2,1,20,84,420,540,1,5
6379,,,9,1,2,1,27,46,420,540,1,5
6380,,,7,2,2,1,33,51,300,420,1,5
6381,,,2,1,2,1,0,76,300,600,2,5
6382,,,8,1,2,2,82,82,420,540,2,5
6383,,,11,2,2,2,79,74,420,540,1,5
6384,,,8,1,2,3,46,40,420,540,3,5
6385,,,10,2,2,3,35,86,0,300,4,5
6386,,,11,1,2,2,0,52,300,600,1,5
6387,,,3,2,2,2,69,18,0,300,3,5
6388,,,12,1,2,3,63,63,300,600,4,5
6389,,,14,1,2,3,22,9,300,600,4,5
6390,,,6,1,2,2,59,58,300,600,1,5
6391,,,16,2,2,1,26,40,420,540,1,5
6392,,,2,2,2,2,86,59,0,300,1,5
6393,,,3,1,2,3,43,39,420,540,2,5
6394,,,4,2,2,3,28,98,300,420,1,5
6395,,,13,2,2,2,77,9,180,300,2,5
6396,,,12,2,2,3,49,86,60,180,3,5
6397,,,13,2,2,2,76,28,420,540,3,5
6398,,,14,2,2,1,2,10,180,300,2,5
6399,,,3,1,2,2,40,98,300,600,1,5
6400,,,7,2,2,2,83,34,180,300,4,5
6401,,,4,1,2,3,38,96,300,600,3,5
6402,,,12,2,2,3,51,96,0,300,3,5
6403,,,4,2,2,3,6,83,180,300,3,5
6404,,,12,2,2,3,49,68,180,300,2,5
6405,,,9,1,2,2,73,62,420,540,2,5
6406,,,15,1,2,3,72,83,420,540,2,5
6407,,,13,1,2,3,35,96,420,540,4,5
6408,,,8,1,2,2,15,86,420,540,1,5
6409,,,1,1,2,1,60,4,300,600,2,5
6410,,,15,2,2,2,36,84,180,300,3,5
6411,,,11,1,2,1,55,62,420,540,3,5
6412,,,8,2,2,3,61,78,300,600,3,5
6413,,,2,2,2,1,85,44,300,600,1,5
6414,,,9,2,2,1,15,96,180,300,2,5
6415,,,10,2,2,1,12,69,180,300,2,5
6416,,,9,2,2,3,38,3,180,300,3,5
6417,,,12,2,2,3,74,12,0,300,4,5
6418,,,5,1,2,3,48,25,420,540,1,5
6419,,,2,1,2,1,35,39,420,540,1,5
6420,,,1,1,2,3,83,11,300,600,3,5
6421,,,16,2,2,2,81,48,300,420,3,5
6422,,,7,1,2,1,76,73,420,540,4,5
6423,,,10,2,2,1,50,44,180,300,1,5
6424,,,15,2,2,2,85,80,300,600,4,5
6425,,,2,2,2,3,27,45,60,180,3,5
6426,,,8,2,2,2,80,73,420,540,1,5
6427,,,4,1,2,2,72,0,420,540,1,5
6428,,,11,2,2,1,2,78,180,300,2,5
6429,,,14,1,2,1,34,53,300,600,4,5
6430,,,3,1,2,3,60,86,420,540,1,5
6431,,,5,1,2,2,67,2,420,540,3,5
6432,,,9,2,2,3,77,8,300,420,1,5
6433,,,4,2,2,1,74,10,0,300,4,5
6434,,,15,1,2,3,91,22,420,540,1,5
6435,,,4,1,2,3,16,60,300,600,3,5
6436,,,15,2,2,2,52,16,180,300,2,5
6437,,,13,2,2,3,77,98,60,180,1,5
6438,,,15,1,2,1,32,4,420,540,1,5
6439,,,12,1,2,1,99,83,420,540,1,5
6440,,,14,2,2,1,99,75,420,540,4,5
6441,,,15,2,2,2,37,39,420,540,4,5
6442,,,13,2,2,2,65,3,60,180,3,5
6443,,,4,1,2,1,65,49,300,600,3,5
6444,,,7,1,2,1,4,62,300,600,1,5
6445,,,9,2,2,1,84,36,300,600,2,5
6446,,,9,2,2,3,23,45,180,300,3,5
6447,,,11,2,2,2,3,61,60,180,3,5
6448,,,7,1,2,3,9,99,420,540,2,5
6449,,,15,1,2,3,98,7,300,600,3,5
6450,,,3,2,2,3,39,88,420,540,3,5
6451,,,16,2,2,1,68,67,420,540,2,5
6452,,,5,1,2,1,62,7,300,600,4,5
6453,,,17,2,2,1,86,76,180,300,4,5
6454,,,5,1,2,2,94,63,420,540,4,5
6455,,,12,1,2,2,67,82,420,540,2,5
6456,,,9,2,2,1,4,88,420,540,4,5
6457,,,6,2,2,3,11,8,180,300,3,5
6458,,,6,1,2,2,52,90,420,540,3,5
6459,,,14,1,2,3,25,43,420,540,2,5
6460,,,11,2,2,1,36,8,180,300,3,5
6461,,,12,1,2,1,49,6,420,540,4,5
6462,,,6,2,2,1,97,91,420,540,3,5
6463,,,4,1,2,2,78,39,420,540,3,5
6464,,,9,2,2,1,81,4,0,300,1,5
6465,,,15,1,2,3,40,82,420,540,3,5
6466,,,3,1,2,3,43,54,300,600,1,5
6467,,,15,2,2,2,57,38,180,300,3,5
6468,,,3,2,2,1,86,37,300,600,2,5
6469,,,11,1,2,1,7,32,300,600,2,5
6470,,,7,2,2,2,15,7,300,600,3,5
6471,,,10,1,2,3,87,62,300,600,3,5
6472,,,8,2,2,3,59,81,60,180,3,5
6473,,,9,1,2,1,36,26,420,540,2,5
6474,,,6,2,2,1,36,96,60,180,1,5
6475,,,8,1,2,1,47,8,300,600,3,5
6476,,,7,1,2,3,23,58,420,540,1,5
6477,,,11,2,2,3,5,11,180,300,2,5
6478,,,7,1,2,1,45,63,420,540,4,5
6479,,,12,1,2,1,43,8,300,600,2,5
6480,,,6,1,2,3,0,67,300,600,4,5
6481,,,5,2,2,1,46,96,60,180,2,5
6482,,,13,1,2,1,77,53,300,600,4,5
6483,,,11,2,2,3,1,20,420,540,2,5
6484,,,11,1,2,2,82,51,420,540,4,5
6485,,,16,2,2,3,94,73,180,300,1,5
6486,,,9,2,2,1,45,87,180,300,3,5
6487,,,4,1,2,2,36,70,300,600,1,5
6488,,,10,1,2,1,53,54,300,600,4,5
6489,,,9,2,2,3,100,71,180,300,4,5
6490,,,5,1,2,2,63,46,300,600,3,5
6491,,,2,1,2,1,69,66,420,540,4,5
6492,,,10,1,2,2,11,100,300,600,2,5
6493,,,4,1,2,2,10,78,300,600,2,5
6494,,,2,1,2,2,7,38,300,600,2,5
6495,,,11,2,2,1,56,26,300,600,2,5
6496,,,10,2,2,3,71,25,300,420,4,5
6497,,,12,1,2,2,29,65,300,600,1,5
6498,,,5,1,2,2,54,96,420,540,3,5
6499,,,5,2,2,1,25,47,60,180,3,5
6500,,,9,2,2,2,38,1,0,300,3,5
6501,,,4,1,2,1,9,5,300,600,1,5
6502,,,11,2,2,3,27,0,420,540,1,5
6503,,,4,1,2,1,83,58,420,540,3,5
6504,,,2,1,2,1,39,36,300,600,1,5
6505,,,4,2,2,3,100,62,180,300,4,5
6506,,,3,2,2,3,65,69,420,540,4,5
6507,,,7,1,2,3,35,55,300,600,4,5
6508,,,3,1,2,2,33,5,420,540,4,5
6509,,,13,1,2,3,62,6,420,540,4,5
6510,,,3,2,2,3,60,64,300,600,3,5
6511,,,12,1,2,1,9,68,420,540,4,5
6512,,,6,1,2,3,88,32,300,600,2,5
6513,,,4,2,2,3,13,44,180,300,1,5
6514,,,13,1,2,2,53,35,420,540,4,5
6515,,,8,2,2,1,20,69,420,540,3,5
6516,,,9,1,2,2,8,40,300,600,1,5
6517,,,7,2,2,2,52,29,0,300,3,5
6518,,,3,2,2,3,15,6,60,180,2,5
6519,,,5,1,2,2,1,14,420,540,3,5
6520,,,11,1,2,3,63,84,420,540,1,5
6521,,,14,1,2,1,81,39,300,600,4,5
6522,,,6,2,2,3,32,33,0,300,4,5
6523,,,3,2,2,1,71,33,300,420,2,5
6524,,,8,1,2,2,98,16,420,540,4,5
6525,,,10,2,2,3,14,76,60,180,1,5
6526,,,5,2,2,3,56,83,180,300,4,5
6527,,,10,2,2,2,23,45,300,600,3,5
6528,,,15,2,2,3,29,2,0,300,1,5
6529,,,14,1,2,2,81,93,420,540,2,5
6530,,,5,2,2,3,14,6,180,300,4,5
6531,,,6,1,2,1,44,12,420,540,3,5
6532,,,10,2,2,3,5,73,60,180,1,5
6533,,,4,2,2,3,37,62,180,300,3,5
6534,,,11,1,2,1,23,35,300,600,1,5
6535,,,5,1,2,3,2,24,420,540,3,5
6536,,,2,2,2,2,18,97,300,600,3,5
6537,,,6,1,2,1,4,70,300,600,4,5
6538,,,12,1,2,1,56,59,420,540,2,5
6539,,,4,1,2,2,67,68,420,540,1,5
6540,,,8,2,2,3,36,24,420,540,2,5
6541,,,11,1,2,3,2,52,300,600,3,5
6542,,,6,2,2,2,51,70,0,300,2,5
6543,,,4,2,2,1,98,35,420,540,2,5
6544,,,1,1,2,1,27,90,420,540,2,5
6545,,,7,2,2,3,52,47,180,300,3,5
6546,,,4,1,2,1,47,95,420,540,2,5
6547,,,12,1,2,3,79,98,420,540,4,5
6548,,,11,2,2,1,24,19,0,300,1,5
6549,,,7,2,2,2,61,70,420,540,2,5
6550,,,15,1,2,2,36,10,300,600,2,5
6551,,,11,2,2,2,81,93,60,180,2,5
6552,,,16,1,2,3,92,77,420,540,2,5
6553,,,12,2,2,1,28,10,0,300,3,5
6554,,,15,1,2,3,56,15,300,600,3,5
6555,,,11,2,2,1,81,16,180,300,3,5
6556,,,12,2,2,3,1,85,0,300,2,5
6557,,,2,2,2,2,22,60,300,600,4,5
6558,,,4,2,2,2,60,3,180,300,2,5
6559,,,2,2,2,3,95,52,0,300,1,5
6560,,,8,1,2,1,21,79,420,540,4,5
6561,,,10,1,2,3,75,53,420,540,3,5
6562,,,12,1,2,1,13,51,300,600,4,5
6563,,,11,1,2,1,0,18,420,540,1,5
6564,,,4,2,2,1,59,78,60,180,1,5
6565,,,6,2,2,1,82,21,300,420,3,5
6566,,,4,2,2,2,28,52,420,540,2,5
6567,,,9,2,2,3,64,31,300,420,4,5
6568,,,15,1,2,3,38,13,420,540,1,5
6569,,,11,2,2,2,40,50,60,180,2,5
6570,,,17,2,2,1,52,92,300,420,2,5
6571,,,12,2,2,1,48,88,180,300,3,5
6572,,,6,2,2,2,45,36,180,300,1,5
6573,,,14,2,2,2,49,32,0,300,1,5
6574,,,14,1,2,2,98,34,420,540,3,5
6575,,,3,1,2,2,17,74,300,600,2,5
6576,,,13,2,2,2,37,3,180,300,1,5
6577,,,15,2,2,2,32,4,60,180,4,5
6578,,,12,1,2,3,31,28,420,540,4,5
6579,,,14,2,2,1,42,10,300,600,2,5
6580,,,13,1,2,3,60,1,420,540,3,5
6581,,,13,2,2,2,56,89,180,300,4,5
6582,,,9,2,2,1,86,41,0,300,3,5
6583,,,7,1,2,2,81,9,420,540,1,5
6584,,,13,2,2,3,79,89,0,300,1,5
6585,,,8,2,2,2,84,64,300,420,3,5
6586,,,5,2,2,1,7,59,0,300,2,5
6587,,,2,2,2,2,35,32,300,420,1,5
6588,,,12,1,2,1,81,47,300,600,2,5
6589,,,8,1,2,1,24,31,420,540,2,5
6590,,,8,1,2,1,0,21,300,600,1,5
6591,,,10,2,2,3,72,46,60,180,1,5
6592,,,5,1,2,3,9,88,300,600,1,5
6593,,,3,2,2,2,45,48,60,180,2,5
6594,,,8,2,2,1,96,99,60,180,4,5
6595,,,9,1,2,1,66,1,300,600,2,5
6596,,,16,2,2,1,58,95,300,420,3,5
6597,,,12,2,2,1,24,68,0,300,3,5
6598,,,2,1,2,1,49,58,420,540,3,5
6599,,,9,1,2,2,18,30,300,600,2,5
6600,,,16,2,2,2,55,18,60,180,2,5
6601,,,13,2,2,2,86,25,0,300,2,5
6602,,,13,2,2,3,40,15,0,300,1,5
6603,,,15,2,2,1,74,6,420,540,4,5
6604,,,11,1,2,2,56,72,420,540,3,5
6605,,,12,1,2,3,14,79,420,540,3,5
6606,,,5,1,2,2,15,71,420,540,4,5
6607,,,2,2,2,2,68,33,420,540,4,5
6608,,,13,2,2,2,92,35,60,180,2,5
6609,,,3,2,2,3,62,29,300,600,2,5
6610,,,5,1,2,1,11,48,420,540,3,5
6611,,,12,1,2,1,74,47,420,540,1,5
6612,,,2,1,2,3,83,88,420,540,2,5
6613,,,14,2,2,1,37,45,300,420,3,5
6614,,,11,2,2,2,87,83,180,300,3,5
6615,,,3,1,2,2,99,16,300,600,4,5
6616,,,2,1,2,2,34,79,420,540,2,5
6617,,,7,2,2,3,56,82,0,300,4,5
6618,,,9,2,2,3,2,48,180,300,3,5
6619,,,8,1,2,2,78,90,420,540,3,5
6620,,,12,1,2,2,38,72,300,600,2,5
6621,,,9,1,2,3,91,21,420,540,2,5
6622,,,7,1,2,3,37,92,420,540,2,5
6623,,,11,2,2,3,64,29,180,300,1,5
6624,,,11,2,2,3,61,69,300,420,1,5
6625,,,5,1,2,3,40,59,420,540,1,5
6626,,,2,2,2,2,54,22,60,180,4,5
6627,,,10,1,2,3,25,86,300,600,3,5
6628,,,6,2,2,2,100,65,0,300,2,5
6629,,,10,2,2,3,46,35,60,180,3,5
6630,,,15,1,2,3,82,22,420,540,2,5
6631,,,12,2,2,3,0,15,0,300,1,5
6632,,,2,1,2,1,60,100,300,600,2,5
6633,,,7,1,2,1,84,86,300,600,4,5
6634,,,8,2,2,1,75,96,420,540,2,5
6635,,,13,2,2,2,64,72,60,180,2,5
6636,,,9,2,2,3,5,63,0,300,4,5
6637,,,7,1,2,1,14,63,420,540,2,5
6638,,,15,2,2,2,72,95,0,300,2,5
6639,,,2,2,2,3,1,99,60,180,4,5
6640,,,4,2,2,3,88,90,300,420,4,5
6641,,,4,2,2,1,21,30,420,540,1,5
6642,,,2,1,2,3,25,83,300,600,2,5
6643,,,15,1,2,2,60,7,300,600,4,5
6644,,,6,2,2,2,47,31,180,300,3,5
6645,,,7,1,2,3,22,32,420,540,1,5
6646,,,11,2,2,3,34,28,300,420,4,5
6647,,,6,1,2,3,8,100,300,600,3,5
6648,,,11,1,2,1,55,91,300,600,4,5
6649,,,12,2,2,3,77,53,300,600,3,5
6650,,,1,1,2,3,92,24,420,540,2,5
6651,,,13,1,2,3,24,3,300,600,3,5
6652,,,9,2,2,2,82,97,420,540,2,5
6653,,,8,1,2,3,47,79,420,540,3,5
6654,,,9,1,2,3,2,67,420,540,1,5
6655,,,7,1,2,2,3,13,420,540,2,5
6656,,,13,2,2,2,74,14,60,180,1,5
6657,,,11,2,2,2,15,36,0,300,1,5
6658,,,7,2,2,1,82,11,0,300,3,5
6659,,,10,1,2,3,94,36,420,540,2,5
6660,,,15,2,2,1,99,86,0,300,2,5
6661,,,3,1,2,3,41,19,420,540,1,5
6662,,,5,2,2,2,90,35,300,420,1,5
6663,,,8,1,2,3,38,84,420,540,3,5
6664,,,4,2,2,3,38,31,180,300,1,5
6665,,,12,2,2,2,87,84,180,300,1,5
6666,,,11,2,2,1,84,29,420,540,3,5
6667,,,9,2,2,3,9,63,180,300,4,5
6668,,,8,2,2,1,26,77,420,540,4,5
6669,,,15,2,2,2,62,37,0,300,1,5
6670,,,15,1,2,1,90,10,300,600,2,5
6671,,,12,1,2,3,12,82,420,540,4,5
6672,,,5,1,2,2,83,15,420,540,4,5
6673,,,13,1,2,1,67,42,420,540,4,5
6674,,,10,2,2,2,71,27,0,300,4,5
6675,,,12,2,2,1,95,16,300,420,2,5
6676,,,4,2,2,3,45,40,60,180,4,5
6677,,,3,1,2,3,56,29,420,540,2,5
6678,,,15,2,2,1,76,85,60,180,4,5
6679,,,12,1,2,3,57,7,300,600,3,5
6680,,,9,1,2,3,10,10,420,540,1,5
6681,,,13,1,2,2,63,56,300,600,4,5
6682,,,7,1,2,2,84,25,300,600,3,5
6683,,,9,2,2,1,66,28,420,540,1,5
6684,,,3,2,2,1,26,39,60,180,2,5
6685,,,11,2,2,2,98,100,180,300,2,5
6686,,,6,1,2,1,97,51,300,600,4,5
6687,,,2,2,2,2,66,27,420,540,4,5
6688,,,7,1,2,2,38,10,420,540,4,5
6689,,,6,2,2,3,70,4,0,300,4,5
6690,,,13,1,2,2,36,36,420,540,3,5
6691,,,12,1,2,2,4,14,300,600,1,5
6692,,,17,2,2,3,43,67,180,300,3,5
6693,,,10,2,2,3,7,8,60,180,1,5
6694,,,15,1,2,1,78,77,420,540,1,5
6695,,,2,1,2,3,34,70,420,540,3,5
6696,,,6,1,2,1,17,69,420,540,4,5
6697,,,5,2,2,1,61,18,420,540,1,5
6698,,,13,1,2,2,43,89,420,540,1,5
6699,,,14,1,2,3,96,9,420,540,2,5
6700,,,14,1,2,3,24,35,300,600,4,5
6701,,,9,2,2,2,63,50,300,420,2,5
6702,,,3,2,2,3,38,44,60,180,4,5
6703,,,12,2,2,2,47,6,300,420,2,5
6704,,,12,2,2,1,65,10,60,180,3,5
6705,,,7,2,2,3,35,38,0,300,2,5
6706,,,11,1,2,3,2,13,420,540,4,5
6707,,,14,1,2,1,21,92,420,540,2,5
6708,,,15,2,2,2,11,40,300,600,3,5
6709,,,13,1,2,1,84,54,420,540,3,5
6710,,,7,1,2,2,30,22,300,600,4,5
6711,,,15,1,2,2,46,63,420,540,1,5
6712,,,12,1,2,2,93,28,420,540,2,5
6713,,,15,1,2,3,0,100,420,540,3,5
6714,,,6,1,2,2,7,30,420,540,1,5
6715,,,3,2,2,2,94,37,300,600,4,5
6716,,,6,1,2,2,14,78,420,540,2,5
6717,,,4,2,2,2,66,92,180,300,4,5
6718,,,13,2,2,1,30,96,180,300,3,5
6719,,,17,2,2,3,18,52,300,420,3,5
6720,,,4,1,2,2,2,58,420,540,1,5
6721,,,10,1,2,1,5,48,420,540,4,5
6722,,,7,1,2,1,56,15,300,600,2,5
6723,,,6,1,2,1,36,94,420,540,1,5
6724,,,9,2,2,3,40,41,300,420,3,5
6725,,,11,2,2,3,81,74,300,600,1,5
6726,,,3,2,2,1,10,39,300,600,4,5
6727,,,3,1,2,1,28,23,300,600,1,5
6728,,,14,2,2,3,82,37,60,180,4,5
6729,,,13,2,2,3,29,100,180,300,1,5
6730,,,10,1,2,1,75,81,300,600,2,5
6731,,,7,1,2,2,47,29,420,540,1,5
6732,,,12,2,2,3,63,96,300,600,1,5
6733,,,3,2,2,1,58,9,180,300,3,5
6734,,,14,1,2,2,77,72,300,600,1,5
6735,,,5,1,2,3,28,65,420,540,3,5
6736,,,8,2,2,2,52,84,420,540,3,5
6737,,,10,1,2,3,90,71,420,540,2,5
6738,,,12,2,2,2,31,67,60,180,4,5
6739,,,6,2,2,3,60,62,0,300,1,5
6740,,,2,1,2,3,86,71,300,600,1,5
6741,,,11,2,2,2,37,33,0,300,2,5
6742,,,4,2,2,1,61,76,300,420,3,5
6743,,,9,1,2,3,13,75,420,540,2,5
6744,,,6,2,2,3,15,27,420,540,4,5
6745,,,6,2,2,1,27,86,60,180,2,5
6746,,,9,2,2,2,10,42,420,540,2,5
6747,,,12,2,2,2,63,10,60,180,3,5
6748,,,5,1,2,1,41,34,420,540,3,5
6749,,,1,1,2,1,22,87,420,540,1,5
6750,,,15,1,2,1,98,4,300,600,1,5
6751,,,3,1,2,3,54,47,420,540,2,5
6752,,,4,2,2,3,84,34,180,300,2,5
6753,,,7,2,2,1,77,0,420,540,4,5
6754,,,9,2,2,1,88,56,420,540,3,5
6755,,,8,1,2,3,70,15,300,600,2,5
6756,,,11,1,2,3,95,28,300,600,4,5
6757,,,11,1,2,2,30,47,420,540,3,5
6758,,,4,2,2,2,0,39,300,600,3,5
6759,,,3,1,2,1,35,88,420,540,4,5
6760,,,6,2,2,2,77,50,300,420,1,5
6761,,,14,1,2,3,34,66,300,600,4,5
6762,,,7,2,2,1,25,49,60,180,4,5
6763,,,5,1,2,2,85,15,420,540,2,5
6764,,,6,1,2,1,13,93,420,540,4,5
6765,,,5,1,2,3,63,90,420,540,1,5
6766,,,2,1,2,3,79,79,420,540,1,5
6767,,,11,1,2,2,40,41,300,600,2,5
6768,,,5,2,2,2,20,32,300,420,4,5
6769,,,11,2,2,3,59,29,0,300,2,5
6770,,,6,2,2,1,81,7,0,300,1,5
6771,,,12,1,2,2,34,34,420,540,3,5
6772,,,12,1,2,2,69,36,300,600,1,5
6773,,,7,1,2,2,40,4,420,540,2,5
6774,,,11,1,2,3,45,65,420,540,2,5
6775,,,6,1,2,2,46,22,300,600,2,5
6776,,,12,1,2,3,44,44,420,540,3,5
6777,,,9,2,2,1,85,66,300,420,3,5
6778,,,6,1,2,2,16,8,420,540,2,5
6779,,,4,2,2,3,57,16,60,180,3,5
6780,,,14,1,2,3,52,96,300,600,1,5
6781,,,7,2,2,3,15,67,300,600,3,5
6782,,,10,2,2,1,75,41,300,600,2,5
6783,,,13,1,2,1,73,71,300,600,3,5
6784,,,10,2,2,3,19,57,180,300,4,5
6785,,,10,1,2,3,65,73,420,540,1,5
6786,,,7,1,2,1,12,65,420,540,4,5
6787,,,14,1,2,2,45,74,300,600,2,5
6788,,,6,1,2,2,24,22,420,540,4,5
6789,,,10,1,2,3,15,49,300,600,4,5
6790,,,3,2,2,2,86,85,420,540,1,5
6791,,,5,1,2,3,21,15,420,540,1,5
6792,,,9,1,2,1,20,58,420,540,1,5
6793,,,14,1,2,1,33,78,420,540,1,5
6794,,,7,1,2,1,25,28,300,600,2,5
6795,,,14,2,2,3,1,35,300,420,4,5
6796,,,9,1,2,1,66,60,420,540,4,5
6797,,,11,1,2,2,14,75,420,540,4,5
6798,,,11,1,2,2,55,23,420,540,4,5
6799,,,3,1,2,1,93,61,420,540,1,5
6800,,,2,2,2,3,31,75,180,300,2,5
6801,,,13,2,2,1,41,71,180,300,1,5
6802,,,7,1,2,1,86,57,300,600,4,5
6803,,,5,2,2,2,71,67,60,180,1,5
6804,,,9,2,2,1,58,59,420,540,3,5
6805,,,3,2,2,2,20,94,60,180,1,5
6806,,,10,2,2,1,85,88,0,300,3,5
6807,,,9,2,2,2,45,37,420,540,4,5
6808,,,11,2,2,1,21,23,0,300,2,5
6809,,,14,2,2,3,46,69,60,180,1,5
6810,,,7,2,2,1,98,28,0,300,4,5
6811,,,5,1,2,1,61,72,420,540,2,5
6812,,,11,1,2,1,38,34,300,600,4,5
6813,,,3,1,2,3,31,62,300,600,4,5
6814,,,12,2,2,1,4,21,0,300,1,5
6815,,,7,2,2,1,89,61,60,180,4,5
6816,,,5,1,2,2,77,55,300,600,2,5
6817,,,16,2,2,1,74,66,300,420,4,5
6818,,,9,1,2,1,34,68,300,600,2,5
6819,,,6,1,2,2,23,24,300,600,2,5
6820,,,10,1,2,1,20,36,300,600,2,5
6821,,,14,1,2,3,96,78,300,600,2,5
6822,,,2,2,2,1,65,95,60,180,2,5
6823,,,8,2,2,3,3,35,60,180,1,5
6824,,,14,1,2,1,89,60,300,600,4,5
6825,,,9,2,2,1,5,82,300,600,4,5
6826,,,2,2,2,3,67,76,420,540,3,5
6827,,,2,2,2,1,8,4,60,180,1,5
6828,,,5,2,2,1,53,76,420,540,3,5
6829,,,5,1,2,1,46,46,420,540,2,5
6830,,,3,2,2,3,38,95,0,300,4,5
6831,,,8,2,2,2,19,34,180,300,2,5
6832,,,10,2,2,2,30,27,420,540,2,5
6833,,,6,2,2,1,13,31,300,420,4,5
6834,,,3,1,2,1,38,96,420,540,4,5
6835,,,15,1,2,2,31,68,300,600,1,5
6836,,,9,2,2,2,62,84,420,540,4,5
6837,,,4,2,2,1,70,44,0,300,3,5
6838,,,12,1,2,3,62,95,300,600,1,5
6839,,,9,1,2,1,31,13,420,540,1,5
6840,,,8,1,2,3,8,99,420,540,4,5
6841,,,13,1,2,3,30,59,420,540,4,5
6842,,,8,2,2,3,79,68,60,180,4,5
6843,,,12,2,2,1,25,7,300,420,2,5
6844,,,4,1,2,3,14,43,420,540,3,5
6845,,,4,2,2,2,70,41,0,300,2,5
6846,,,2,1,2,2,34,41,420,540,1,5
6847,,,7,1,2,3,51,36,420,540,1,5
6848,,,13,1,2,3,90,38,420,540,4,5
6849,,,8,1,2,2,44,44,420,540,1,5
6850,,,13,2,2,1,31,14,0,300,4,5
6851,,,6,1,2,3,29,85,300,600,2,5
6852,,,11,2,2,2,65,14,0,300,1,5
6853,,,4,1,2,1,45,74,300,600,3,5
6854,,,4,1,2,1,59,61,420,540,3,5
6855,,,7,2,2,2,61,51,300,600,4,5
6856,,,5,2,2,1,80,89,180,300,3,5
6857,,,12,1,2,2,16,58,300,600,1,5
6858,,,9,2,2,3,10,27,300,420,3,5
6859,,,5,2,2,2,19,67,300,420,3,5
6860,,,10,2,2,2,10,45,60,180,3,5
6861,,,8,1,2,3,41,44,300,600,1,5
6862,,,6,1,2,2,47,32,300,600,1,5
6863,,,6,1,2,3,16,27,420,540,4,5
6864,,,2,2,2,2,81,84,60,180,1,5
6865,,,6,2,2,2,97,80,180,300,3,5
6866,,,9,1,2,2,67,38,420,540,2,5
6867,,,12,2,2,3,57,53,0,300,4,5
6868,,,13,1,2,2,7,96,420,540,2,5
6869,,,13,2,2,2,35,59,180,300,3,5
6870,,,7,2,2,1,50,17,420,540,1,5
6871,,,4,2,2,2,79,51,180,300,1,5
6872,,,10,1,2,3,78,67,300,600,4,5
6873,,,8,2,2,3,78,86,420,540,4,5
6874,,,4,2,2,2,30,61,420,540,3,5
6875,,,4,1,2,3,30,78,300,600,1,5
6876,,,13,1,2,1,50,82,420,540,3,5
6877,,,9,2,2,3,48,56,0,300,4,5
6878,,,11,2,2,2,88,27,420,540,4,5
6879,,,2,1,2,2,42,6,300,600,2,5
6880,,,10,1,2,3,29,70,300,600,1,5
6881,,,5,2,2,2,16,29,60,180,3,5
6882,,,15,2,2,2,58,64,300,600,4,5
6883,,,9,2,2,3,10,18,60,180,2,5
6884,,,12,2,2,3,42,70,420,540,3,5
6885,,,2,1,2,3,77,95,300,600,4,5
6886,,,2,2,2,2,93,93,180,300,1,5
6887,,,5,1,2,2,72,79,420,540,3,5
6888,,,9,1,2,2,45,6,300,600,4,5
6889,,,13,2,2,3,60,32,60,180,3,5
6890,,,5,2,2,2,78,3,180,300,2,5
6891,,,3,2,2,1,3,59,0,300,2,5
6892,,,5,2,2,1,98,78,180,300,2,5
6893,,,11,2,2,1,16,72,300,600,4,5
6894,,,6,1,2,1,94,30,300,600,2,5
6895,,,4,2,2,3,44,15,420,540,4,5
6896,,,15,2,2,2,96,67,420,540,1,5
6897,,,8,2,2,2,20,93,0,300,1,5
6898,,,5,2,2,2,52,25,420,540,1,5
6899,,,9,2,2,2,32,32,300,600,2,5
6900,,,10,2,2,2,60,4,300,600,3,5
6901,,,15,2,2,3,75,70,0,300,4,5
6902,,,4,2,2,1,6,16,300,420,2,5
6903,,,6,2,2,2,38,39,420,540,2,5
6904,,,6,1,2,2,99,88,420,540,1,5
6905,,,8,1,2,3,30,17,420,540,2,5
6906,,,7,1,2,3,54,7,300,600,3,5
6907,,,6,2,2,3,79,48,300,420,2,5
6908,,,3,1,2,3,34,11,420,540,1,5
6909,,,2,1,2,3,54,53,300,600,1,5
6910,,,9,2,2,3,50,61,60,180,2,5
6911,,,6,1,2,1,93,18,420,540,3,5
6912,,,13,1,2,3,31,12,420,540,4,5
6913,,,9,2,2,1,53,45,180,300,4,5
6914,,,16,2,2,1,78,75,300,420,1,5
6915,,,8,2,2,1,18,95,60,180,1,5
6916,,,9,1,2,1,75,94,300,600,4,5
6917,,,15,1,2,3,58,97,420,540,4,5
6918,,,3,1,2,2,14,13,420,540,2,5
6919,,,4,2,2,1,100,59,420,540,2,5
6920,,,11,1,2,3,18,9,420,540,2,5
6921,,,15,2,2,1,30,64,0,300,1,5
6922,,,6,1,2,1,100,58,420,540,1,5
6923,,,11,2,2,3,33,19,60,180,4,5
6924,,,14,1,2,2,39,37,300,600,3,5
6925,,,3,1,2,3,34,82,300,600,2,5
6926,,,4,1,2,1,76,57,300,600,1,5
6927,,,4,2,2,2,11,70,180,300,1,5
6928,,,15,1,2,2,85,90,300,600,2,5
6929,,,13,1,2,1,7,53,420,540,1,5
6930,,,3,2,2,3,92,74,0,300,3,5
6931,,,13,1,2,1,8,2,300,600,3,5
6932,,,3,1,2,3,24,39,300,600,4,5
6933,,,4,1,2,3,16,62,300,600,4,5
6934,,,11,2,2,1,79,59,60,180,2,5
6935,,,10,2,2,2,11,74,300,600,3,5
6936,,,12,1,2,1,87,88,420,540,1,5
6937,,,7,1,2,1,48,91,420,540,4,5
6938,,,13,2,2,1,82,49,60,180,4,5
6939,,,5,1,2,1,18,79,420,540,1,5
6940,,,5,2,2,2,6,27,420,540,1,5
6941,,,8,2,2,3,49,67,0,300,4,5
6942,,,2,1,2,3,45,70,420,540,1,5
6943,,,4,1,2,1,97,69,420,540,4,5
6944,,,2,1,2,2,27,96,420,540,2,5
6945,,,12,2,2,2,70,54,0,300,3,5
6946,,,11,2,2,3,87,50,60,180,3,5
6947,,,6,1,2,1,70,31,300,600,4,5
6948,,,8,1,2,2,80,12,420,540,3,5
6949,,,5,2,2,1,90,46,0,300,2,5
6950,,,11,2,2,2,47,14,300,420,1,5
6951,,,8,1,2,1,41,95,300,600,4,5
6952,,,11,1,2,3,47,62,420,540,3,5
6953,,,9,2,2,3,10,20,0,300,1,5
6954,,,14,2,2,2,32,27,300,420,2,5
6955,,,7,1,2,1,6,49,420,540,1,5
6956,,,12,2,2,2,2,81,180,300,2,5
6957,,,14,1,2,2,9,47,420,540,3,5
6958,,,12,2,2,2,86,35,300,420,2,5
6959,,,3,1,2,2,40,29,300,600,4,5
6960,,,12,2,2,3,45,52,180,300,3,5
6961,,,3,1,2,1,2,19,300,600,2,5
6962,,,3,2,2,1,57,41,180,300,3,5
6963,,,12,2,2,2,3,0,300,600,1,5
6964,,,10,2,2,2,81,73,60,180,2,5
6965,,,6,2,2,3,1,78,0,300,1,5
6966,,,12,1,2,2,60,22,420,540,3,5
6967,,,7,2,2,1,88,28,180,300,4,5
6968,,,5,1,2,3,94,23,420,540,3,5
6969,,,10,1,2,1,83,59,300,600,4,5
6970,,,15,1,2,1,54,3,300,600,4,5
6971,,,12,1,2,1,56,54,420,540,2,5
6972,,,14,2,2,3,28,35,180,300,2,5
6973,,,9,2,2,3,61,93,420,540,4,5
6974,,,3,2,2,2,2,28,300,600,4,5
6975,,,4,1,2,1,51,66,420,540,2,5
6976,,,14,1,2,3,0,22,420,540,4,5
6977,,,6,1,2,1,87,96,420,540,1,5
6978,,,15,2,2,3,46,62,0,300,3,5
6979,,,6,1,2,1,9,92,300,600,1,5
6980,,,3,1,2,2,42,81,300,600,1,5
6981,,,8,1,2,3,28,16,420,540,3,5
6982,,,11,2,2,3,39,99,60,180,1,5
6983,,,7,2,2,3,16,50,60,180,1,5
6984,,,7,1,2,2,78,17,420,540,4,5
6985,,,15,1,2,2,2,55,300,600,3,5
6986,,,3,1,2,1,23,81,300,600,2,5
6987,,,9,1,2,3,11,64,300,600,4,5
6988,,,12,1,2,3,5,65,300,600,4,5
6989,,,7,1,2,3,82,59,300,600,2,5
6990,,,8,1,2,2,28,82,420,540,2,5
6991,,,12,2,2,2,75,21,0,300,3,5
6992,,,14,1,2,2,32,53,420,540,1,5
6993,,,13,2,2,3,90,5,420,540,4,5
6994,,,8,2,2,1,62,63,420,540,1,5
6995,,,7,2,2,2,42,33,180,300,3,5
6996,,,9,2,2,2,10,10,60,180,2,5
6997,,,11,2,2,3,50,96,300,420,4,5
6998,,,12,2,2,3,11,68,180,300,1,5
6999,,,8,1,2,1,93,34,420,540,3,5
7000,,,10,1,2,2,39,30,300,600,2,5
7001,,,3,1,2,1,72,22,420,540,1,5
7002,,,3,2,2,2,95,95,420,540,1,5
7003,,,4,2,2,3,64,46,420,540,4,5
7004,,,13,2,2,3,69,8,180,300,4,5
7005,,,10,1,2,1,66,25,300,600,2,5
7006,,,12,2,2,2,22,4,0,300,2,5
7007,,,8,2,2,3,64,59,0,300,2,5
7008,,,14,2,2,3,93,18,180,300,2,5
7009,,,15,2,2,1,38,79,300,600,2,5
7010,,,5,1,2,3,36,44,300,600,3,5
7011,,,11,2,2,1,57,81,420,540,3,5
7012,,,8,2,2,1,34,4,60,180,1,5
7013,,,14,1,2,2,4,7,420,540,4,5
7014,,,11,2,2,3,85,5,420,540,3,5
7015,,,15,2,2,3,27,46,0,300,3,5
7016,,,13,2,2,3,43,17,180,300,3,5
7017,,,13,1,2,3,69,53,420,540,2,5
7018,,,3,2,2,1,44,63,420,540,2,5
7019,,,13,2,2,2,78,38,420,540,4,5
7020,,,15,1,2,2,42,87,420,540,4,5
7021,,,9,2,2,2,15,3,420,540,2,5
7022,,,10,1,2,2,76,98,420,540,4,5
7023,,,8,2,2,3,2,6,420,540,4,5
7024,,,4,2,2,3,77,75,300,600,3,5
7025,,,9,2,2,1,62,54,420,540,3,5
7026,,,10,2,2,1,71,61,420,540,1,5
7027,,,10,1,2,3,22,100,300,600,2,5
7028,,,4,2,2,1,77,13,300,600,4,5
7029,,,11,1,2,3,21,34,300,600,1,5
7030,,,8,1,2,3,35,53,300,600,2,5
7031,,,10,2,2,3,81,47,0,300,4,5
7032,,,7,1,2,2,81,24,300,600,1,5
7033,,,6,1,2,1,27,31,420,540,4,5
7034,,,5,2,2,2,19,72,0,300,3,5
7035,,,5,2,2,1,67,65,180,300,2,5
7036,,,13,1,2,3,29,39,300,600,1,5
7037,,,10,1,2,3,9,97,420,540,4,5
7038,,,11,1,2,1,30,50,300,600,2,5
7039,,,5,1,2,3,0,80,420,540,3,5
7040,,,10,1,2,1,44,20,300,600,2,5
7041,,,14,2,2,3,74,19,60,180,3,5
7042,,,11,1,2,2,55,86,420,540,4,5
7043,,,9,2,2,1,98,70,0,300,1,5
7044,,,15,2,2,2,73,62,420,540,2,5
7045,,,10,1,2,3,20,16,300,600,3,5
7046,,,14,1,2,2,77,60,420,540,2,5
7047,,,3,1,2,3,0,47,300,600,4,5
7048,,,5,2,2,2,18,63,300,420,1,5
7049,,,5,2,2,3,35,19,0,300,1,5
7050,,,6,2,2,1,38,17,300,600,1,5
7051,,,14,1,2,2,80,22,420,540,4,5
7052,,,7,1,2,1,79,14,300,600,1,5
7053,,,5,1,2,2,94,17,300,600,1,5
7054,,,10,1,2,3,83,11,420,540,4,5
7055,,,11,2,2,3,44,46,420,540,3,5
7056,,,4,2,2,1,97,37,180,300,3,5
7057,,,3,2,2,3,61,97,60,180,1,5
7058,,,7,2,2,3,23,81,420,540,3,5
7059,,,13,1,2,3,49,85,300,600,2,5
7060,,,7,1,2,3,13,46,420,540,1,5
7061,,,9,2,2,3,41,68,300,600,1,5
7062,,,15,1,2,2,52,40,420,540,1,5
7063,,,14,1,2,1,67,84,420,540,3,5
7064,,,7,2,2,2,71,65,60,180,1,5
7065,,,6,2,2,2,47,42,0,300,4,5
7066,,,12,2,2,1,47,73,60,180,4,5
7067,,,13,2,2,2,17,82,300,420,4,5
7068,,,14,1,2,2,65,4,300,600,3,5
7069,,,14,1,2,2,82,91,420,540,4,5
7070,,,4,1,2,2,29,63,300,600,4,5
7071,,,12,1,2,3,22,16,300,600,1,5
7072,,,14,1,2,2,48,64,420,540,1,5
7073,,,9,1,2,1,14,22,300,600,1,5
7074,,,10,1,2,3,58,4,300,600,3,5
7075,,,10,1,2,2,53,50,300,600,2,5
7076,,,12,1,2,1,82,69,420,540,1,5
7077,,,11,2,2,2,86,95,420,540,4,5
7078,,,4,1,2,2,47,85,300,600,2,5
7079,,,7,1,2,3,87,32,300,600,1,5
7080,,,13,2,2,1,31,84,180,300,2,5
7081,,,3,2,2,1,3,21,180,300,2,5
7082,,,5,2,2,2,5,61,300,420,3,5
7083,,,14,2,2,3,60,20,60,180,2,5
7084,,,10,2,2,1,40,0,60,180,1,5
7085,,,6,1,2,1,70,51,420,540,3,5
7086,,,11,1,2,2,43,45,420,540,3,5
7087,,,11,1,2,3,76,71,420,540,1,5
7088,,,10,1,2,3,96,43,300,600,1,5
7089,,,14,1,2,1,59,53,420,540,1,5
7090,,,9,2,2,2,38,12,420,540,3,5
7091,,,6,2,2,2,92,39,300,600,4,5
7092,,,6,2,2,2,62,65,300,420,2,5
7093,,,8,2,2,1,41,63,180,300,4,5
7094,,,3,1,2,1,57,94,420,540,1,5
7095,,,8,2,2,3,49,74,420,540,3,5
7096,,,12,2,2,3,73,67,300,600,1,5
7097,,,15,1,2,1,100,41,420,540,4,5
7098,,,12,2,2,1,36,62,0,300,3,5
7099,,,9,2,2,3,62,13,60,180,1,5
7100,,,5,1,2,2,81,40,300,600,2,5
7101,,,8,2,2,1,23,40,60,180,4,5
7102,,,11,2,2,1,87,2,180,300,2,5
7103,,,3,1,2,2,14,79,420,540,2,5
7104,,,13,2,2,3,63,34,420,540,4,5
7105,,,4,1,2,1,60,55,420,540,3,5
7106,,,11,2,2,1,96,97,420,540,1,5
7107,,,13,2,2,2,52,76,300,600,4,5
7108,,,8,1,2,3,34,7,420,540,2,5
7109,,,10,2,2,1,50,8,300,420,3,5
7110,,,11,1,2,2,76,46,420,540,4,5
7111,,,10,2,2,1,6,92,420,540,4,5
7112,,,16,2,2,1,72,74,60,180,1,5
7113,,,12,1,2,1,3,32,420,540,1,5
7114,,,7,2,2,2,15,71,0,300,3,5
7115,,,6,2,2,3,98,59,420,540,4,5
7116,,,6,2,2,2,26,19,300,600,2,5
7117,,,13,1,2,2,51,57,300,600,3,5
7118,,,6,2,2,1,30,15,180,300,1,5
7119,,,8,2,2,2,79,25,300,420,3,5
7120,,,13,2,2,3,14,61,420,540,2,5
7121,,,7,2,2,1,23,76,300,600,2,5
7122,,,4,2,2,3,73,32,180,300,3,5
7123,,,6,1,2,3,85,81,420,540,1,5
7124,,,2,2,2,1,68,82,0,300,1,5
7125,,,7,2,2,3,92,61,60,180,2,5
7126,,,5,2,2,2,88,67,300,420,3,5
7127,,,14,1,2,1,83,58,420,540,2,5
7128,,,14,1,2,1,40,99,300,600,1,5
7129,,,8,2,2,3,27,22,300,600,1,5
7130,,,16,1,2,1,6,34,300,600,4,5
7131,,,14,1,2,1,65,92,300,600,3,5
7132,,,11,1,2,3,85,31,300,600,2,5
7133,,,12,2,2,2,78,78,180,300,4,5
7134,,,14,2,2,1,49,28,420,540,1,5
7135,,,11,1,2,1,16,87,300,600,4,5
7136,,,4,2,2,3,13,3,300,600,1,5
7137,,,11,1,2,1,11,32,420,540,2,5
7138,,,12,1,2,1,42,80,300,600,1,5
7139,,,7,2,2,3,79,97,300,600,1,5
7140,,,7,1,2,2,39,39,420,540,3,5
7141,,,6,1,2,3,35,67,300,600,3,5
7142,,,3,1,2,3,51,53,300,600,1,5
7143,,,10,2,2,3,6,66,180,300,4,5
7144,,,7,1,2,3,55,51,300,600,2,5
7145,,,6,2,2,3,45,1,420,540,2,5
7146,,,6,2,2,3,46,1,0,300,1,5
7147,,,11,2,2,2,96,85,180,300,4,5
7148,,,3,2,2,2,84,18,300,420,2,5
7149,,,14,1,2,3,20,17,300,600,1,5
7150,,,14,1,2,2,10,66,420,540,1,5
7151,,,13,2,2,3,36,54,300,420,1,5
7152,,,9,2,2,3,92,92,300,420,2,5
7153,,,15,1,2,2,47,50,420,540,3,5
7154,,,9,2,2,2,65,22,0,300,2,5
7155,,,4,2,2,1,5,10,300,420,2,5
7156,,,7,2,2,2,95,21,300,420,1,5
7157,,,13,1,2,3,72,43,300,600,3,5
7158,,,14,1,2,1,11,59,300,600,4,5
7159,,,15,2,2,1,77,45,300,420,2,5
7160,,,8,2,2,2,67,58,420,540,1,5
7161,,,14,1,2,1,59,50,420,540,1,5
7162,,,15,1,2,2,15,17,300,600,4,5
7163,,,10,2,2,3,48,32,60,180,1,5
7164,,,13,2,2,2,43,72,180,300,1,5
7165,,,14,2,2,2,53,81,180,300,4,5
7166,,,17,2,2,3,98,2,420,540,1,5
7167,,,8,1,2,2,54,42,300,600,3,5
7168,,,7,2,2,1,39,25,300,420,4,5
7169,,,4,1,2,2,23,49,420,540,3,5
7170,,,9,1,2,1,88,62,420,540,1,5
7171,,,5,1,2,3,7,47,420,540,4,5
7172,,,10,2,2,1,36,10,60,180,1,5
7173,,,7,1,2,1,55,45,420,540,4,5
7174,,,3,1,2,3,97,26,300,600,4,5
7175,,,13,2,2,1,89,30,300,600,2,5
7176,,,5,2,2,1,86,7,420,540,1,5
7177,,,11,1,2,2,88,43,420,540,1,5
7178,,,12,2,2,3,15,85,0,300,4,5
7179,,,13,1,2,1,22,20,420,540,3,5
7180,,,8,2,2,1,35,61,300,420,3,5
7181,,,13,2,2,3,14,29,60,180,4,5
7182,,,14,1,2,1,65,23,300,600,4,5
7183,,,11,2,2,2,47,86,60,180,4,5
7184,,,8,1,2,1,62,28,420,540,3,5
7185,,,11,1,2,3,25,45,300,600,3,5
7186,,,7,2,2,1,25,8,60,180,1,5
7187,,,11,2,2,1,40,89,300,600,2,5
7188,,,14,1,2,3,58,53,420,540,3,5
7189,,,1,1,2,2,52,73,420,540,1,5
7190,,,13,2,2,3,73,39,180,300,1,5
7191,,,8,1,2,2,80,64,420,540,2,5
7192,,,4,1,2,2,7,30,300,600,2,5
7193,,,11,1,2,1,12,17,420,540,3,5
7194,,,2,1,2,1,27,92,300,600,4,5
7195,,,12,1,2,1,12,38,420,540,2,5
7196,,,13,1,2,1,33,37,420,540,4,5
7197,,,14,2,2,2,64,58,300,420,2,5
7198,,,7,2,2,1,82,51,300,600,4,5
7199,,,14,1,2,3,3,59,300,600,3,5
7200,,,13,2,2,3,8,71,300,600,2,5
7201,,,4,2,2,1,34,33,60,180,1,5
7202,,,5,2,2,1,44,88,0,300,4,5
7203,,,7,2,2,3,89,16,180,300,4,5
7204,,,14,1,2,1,69,24,300,600,2,5
7205,,,13,1,2,3,81,32,420,540,3,5
7206,,,14,2,2,3,59,92,0,300,4,5
7207,,,12,1,2,2,66,52,420,540,1,5
7208,,,8,1,2,3,80,3,300,600,3,5
7209,,,8,1,2,1,18,95,300,600,4,5
7210,,,9,1,2,3,11,80,300,600,1,5
7211,,,9,1,2,2,88,2,420,540,1,5
7212,,,12,2,2,1,59,90,60,180,2,5
7213,,,5,2,2,2,20,35,300,420,1,5
7214,,,5,2,2,2,88,65,0,300,4,5
7215,,,1,1,2,2,47,7,300,600,3,5
7216,,,10,2,2,1,20,81,60,180,2,5
7217,,,2,2,2,3,100,69,420,540,3,5
7218,,,6,2,2,2,23,19,420,540,4,5
7219,,,11,2,2,2,50,69,420,540,1,5
7220,,,4,1,2,3,4,26,300,600,1,5
7221,,,7,1,2,1,5,77,300,600,3,5
7222,,,15,2,2,3,68,54,180,300,1,5
7223,,,5,1,2,3,97,24,420,540,3,5
7224,,,1,1,2,2,42,21,420,540,1,5
7225,,,7,2,2,1,69,90,180,300,2,5
7226,,,15,2,2,3,64,44,0,300,1,5
7227,,,7,1,2,2,19,47,300,600,1,5
7228,,,15,2,2,2,55,57,420,540,1,5
7229,,,3,2,2,3,52,80,420,540,3,5
7230,,,3,1,2,1,69,11,300,600,1,5
7231,,,4,2,2,3,11,55,60,180,4,5
7232,,,14,2,2,1,76,42,300,600,2,5
7233,,,13,2,2,1,48,41,420,540,4,5
7234,,,8,2,2,3,75,0,0,300,2,5
7235,,,8,2,2,1,8,100,300,420,4,5
7236,,,10,1,2,1,68,19,420,540,2,5
7237,,,13,2,2,3,5,40,300,600,3,5
7238,,,1,1,2,1,86,51,300,600,3,5
7239,,,15,1,2,2,32,37,300,600,1,5
7240,,,15,2,2,3,45,60,300,420,2,5
7241,,,9,2,2,2,83,13,0,300,1,5
7242,,,14,1,2,1,32,0,300,600,4,5
7243,,,4,2,2,3,70,90,420,540,1,5
7244,,,4,1,2,3,62,12,300,600,4,5
7245,,,12,2,2,3,90,63,60,180,4,5
7246,,,2,1,2,2,64,12,420,540,1,5
7247,,,4,2,2,1,50,20,0,300,2,5
7248,,,10,1,2,1,4,8,420,540,3,5
7249,,,7,1,2,1,81,24,420,540,3,5
7250,,,8,2,2,2,43,94,180,300,2,5
7251,,,5,2,2,1,16,99,0,300,2,5
7252,,,8,1,2,3,60,87,300,600,2,5
7253,,,3,2,2,1,17,32,300,420,1,5
7254,,,6,2,2,2,45,40,180,300,4,5
7255,,,8,2,2,2,30,21,420,540,1,5
7256,,,10,1,2,2,48,50,420,540,1,5
7257,,,2,2,2,1,27,85,420,540,1,5
7258,,,12,2,2,2,93,2,180,300,3,5
7259,,,10,1,2,3,6,64,420,540,4,5
7260,,,9,1,2,1,42,100,420,540,3,5
7261,,,13,2,2,1,36,87,420,540,3,5
7262,,,8,2,2,3,42,9,420,540,1,5
7263,,,6,1,2,3,59,74,300,600,1,5
7264,,,14,2,2,2,15,22,0,300,1,5
7265,,,3,2,2,3,69,5,0,300,3,5
7266,,,6,1,2,3,43,51,420,540,4,5
7267,,,2,1,2,3,80,80,420,540,2,5
7268,,,3,2,2,3,82,29,0,300,1,5
7269,,,8,1,2,3,55,14,300,600,4,5
7270,,,6,2,2,1,73,11,60,180,4,5
7271,,,9,2,2,2,3,76,300,600,3,5
7272,,,15,2,2,1,7,24,60,180,3,5
7273,,,3,1,2,3,0,70,420,540,4,5
7274,,,16,2,2,1,27,17,0,300,1,5
7275,,,14,2,2,3,52,19,420,540,4,5
7276,,,11,1,2,1,22,16,420,540,4,5
7277,,,9,2,2,2,29,29,0,300,3,5
7278,,,14,1,2,3,4,83,420,540,1,5
7279,,,9,2,2,2,26,80,300,600,4,5
7280,,,12,2,2,3,85,87,60,180,2,5
7281,,,5,1,2,2,79,90,300,600,3,5
7282,,,4,2,2,3,6,9,0,300,3,5
7283,,,10,1,2,1,13,12,300,600,4,5
7284,,,13,1,2,3,27,45,300,600,3,5
7285,,,7,2,2,2,87,95,180,300,2,5
7286,,,11,1,2,3,1,20,300,600,1,5
7287,,,14,1,2,2,7,67,420,540,2,5
7288,,,3,1,2,1,53,9,300,600,3,5
7289,,,11,1,2,3,8,58,420,540,2,5
7290,,,4,1,2,2,50,33,300,600,4,5
7291,,,10,1,2,3,100,79,300,600,3,5
7292,,,12,1,2,1,24,97,300,600,3,5
7293,,,8,2,2,3,20,36,180,300,4,5
7294,,,12,2,2,2,72,99,180,300,1,5
7295,,,8,1,2,1,89,83,300,600,3,5
7296,,,3,1,2,1,74,42,300,600,4,5
7297,,,7,1,2,3,12,79,420,540,2,5
7298,,,9,2,2,1,75,94,180,300,3,5
7299,,,12,2,2,1,16,40,60,180,1,5
7300,,,13,2,2,3,29,21,0,300,2,5
7301,,,2,2,2,2,71,68,180,300,1,5
7302,,,6,1,2,2,9,36,420,540,1,5
7303,,,11,1,2,1,59,15,300,600,3,5
7304,,,5,1,2,1,68,63,300,600,2,5
7305,,,10,1,2,1,31,4,300,600,2,5
7306,,,13,1,2,1,33,24,420,540,4,5
7307,,,4,2,2,1,89,95,0,300,3,5
7308,,,3,1,2,1,65,100,300,600,1,5
7309,,,12,2,2,3,29,84,300,420,4,5
7310,,,12,1,2,1,53,78,420,540,2,5
7311,,,2,1,2,1,8,5,300,600,2,5
7312,,,3,1,2,3,66,11,420,540,4,5
7313,,,15,1,2,3,97,51,420,540,3,5
7314,,,10,2,2,1,82,25,0,300,2,5
7315,,,3,1,2,2,53,7,420,540,3,5
7316,,,5,1,2,1,74,51,300,600,4,5
7317,,,17,2,2,1,1,75,0,300,1,5
7318,,,15,2,2,2,10,93,420,540,4,5
7319,,,11,2,2,3,40,25,180,300,1,5
7320,,,5,2,2,3,6,71,0,300,4,5
7321,,,11,1,2,3,46,93,420,540,2,5
7322,,,9,1,2,1,93,19,300,600,1,5
7323,,,16,1,2,2,23,9,300,600,4,5
7324,,,8,1,2,3,42,52,420,540,1,5
7325,,,14,1,2,3,63,18,300,600,2,5
7326,,,13,2,2,2,82,35,300,600,1,5
7327,,,6,1,2,3,71,98,420,540,3,5
7328,,,2,1,2,3,61,14,300,600,2,5
7329,,,5,2,2,2,19,49,0,300,2,5
7330,,,5,1,2,2,48,85,300,600,4,5
7331,,,6,2,2,3,70,91,300,420,3,5
7332,,,9,2,2,3,17,45,180,300,1,5
7333,,,9,1,2,2,86,7,420,540,3,5
7334,,,3,1,2,1,50,42,300,600,2,5
7335,,,16,2,2,3,98,17,180,300,3,5
7336,,,14,1,2,2,79,65,420,540,3,5
7337,,,3,2,2,1,79,72,300,420,2,5
7338,,,15,1,2,2,26,67,420,540,2,5
7339,,,3,1,2,2,60,62,420,540,1,5
7340,,,7,2,2,2,9,38,300,600,1,5
7341,,,6,2,2,3,81,59,420,540,3,5
7342,,,3,2,2,3,39,17,300,600,4,5
7343,,,15,2,2,2,24,24,60,180,4,5
7344,,,3,1,2,1,88,15,300,600,1,5
7345,,,9,1,2,1,40,62,420,540,1,5
7346,,,7,1,2,3,97,81,300,600,2,5
7347,,,7,2,2,3,17,57,60,180,3,5
7348,,,2,2,2,3,7,9,180,300,1,5
7349,,,6,1,2,3,17,39,300,600,1,5
7350,,,10,1,2,2,76,83,300,600,4,5
7351,,,8,2,2,1,73,77,420,540,3,5
7352,,,3,2,2,3,23,62,0,300,4,5
7353,,,8,1,2,1,48,45,300,600,3,5
7354,,,11,2,2,2,31,92,300,600,3,5
7355,,,12,2,2,1,57,27,60,180,2,5
7356,,,3,2,2,2,37,37,0,300,1,5
7357,,,4,2,2,3,62,95,180,300,1,5
7358,,,15,1,2,1,51,36,300,600,2,5
7359,,,11,1,2,2,22,79,420,540,4,5
7360,,,10,1,2,2,86,91,420,540,2,5
7361,,,14,2,2,2,63,90,180,300,3,5
7362,,,6,2,2,2,2,3,300,600,2,5
7363,,,3,1,2,3,87,73,420,540,1,5
7364,,,14,1,2,3,41,14,420,540,2,5
7365,,,15,1,2,1,3,74,420,540,4,5
7366,,,15,2,2,2,31,99,300,420,4,5
7367,,,13,2,2,3,94,42,60,180,3,5
7368,,,7,2,2,1,4,10,0,300,1,5
7369,,,14,1,2,3,67,59,420,540,4,5
7370,,,15,2,2,1,41,76,300,600,3,5
7371,,,4,1,2,3,71,47,300,600,3,5
7372,,,5,1,2,2,61,48,300,600,3,5
7373,,,14,2,2,3,13,66,420,540,4,5
7374,,,10,1,2,2,78,14,420,540,1,5
7375,,,7,2,2,3,94,7,60,180,1,5
7376,,,4,2,2,1,87,76,420,540,1,5
7377,,,13,2,2,1,30,37,180,300,3,5
7378,,,5,2,2,1,8,5,300,420,3,5
7379,,,9,2,2,3,52,31,300,420,2,5
7380,,,4,1,2,2,23,15,420,540,4,5
7381,,,9,2,2,2,34,90,0,300,3,5
7382,,,17,2,2,2,29,60,0,300,4,5
7383,,,11,2,2,1,42,2,60,180,3,5
7384,,,5,1,2,1,71,66,420,540,3,5
7385,,,10,1,2,3,83,50,420,540,1,5
7386,,,13,2,2,2,55,99,300,420,3,5
7387,,,3,2,2,2,58,41,60,180,4,5
7388,,,3,2,2,2,50,19,180,300,1,5
7389,,,12,1,2,1,100,17,300,600,1,5
7390,,,10,1,2,1,99,57,420,540,1,5
7391,,,14,2,2,1,40,74,180,300,2,5
7392,,,7,2,2,3,51,70,180,300,2,5
7393,,,4,2,2,2,22,21,180,300,1,5
7394,,,2,1,2,2,3,41,420,540,4,5
7395,,,2,2,2,1,36,83,300,420,2,5
7396,,,7,1,2,2,22,67,300,600,3,5
7397,,,3,1,2,2,71,74,420,540,1,5
7398,,,8,1,2,3,80,39,420,540,3,5
7399,,,11,2,2,1,41,73,180,300,4,5
7400,,,15,2,2,1,69,26,420,540,3,5
7401,,,5,1,2,2,57,24,300,600,3,5
7402,,,9,2,2,3,44,84,60,180,4,5
7403,,,3,2,2,2,95,70,300,420,4,5
7404,,,7,1,2,1,14,65,420,540,4,5
7405,,,4,2,2,3,27,72,300,420,2,5
7406,,,6,1,2,1,52,11,420,540,2,5
7407,,,4,1,2,3,51,89,300,600,4,5
7408,,,11,2,2,3,29,22,420,540,3,5
7409,,,5,2,2,1,94,97,420,540,3,5
7410,,,7,2,2,1,89,32,0,300,1,5
7411,,,11,2,2,2,75,18,180,300,4,5
7412,,,6,1,2,2,13,51,420,540,1,5
7413,,,6,2,2,2,23,94,180,300,2,5
7414,,,12,1,2,3,55,38,300,600,4,5
7415,,,4,1,2,3,10,3,420,540,2,5
7416,,,5,2,2,3,68,51,60,180,1,5
7417,,,7,1,2,3,89,50,420,540,3,5
7418,,,4,1,2,1,63,100,420,540,1,5
7419,,,2,1,2,2,32,11,300,600,1,5
7420,,,11,1,2,2,100,25,300,600,4,5
7421,,,4,1,2,1,68,29,300,600,3,5
7422,,,4,1,2,2,99,56,300,600,4,5
7423,,,8,1,2,2,5,83,420,540,2,5
7424,,,2,1,2,3,35,25,300,600,2,5
7425,,,15,2,2,1,36,51,180,300,3,5
7426,,,10,2,2,1,96,70,180,300,1,5
7427,,,9,1,2,1,84,50,300,600,3,5
7428,,,2,1,2,2,13,61,300,600,4,5
7429,,,2,1,2,3,93,75,420,540,3,5
7430,,,15,2,2,3,10,24,180,300,4,5
7431,,,6,2,2,3,48,15,420,540,3,5
7432,,,2,2,2,1,17,99,180,300,1,5
7433,,,6,1,2,2,41,50,300,600,2,5
7434,,,10,2,2,2,39,74,300,600,3,5
7435,,,7,1,2,3,2,54,300,600,4,5
7436,,,7,1,2,2,54,83,300,600,1,5
7437,,,5,1,2,1,0,67,300,600,1,5
7438,,,1,1,2,1,100,0,300,600,3,5
7439,,,15,2,2,3,23,74,420,540,4,5
7440,,,5,1,2,2,15,97,420,540,4,5
7441,,,10,1,2,1,60,61,420,540,3,5
7442,,,15,1,2,3,67,30,420,540,2,5
7443,,,11,1,2,3,54,73,300,600,1,5
7444,,,5,2,2,3,27,9,300,600,1,5
7445,,,15,1,2,3,44,2,300,600,2,5
7446,,,14,2,2,1,75,17,180,300,2,5
7447,,,4,2,2,1,5,2,420,540,2,5
7448,,,8,1,2,1,54,25,420,540,4,5
7449,,,2,1,2,3,11,7,420,540,3,5
7450,,,3,2,2,1,33,91,0,300,1,5
7451,,,13,1,2,1,6,21,300,600,3,5
7452,,,11,1,2,1,16,72,300,600,3,5
7453,,,15,2,2,1,7,52,420,540,2,5
7454,,,15,2,2,2,23,17,300,420,4,5
7455,,,5,1,2,3,92,29,300,600,1,5
7456,,,2,1,2,1,5,99,300,600,2,5
7457,,,14,2,2,3,95,0,300,420,3,5
7458,,,15,2,2,2,91,98,60,180,1,5
7459,,,14,2,2,1,45,50,60,180,1,5
7460,,,5,2,2,2,91,77,60,180,3,5
7461,,,10,1,2,1,21,67,300,600,3,5
7462,,,6,1,2,2,68,38,420,540,3,5
7463,,,11,1,2,3,29,11,420,540,1,5
7464,,,11,1,2,1,29,13,300,600,2,5
7465,,,14,1,2,3,60,91,420,540,4,5
7466,,,9,2,2,3,79,15,0,300,1,5
7467,,,9,2,2,1,14,22,0,300,2,5
7468,,,14,1,2,1,15,29,420,540,1,5
7469,,,4,2,2,2,4,44,60,180,3,5
7470,,,3,2,2,1,61,18,180,300,3,5
7471,,,7,2,2,1,46,47,60,180,2,5
7472,,,1,1,2,2,76,86,420,540,2,5
7473,,,8,2,2,1,99,79,300,600,1,5
7474,,,6,2,2,2,34,89,0,300,4,5
7475,,,3,1,2,2,30,30,300,600,3,5
7476,,,3,2,2,3,2,48,0,300,4,5
7477,,,13,1,2,2,21,87,300,600,4,5
7478,,,2,2,2,1,41,6,300,420,3,5
7479,,,3,2,2,3,100,92,0,300,3,5
7480,,,10,2,2,2,75,80,420,540,4,5
7481,,,7,1,2,3,83,78,420,540,1,5
7482,,,13,1,2,1,88,88,420,540,4,5
7483,,,10,1,2,2,75,77,300,600,1,5
7484,,,10,1,2,2,94,54,420,540,3,5
7485,,,12,2,2,3,50,37,60,180,4,5
7486,,,14,1,2,1,74,58,420,540,3,5
7487,,,2,1,2,3,88,99,420,540,3,5
7488,,,14,1,2,2,79,92,300,600,1,5
7489,,,12,1,2,3,50,43,420,540,1,5
7490,,,9,1,2,1,24,41,300,600,3,5
7491,,,12,1,2,2,2,11,420,540,3,5
7492,,,3,1,2,3,50,30,300,600,2,5
7493,,,7,1,2,3,71,9,300,600,1,5
7494,,,13,2,2,2,7,19,300,420,2,5
7495,,,4,2,2,2,97,38,60,180,4,5
7496,,,14,1,2,1,59,82,420,540,1,5
7497,,,11,2,2,1,20,53,180,300,2,5
7498,,,11,2,2,1,13,26,300,600,1,5
7499,,,4,1,2,2,31,12,300,600,2,5
7500,,,10,1,2,2,0,67,300,600,1,5
7501,,,11,2,2,3,37,70,420,540,2,5
7502,,,9,1,2,3,3,94,300,600,3,5
7503,,,4,1,2,1,93,39,420,540,2,5
7504,,,16,1,2,2,85,23,300,600,2,5
7505,,,14,2,2,1,70,0,60,180,1,5
7506,,,6,2,2,1,16,24,420,540,4,5
7507,,,9,2,2,2,32,37,300,420,2,5
7508,,,9,2,2,1,51,41,60,180,1,5
7509,,,4,2,2,3,36,82,300,420,2,5
7510,,,7,1,2,3,68,52,420,540,3,5
7511,,,7,2,2,2,15,50,0,300,2,5
7512,,,7,2,2,3,24,8,0,300,1,5
7513,,,11,2,2,2,43,95,0,300,2,5
7514,,,3,2,2,1,43,32,420,540,1,5
7515,,,9,2,2,2,91,70,180,300,4,5
7516,,,14,2,2,2,75,36,180,300,2,5
7517,,,6,2,2,2,80,93,420,540,4,5
7518,,,16,1,2,1,36,47,300,600,2,5
7519,,,14,2,2,1,14,68,420,540,3,5
7520,,,11,1,2,2,40,89,300,600,3,5
7521,,,16,1,2,2,65,18,300,600,2,5
7522,,,7,1,2,2,56,52,300,600,3,5
7523,,,9,1,2,2,55,17,420,540,1,5
7524,,,15,1,2,1,79,93,420,540,3,5
7525,,,12,1,2,1,69,4,420,540,4,5
7526,,,9,1,2,1,72,96,420,540,3,5
7527,,,8,1,2,1,46,50,300,600,2,5
7528,,,12,2,2,3,69,87,180,300,2,5
7529,,,2,2,2,1,96,98,180,300,2,5
7530,,,11,2,2,1,85,59,300,600,2,5
7531,,,6,1,2,1,58,19,420,540,2,5
7532,,,7,2,2,2,62,3,180,300,3,5
7533,,,2,2,2,1,26,76,420,540,1,5
7534,,,4,1,2,1,51,93,300,600,2,5
7535,,,9,2,2,2,10,77,0,300,4,5
7536,,,13,1,2,2,22,21,420,540,3,5
7537,,,3,2,2,1,58,90,0,300,1,5
7538,,,7,1,2,1,45,44,300,600,3,5
7539,,,4,2,2,2,25,91,60,180,1,5
7540,,,7,1,2,1,42,0,420,540,1,5
7541,,,13,2,2,3,19,58,60,180,2,5
7542,,,15,1,2,1,73,3,300,600,1,5
7543,,,9,2,2,3,67,71,420,540,3,5
7544,,,14,2,2,3,93,98,180,300,3,5
7545,,,13,2,2,3,80,37,300,600,2,5
7546,,,6,2,2,1,60,85,180,300,3,5
7547,,,4,1,2,2,2,73,420,540,1,5
7548,,,11,2,2,3,2,62,300,420,2,5
7549,,,10,1,2,1,8,64,300,600,2,5
7550,,,12,1,2,3,24,93,420,540,4,5
7551,,,7,1,2,1,39,67,300,600,1,5
7552,,,5,2,2,2,92,82,0,300,1,5
7553,,,10,2,2,3,39,13,300,420,1,5
7554,,,3,2,2,2,13,33,0,300,4,5
7555,,,4,2,2,3,46,83,420,540,1,5
7556,,,4,2,2,1,91,64,420,540,2,5
7557,,,9,2,2,1,22,11,180,300,1,5
7558,,,14,1,2,1,72,82,300,600,2,5
7559,,,3,1,2,1,52,0,300,600,3,5
7560,,,9,2,2,3,42,88,60,180,3,5
7561,,,2,2,2,1,97,2,180,300,2,5
7562,,,7,2,2,1,49,16,420,540,2,5
7563,,,14,1,2,1,41,57,300,600,3,5
7564,,,9,1,2,2,95,19,300,600,1,5
7565,,,2,2,2,2,97,26,420,540,1,5
7566,,,13,1,2,3,22,44,420,540,2,5
7567,,,15,1,2,2,14,37,420,540,4,5
7568,,,13,1,2,3,53,25,420,540,4,5
7569,,,8,2,2,3,89,61,0,300,1,5
7570,,,3,2,2,1,81,7,300,600,4,5
7571,,,4,1,2,1,62,78,300,600,4,5
7572,,,11,2,2,2,0,6,180,300,2,5
7573,,,13,2,2,1,39,97,180,300,2,5
7574,,,4,1,2,3,6,54,300,600,1,5
7575,,,8,2,2,2,75,65,180,300,3,5
7576,,,17,2,2,3,20,77,420,540,4,5
7577,,,14,2,2,3,56,77,180,300,2,5
7578,,,9,2,2,1,97,15,0,300,2,5
7579,,,15,2,2,2,91,79,180,300,1,5
7580,,,3,1,2,2,16,55,420,540,4,5
7581,,,8,1,2,2,53,37,300,600,2,5
7582,,,6,1,2,3,90,32,420,540,4,5
7583,,,8,2,2,3,99,72,300,420,3,5
7584,,,6,2,2,3,5,37,300,420,2,5
7585,,,8,2,2,3,1,88,60,180,3,5
7586,,,3,1,2,3,50,36,420,540,3,5
7587,,,6,2,2,1,61,17,300,600,2,5
7588,,,14,1,2,1,22,0,300,600,1,5
7589,,,4,2,2,2,26,52,60,180,1,5
7590,,,1,1,2,1,99,16,420,540,4,5
7591,,,4,2,2,2,53,59,300,600,2,5
7592,,,4,1,2,3,37,55,300,600,1,5
7593,,,5,2,2,3,12,16,60,180,2,5
7594,,,5,1,2,3,56,94,420,540,3,5
7595,,,15,1,2,3,29,15,300,600,3,5
7596,,,3,2,2,2,52,61,180,300,1,5
7597,,,11,1,2,2,72,3,300,600,2,5
7598,,,13,2,2,3,49,38,60,180,3,5
7599,,,10,2,2,1,72,0,60,180,4,5
7600,,,14,1,2,2,86,88,300,600,2,5
7601,,,8,2,2,3,8,41,420,540,1,5
7602,,,9,1,2,2,99,11,300,600,3,5
7603,,,1,1,2,2,54,90,420,540,4,5
7604,,,15,1,2,3,69,54,300,600,2,5
7605,,,8,1,2,2,15,27,420,540,4,5
7606,,,8,1,2,1,28,92,300,600,1,5
7607,,,9,1,2,3,55,85,420,540,3,5
7608,,,5,2,2,3,43,11,0,300,2,5
7609,,,13,1,2,2,51,28,300,600,3,5
7610,,,4,2,2,2,24,8,0,300,1,5
7611,,,11,2,2,3,96,39,0,300,2,5
7612,,,4,1,2,1,17,69,300,600,4,5
7613,,,14,1,2,2,28,69,420,540,2,5
7614,,,10,2,2,1,5,6,420,540,3,5
7615,,,7,2,2,2,29,54,60,180,3,5
7616,,,8,2,2,1,88,58,60,180,1,5
7617,,,11,1,2,1,14,15,300,600,2,5
7618,,,10,2,2,1,87,55,300,420,4,5
7619,,,15,2,2,1,33,12,0,300,3,5
7620,,,4,2,2,1,72,99,180,300,3,5
7621,,,5,1,2,1,30,24,420,540,1,5
7622,,,6,2,2,1,28,38,0,300,2,5
7623,,,6,2,2,2,58,17,60,180,1,5
7624,,,7,2,2,1,83,49,180,300,2,5
7625,,,10,2,2,3,72,59,300,420,2,5
7626,,,13,1,2,3,57,98,420,540,3,5
7627,,,14,1,2,3,4,61,420,540,1,5
7628,,,10,2,2,3,3,82,180,300,3,5
7629,,,15,2,2,2,6,89,420,540,2,5
7630,,,3,2,2,1,44,16,420,540,4,5
7631,,,8,1,2,2,71,87,300,600,1,5
7632,,,5,1,2,2,83,41,420,540,1,5
7633,,,2,2,2,3,77,95,180,300,4,5
7634,,,12,1,2,1,64,69,300,600,2,5
7635,,,11,1,2,3,12,76,420,540,3,5
7636,,,7,2,2,3,42,25,60,180,2,5
7637,,,3,1,2,1,29,34,300,600,4,5
7638,,,4,1,2,2,74,13,420,540,3,5
7639,,,12,1,2,3,53,59,300,600,3,5
7640,,,10,1,2,1,32,59,420,540,4,5
7641,,,3,2,2,1,31,57,60,180,3,5
7642,,,8,1,2,2,54,46,420,540,2,5
7643,,,9,2,2,1,55,51,60,180,1,5
7644,,,8,1,2,2,35,3,300,600,3,5
7645,,,14,1,2,2,13,99,300,600,4,5
7646,,,14,1,2,1,55,88,300,600,4,5
7647,,,6,1,2,2,0,3,300,600,1,5
7648,,,12,1,2,2,36,77,420,540,4,5
7649,,,15,2,2,2,15,62,0,300,3,5
7650,,,12,2,2,3,66,84,180,300,2,5
7651,,,14,1,2,1,76,32,420,540,3,5
7652,,,9,1,2,2,46,76,300,600,1,5
7653,,,8,2,2,3,58,99,0,300,2,5
7654,,,4,1,2,1,36,41,300,600,4,5
7655,,,9,2,2,2,6,74,60,180,4,5
7656,,,3,2,2,1,54,54,420,540,2,5
7657,,,12,1,2,1,62,77,300,600,2,5
7658,,,13,2,2,3,77,53,300,600,3,5
7659,,,2,2,2,2,4,22,420,540,3,5
7660,,,8,1,2,3,28,61,420,540,3,5
7661,,,5,1,2,2,81,30,420,540,4,5
7662,,,8,2,2,3,81,79,420,540,3,5
7663,,,9,1,2,3,92,72,300,600,1,5
7664,,,11,2,2,1,21,21,60,180,3,5
7665,,,8,1,2,3,44,48,300,600,4,5
7666,,,3,1,2,1,75,91,300,600,4,5
7667,,,10,2,2,2,63,52,300,420,1,5
7668,,,15,2,2,1,50,1,420,540,4,5
7669,,,7,1,2,3,32,96,300,600,1,5
7670,,,14,2,2,3,0,58,60,180,2,5
7671,,,3,1,2,2,95,92,300,600,2,5
7672,,,3,2,2,1,77,43,300,600,1,5
7673,,,2,2,2,1,78,62,180,300,3,5
7674,,,7,1,2,1,27,27,420,540,2,5
7675,,,9,2,2,3,76,67,420,540,1,5
7676,,,14,1,2,2,98,16,420,540,4,5
7677,,,11,1,2,2,91,41,300,600,2,5
7678,,,15,2,2,2,81,56,60,180,3,5
7679,,,12,2,2,1,42,47,60,180,1,5
7680,,,11,1,2,1,4,95,300,600,3,5
7681,,,12,1,2,2,73,90,420,540,1,5
7682,,,9,1,2,2,31,52,300,600,2,5
7683,,,5,1,2,2,90,94,420,540,2,5
7684,,,13,1,2,3,24,43,300,600,3,5
7685,,,7,2,2,3,9,20,180,300,1,5
7686,,,10,1,2,2,89,51,300,600,2,5
7687,,,13,2,2,1,20,77,300,600,4,5
7688,,,13,1,2,2,78,55,420,540,2,5
7689,,,3,2,2,1,15,35,0,300,2,5
7690,,,5,1,2,2,45,19,420,540,2,5
7691,,,14,1,2,2,90,40,420,540,1,5
7692,,,6,2,2,2,98,100,420,540,2,5
7693,,,13,1,2,3,98,66,420,540,2,5
7694,,,11,2,2,1,76,63,420,540,2,5
7695,,,5,2,2,3,9,70,420,540,2,5
7696,,,16,2,2,1,17,68,60,180,1,5
7697,,,9,1,2,3,4,51,420,540,1,5
7698,,,7,1,2,3,22,67,300,600,4,5
7699,,,7,1,2,2,99,13,420,540,1,5
7700,,,14,1,2,3,32,13,420,540,4,5
7701,,,11,2,2,2,92,20,420,540,1,5
7702,,,8,1,2,2,71,92,420,540,1,5
7703,,,5,2,2,3,28,86,60,180,3,5
7704,,,1,1,2,2,21,56,420,540,3,5
7705,,,7,2,2,3,99,74,300,420,1,5
7706,,,9,2,2,3,77,60,420,540,3,5
7707,,,11,1,2,3,84,22,300,600,1,5
7708,,,2,2,2,1,51,22,0,300,1,5
7709,,,6,1,2,1,30,32,420,540,4,5
7710,,,11,1,2,2,95,90,300,600,3,5
7711,,,2,1,2,3,54,97,300,600,1,5
7712,,,14,1,2,1,59,33,420,540,4,5
7713,,,13,1,2,2,82,2,300,600,1,5
7714,,,16,1,2,3,22,7,300,600,2,5
7715,,,7,1,2,1,20,45,420,540,4,5
7716,,,3,1,2,1,82,27,420,540,2,5
7717,,,15,1,2,2,85,23,420,540,2,5
7718,,,13,2,2,2,63,39,300,600,1,5
7719,,,9,2,2,3,56,39,180,300,4,5
7720,,,9,2,2,1,18,8,300,600,3,5
7721,,,8,1,2,2,80,11,420,540,2,5
7722,,,13,2,2,3,30,19,300,600,2,5
7723,,,9,2,2,2,99,27,0,300,3,5
7724,,,6,1,2,2,64,71,300,600,4,5
7725,,,7,1,2,3,99,63,300,600,1,5
7726,,,10,2,2,1,16,49,420,540,1,5
7727,,,9,1,2,3,1,3,300,600,1,5
7728,,,5,1,2,2,54,37,300,600,3,5
7729,,,11,2,2,3,2,39,60,180,4,5
7730,,,4,1,2,2,67,39,300,600,2,5
7731,,,9,1,2,1,29,78,420,540,1,5
7732,,,13,1,2,3,18,59,420,540,2,5
7733,,,12,2,2,2,50,36,300,600,4,5
7734,,,10,1,2,3,9,83,300,600,1,5
7735,,,7,2,2,2,49,64,180,300,4,5
7736,,,16,2,2,1,91,80,0,300,4,5
7737,,,13,2,2,2,55,33,420,540,2,5
7738,,,10,2,2,1,59,50,60,180,2,5
7739,,,3,1,2,3,54,5,420,540,4,5
7740,,,6,2,2,1,81,94,0,300,1,5
7741,,,8,2,2,1,51,42,300,600,3,5
7742,,,6,2,2,2,49,92,300,600,4,5
7743,,,4,1,2,1,96,19,420,540,2,5
7744,,,16,2,2,3,31,40,420,540,4,5
7745,,,15,2,2,2,68,76,300,600,3,5
7746,,,4,1,2,1,33,73,300,600,2,5
7747,,,3,2,2,2,82,31,0,300,4,5
7748,,,10,1,2,2,35,52,300,600,4,5
7749,,,5,1,2,2,99,25,300,600,4,5
7750,,,8,1,2,3,91,17,420,540,3,5
7751,,,7,1,2,1,57,30,420,540,3,5
7752,,,8,1,2,3,53,48,300,600,1,5
7753,,,13,1,2,1,52,69,420,540,3,5
7754,,,11,2,2,3,44,16,0,300,3,5
7755,,,6,2,2,3,89,45,180,300,2,5
7756,,,7,1,2,1,96,25,420,540,2,5
7757,,,4,2,2,2,51,29,0,300,4,5
7758,,,8,1,2,2,37,1,420,540,2,5
7759,,,9,2,2,1,100,40,0,300,1,5
7760,,,9,1,2,2,48,32,420,540,2,5
7761,,,4,2,2,3,5,91,300,600,3,5
7762,,,13,1,2,3,62,33,300,600,3,5
7763,,,13,1,2,2,88,94,300,600,1,5
7764,,,6,1,2,2,68,62,300,600,4,5
7765,,,8,2,2,2,93,15,420,540,1,5
7766,,,2,2,2,1,63,83,60,180,4,5
7767,,,2,1,2,1,38,71,300,600,1,5
7768,,,14,2,2,1,10,46,420,540,3,5
7769,,,11,1,2,2,45,3,420,540,4,5
7770,,,9,1,2,1,35,30,300,600,1,5
7771,,,11,2,2,2,22,50,180,300,4,5
7772,,,2,1,2,2,83,23,420,540,4,5
7773,,,9,2,2,3,20,23,300,600,2,5
7774,,,10,1,2,1,26,58,420,540,2,5
7775,,,15,2,2,3,62,74,60,180,1,5
7776,,,14,1,2,1,33,69,420,540,3,5
7777,,,13,1,2,3,20,82,300,600,2,5
7778,,,4,1,2,1,68,55,300,600,3,5
7779,,,11,2,2,3,93,93,0,300,2,5
7780,,,1,1,2,2,88,54,300,600,4,5
7781,,,8,1,2,2,94,95,300,600,4,5
7782,,,15,2,2,2,50,11,0,300,1,5
7783,,,3,2,2,1,98,97,60,180,2,5
7784,,,5,2,2,1,28,60,180,300,1,5
7785,,,15,2,2,2,99,51,300,420,1,5
7786,,,10,2,2,1,12,12,300,600,1,5
7787,,,7,2,2,2,89,19,180,300,4,5
7788,,,5,2,2,2,54,45,0,300,1,5
7789,,,8,2,2,3,51,70,180,300,3,5
7790,,,13,2,2,3,64,5,180,300,4,5
7791,,,12,2,2,1,44,68,180,300,1,5
7792,,,4,2,2,2,15,21,0,300,1,5
7793,,,11,1,2,3,92,9,420,540,4,5
7794,,,2,1,2,1,41,74,420,540,1,5
7795,,,3,2,2,3,70,52,300,420,3,5
7796,,,10,2,2,3,20,94,60,180,2,5
7797,,,10,2,2,1,75,60,420,540,3,5
7798,,,4,1,2,1,93,59,300,600,3,5
7799,,,3,1,2,2,10,39,420,540,3,5
7800,,,9,1,2,2,32,59,420,540,1,5
7801,,,9,2,2,1,39,79,300,420,2,5
7802,,,7,1,2,1,7,32,420,540,1,5
7803,,,9,1,2,1,50,30,300,600,1,5
7804,,,5,1,2,1,94,81,420,540,1,5
7805,,,15,2,2,2,37,7,420,540,4,5
7806,,,11,2,2,3,45,35,300,600,1,5
7807,,,15,2,2,1,58,18,180,300,4,5
7808,,,3,2,2,3,33,19,300,600,2,5
7809,,,11,2,2,2,49,57,420,540,2,5
7810,,,13,1,2,2,49,10,300,600,3,5
7811,,,7,2,2,3,43,94,60,180,4,5
7812,,,8,1,2,3,33,31,420,540,4,5
7813,,,12,2,2,3,67,20,180,300,1,5
7814,,,9,1,2,2,26,75,300,600,3,5
7815,,,4,2,2,1,99,9,0,300,2,5
7816,,,7,1,2,3,25,86,300,600,3,5
7817,,,12,2,2,3,1,45,300,600,2,5
7818,,,4,1,2,2,2,40,300,600,1,5
7819,,,14,1,2,2,74,17,420,540,4,5
7820,,,4,2,2,1,4,72,60,180,3,5
7821,,,8,1,2,2,59,19,300,600,4,5
7822,,,2,2,2,2,61,82,0,300,4,5
7823,,,11,1,2,2,6,22,300,600,3,5
7824,,,7,1,2,3,17,80,300,600,2,5
7825,,,8,1,2,2,73,10,300,600,3,5
7826,,,13,2,2,2,74,61,180,300,2,5
7827,,,12,1,2,3,71,27,300,600,1,5
7828,,,9,2,2,3,99,35,60,180,4,5
7829,,,10,2,2,3,98,19,300,600,3,5
7830,,,8,1,2,3,96,82,300,600,3,5
7831,,,2,2,2,2,12,90,60,180,3,5
7832,,,4,1,2,2,32,98,300,600,3,5
7833,,,5,1,2,3,42,87,300,600,2,5
7834,,,2,1,2,3,10,71,300,600,4,5
7835,,,8,2,2,2,66,1,0,300,3,5
7836,,,7,2,2,2,18,63,300,600,3,5
7837,,,11,1,2,2,80,4,300,600,3,5
7838,,,3,2,2,2,67,31,300,420,3,5
7839,,,8,1,2,1,80,54,420,540,2,5
7840,,,4,1,2,2,32,35,300,600,1,5
7841,,,14,1,2,3,48,56,300,600,3,5
7842,,,10,1,2,2,74,58,300,600,2,5
7843,,,5,2,2,2,18,92,420,540,3,5
7844,,,15,2,2,2,5,17,420,540,1,5
7845,,,7,2,2,2,8,18,420,540,2,5
7846,,,5,1,2,1,4,35,300,600,3,5
7847,,,9,1,2,2,35,32,300,600,4,5
7848,,,9,2,2,1,19,55,180,300,1,5
7849,,,15,1,2,2,83,1,300,600,2,5
7850,,,9,2,2,2,1,13,180,300,2,5
7851,,,9,2,2,3,9,52,60,180,3,5
7852,,,14,1,2,1,53,42,300,600,4,5
7853,,,6,2,2,3,48,67,180,300,1,5
7854,,,8,2,2,1,43,22,60,180,4,5
7855,,,3,1,2,1,15,10,300,600,1,5
7856,,,9,2,2,2,39,70,0,300,2,5
7857,,,11,1,2,3,65,25,300,600,1,5
7858,,,6,2,2,2,81,57,180,300,4,5
7859,,,10,2,2,1,13,66,180,300,4,5
7860,,,6,1,2,2,19,51,300,600,4,5
7861,,,10,2,2,3,12,49,60,180,1,5
7862,,,6,1,2,1,0,15,300,600,1,5
7863,,,14,2,2,3,17,46,60,180,4,5
7864,,,17,2,2,1,1,38,420,540,3,5
7865,,,9,2,2,1,21,6,60,180,2,5
7866,,,14,2,2,3,35,75,420,540,1,5
7867,,,15,1,2,3,73,95,420,540,1,5
7868,,,4,1,2,3,40,96,420,540,1,5
7869,,,16,2,2,3,67,60,300,420,3,5
7870,,,1,1,2,2,88,54,300,600,4,5
7871,,,5,1,2,1,6,17,420,540,1,5
7872,,,7,1,2,1,99,14,300,600,4,5
7873,,,6,1,2,3,62,80,420,540,4,5
7874,,,4,2,2,2,19,78,60,180,2,5
7875,,,6,1,2,2,11,90,420,540,2,5
7876,,,5,1,2,1,62,42,420,540,2,5
7877,,,8,2,2,3,30,96,180,300,1,5
7878,,,4,1,2,2,16,58,420,540,1,5
7879,,,8,2,2,1,58,9,300,420,3,5
7880,,,9,2,2,3,63,20,180,300,1,5
7881,,,10,1,2,3,45,31,300,600,3,5
7882,,,8,1,2,1,4,82,300,600,2,5
7883,,,7,1,2,1,70,92,300,600,1,5
7884,,,8,2,2,3,57,29,300,420,3,5
7885,,,14,1,2,2,26,73,300,600,3,5
7886,,,4,2,2,2,39,11,0,300,2,5
7887,,,2,2,2,3,26,80,0,300,4,5
7888,,,3,2,2,3,65,77,180,300,1,5
7889,,,5,1,2,2,98,22,420,540,4,5
7890,,,14,1,2,1,68,22,420,540,1,5
7891,,,8,2,2,1,38,47,420,540,2,5
7892,,,8,2,2,1,31,21,60,180,1,5
7893,,,5,1,2,3,8,45,300,600,3,5
7894,,,4,1,2,3,83,17,300,600,4,5
7895,,,6,2,2,1,4,44,420,540,4,5
7896,,,14,2,2,2,89,83,60,180,4,5
7897,,,8,1,2,1,37,52,420,540,4,5
7898,,,3,1,2,3,35,35,420,540,4,5
7899,,,9,1,2,3,23,49,420,540,1,5
7900,,,11,1,2,1,35,16,420,540,1,5
7901,,,3,1,2,3,28,29,420,540,3,5
7902,,,11,2,2,2,86,29,420,540,1,5
7903,,,14,2,2,1,91,61,180,300,3,5
7904,,,2,1,2,2,88,90,300,600,1,5
7905,,,4,2,2,1,23,20,0,300,2,5
7906,,,3,1,2,2,85,36,420,540,3,5
7907,,,6,2,2,1,54,80,300,420,4,5
7908,,,3,1,2,1,69,59,420,540,3,5
7909,,,9,1,2,2,99,96,420,540,3,5
7910,,,16,2,2,3,99,49,300,600,4,5
7911,,,11,2,2,3,81,36,60,180,3,5
7912,,,13,2,2,1,96,59,300,420,2,5
7913,,,11,2,2,2,26,3,420,540,3,5
7914,,,10,2,2,1,69,60,60,180,2,5
7915,,,2,1,2,2,3,18,300,600,4,5
7916,,,6,2,2,3,29,45,420,540,4,5
7917,,,4,2,2,3,17,30,180,300,2,5
7918,,,10,1,2,3,62,10,300,600,1,5
7919,,,13,2,2,2,54,38,420,540,2,5
7920,,,16,1,2,3,64,13,420,540,2,5
7921,,,3,2,2,3,48,47,180,300,2,5
7922,,,8,1,2,3,48,41,300,600,2,5
7923,,,9,2,2,1,86,69,300,600,4,5
7924,,,8,2,2,3,65,78,0,300,4,5
7925,,,9,2,2,1,88,50,0,300,3,5
7926,,,6,1,2,3,19,38,300,600,3,5
7927,,,9,1,2,1,74,9,300,600,1,5
7928,,,7,1,2,3,69,96,300,600,2,5
7929,,,4,1,2,3,5,56,300,600,3,5
7930,,,2,1,2,2,17,33,300,600,1,5
7931,,,14,1,2,2,69,76,420,540,2,5
7932,,,10,1,2,3,43,67,300,600,2,5
7933,,,13,2,2,3,34,17,60,180,2,5
7934,,,5,1,2,2,12,53,300,600,1,5
7935,,,16,2,2,3,62,49,420,540,4,5
7936,,,12,2,2,1,95,48,420,540,1,5
7937,,,17,2,2,1,2,45,420,540,4,5
7938,,,17,2,2,1,90,85,60,180,1,5
7939,,,15,2,2,1,8,100,60,180,4,5
7940,,,2,1,2,2,15,55,420,540,3,5
7941,,,12,2,2,2,53,57,300,600,3,5
7942,,,12,1,2,1,19,67,420,540,3,5
7943,,,11,2,2,1,50,12,0,300,3,5
7944,,,7,2,2,3,10,13,180,300,2,5
7945,,,3,1,2,2,23,74,300,600,1,5
7946,,,15,1,2,3,96,50,300,600,2,5
7947,,,6,1,2,3,96,1,300,600,2,5
7948,,,11,2,2,1,48,85,420,540,1,5
7949,,,13,1,2,2,65,77,420,540,2,5
7950,,,8,2,2,1,14,36,300,420,3,5
7951,,,6,1,2,3,11,9,420,540,3,5
7952,,,2,1,2,3,16,18,300,600,3,5
7953,,,6,2,2,1,41,39,60,180,3,5
7954,,,9,1,2,2,51,97,420,540,1,5
7955,,,13,1,2,1,36,12,300,600,4,5
7956,,,12,2,2,3,51,99,60,180,3,5
7957,,,13,1,2,3,1,93,420,540,4,5
7958,,,15,2,2,2,85,87,180,300,4,5
7959,,,11,2,2,1,44,90,0,300,4,5
7960,,,2,1,2,2,11,36,300,600,1,5
7961,,,8,2,2,1,16,8,60,180,4,5
7962,,,3,1,2,1,6,80,420,540,3,5
7963,,,14,1,2,1,65,72,300,600,3,5
7964,,,3,1,2,1,9,89,420,540,4,5
7965,,,11,2,2,2,22,84,420,540,1,5
7966,,,4,2,2,1,39,49,60,180,3,5
7967,,,2,1,2,3,8,59,300,600,1,5
7968,,,11,2,2,3,39,53,180,300,4,5
7969,,,6,1,2,1,28,14,420,540,2,5
7970,,,15,2,2,1,68,38,180,300,1,5
7971,,,7,1,2,3,37,12,420,540,3,5
7972,,,8,1,2,1,52,42,420,540,2,5
7973,,,4,2,2,2,40,21,60,180,3,5
7974,,,16,2,2,3,60,90,300,420,1,5
7975,,,7,1,2,3,77,62,420,540,3,5
7976,,,7,1,2,1,26,51,300,600,3,5
7977,,,6,1,2,2,39,38,300,600,1,5
7978,,,14,2,2,1,84,34,60,180,1,5
7979,,,13,1,2,2,54,22,420,540,4,5
7980,,,13,2,2,3,6,44,60,180,2,5
7981,,,7,2,2,2,95,46,180,300,2,5
7982,,,2,2,2,1,43,57,60,180,1,5
7983,,,10,2,2,2,90,3,0,300,2,5
7984,,,10,1,2,1,12,73,420,540,2,5
7985,,,6,2,2,2,23,31,0,300,3,5
7986,,,14,1,2,1,14,16,420,540,1,5
7987,,,6,1,2,2,83,77,420,540,2,5
7988,,,8,1,2,3,12,50,300,600,4,5
7989,,,12,1,2,1,48,65,300,600,1,5
7990,,,3,1,2,2,97,11,300,600,1,5
7991,,,15,1,2,2,89,7,300,600,4,5
7992,,,9,1,2,3,57,22,300,600,2,5
7993,,,10,1,2,1,3,55,420,540,2,5
7994,,,12,2,2,2,58,57,0,300,1,5
7995,,,7,1,2,3,81,78,300,600,1,5
7996,,,14,2,2,2,1,12,60,180,3,5
7997,,,13,2,2,3,19,13,0,300,2,5
7998,,,13,2,2,3,90,18,180,300,4,5
7999,,,12,2,2,1,8,80,300,600,4,5
8000,,,8,2,2,2,17,37,0,300,2,5
8001,,,3,2,2,2,25,37,420,540,1,5
8002,,,10,1,2,2,14,59,300,600,4,5
8003,,,9,2,2,2,77,1,0,300,3,5
8004,,,5,2,2,3,9,37,180,300,4,5
8005,,,5,2,2,2,85,90,300,420,1,5
8006,,,1,1,2,2,32,37,420,540,3,5
8007,,,14,1,2,2,38,11,420,540,4,5
8008,,,13,1,2,3,49,89,300,600,4,5
8009,,,13,2,2,2,81,4,60,180,2,5
8010,,,9,1,2,3,32,56,300,600,3,5
8011,,,14,1,2,3,34,2,300,600,3,5
8012,,,8,1,2,3,81,12,300,600,1,5
8013,,,12,2,2,1,8,60,420,540,4,5
8014,,,12,1,2,1,58,16,420,540,1,5
8015,,,14,2,2,2,1,97,0,300,2,5
8016,,,9,2,2,2,62,59,300,420,3,5
8017,,,4,2,2,2,81,14,420,540,2,5
8018,,,4,1,2,2,23,66,300,600,2,5
8019,,,8,1,2,3,95,67,300,600,1,5
8020,,,4,1,2,2,57,59,300,600,3,5
8021,,,5,1,2,1,85,85,300,600,3,5
8022,,,3,2,2,1,16,95,180,300,1,5
8023,,,10,2,2,3,38,47,180,300,1,5
8024,,,4,2,2,1,28,18,180,300,3,5
8025,,,11,1,2,2,69,91,300,600,4,5
8026,,,13,1,2,1,51,11,420,540,2,5
8027,,,14,2,2,1,56,7,420,540,3,5
8028,,,4,1,2,2,5,21,300,600,2,5
8029,,,8,2,2,3,46,100,0,300,4,5
8030,,,10,2,2,1,29,0,300,600,3,5
8031,,,6,1,2,1,23,20,420,540,1,5
8032,,,11,1,2,1,94,90,420,540,2,5
8033,,,4,2,2,1,62,9,420,540,4,5
8034,,,11,1,2,1,13,63,300,600,3,5
8035,,,4,2,2,1,47,78,60,180,1,5
8036,,,9,2,2,1,69,90,300,600,2,5
8037,,,7,2,2,3,99,2,300,600,1,5
8038,,,5,1,2,1,11,61,420,540,1,5
8039,,,4,2,2,3,38,65,300,600,3,5
8040,,,13,1,2,3,32,39,420,540,3,5
8041,,,7,2,2,2,61,96,420,540,3,5
8042,,,13,2,2,3,17,45,300,420,3,5
8043,,,4,1,2,1,15,79,420,540,1,5
8044,,,10,1,2,2,77,65,420,540,4,5
8045,,,8,1,2,1,26,42,420,540,4,5
8046,,,10,1,2,1,60,90,300,600,3,5
8047,,,3,2,2,2,61,3,300,600,4,5
8048,,,10,2,2,1,53,99,180,300,4,5
8049,,,15,2,2,2,96,40,300,600,2,5
8050,,,8,1,2,1,51,25,420,540,2,5
8051,,,10,2,2,1,91,24,300,420,3,5
8052,,,6,2,2,2,17,85,420,540,1,5
8053,,,3,1,2,2,71,54,300,600,3,5
8054,,,3,1,2,3,16,39,300,600,4,5
8055,,,15,1,2,3,10,22,300,600,4,5
8056,,,15,2,2,1,12,31,300,600,1,5
8057,,,14,1,2,1,80,57,300,600,1,5
8058,,,8,2,2,3,6,90,0,300,4,5
8059,,,11,2,2,1,30,63,420,540,4,5
8060,,,7,1,2,1,77,37,300,600,2,5
8061,,,3,1,2,2,20,57,300,600,2,5
8062,,,6,2,2,2,13,97,60,180,1,5
8063,,,8,1,2,3,27,75,420,540,3,5
8064,,,9,1,2,2,18,83,420,540,1,5
8065,,,14,2,2,2,94,56,300,420,2,5
8066,,,5,2,2,2,100,10,300,420,3,5
8067,,,12,2,2,1,39,87,420,540,3,5
8068,,,4,1,2,1,66,11,420,540,4,5
8069,,,13,1,2,1,46,20,420,540,3,5
8070,,,8,2,2,2,36,54,0,300,3,5
8071,,,2,2,2,1,2,62,180,300,2,5
8072,,,11,1,2,3,94,80,420,540,4,5
8073,,,16,2,2,2,68,51,420,540,3,5
8074,,,15,1,2,2,5,52,420,540,4,5
8075,,,13,1,2,2,47,25,420,540,2,5
8076,,,13,1,2,3,93,77,300,600,2,5
8077,,,5,2,2,2,38,80,180,300,3,5
8078,,,7,1,2,1,1,93,300,600,3,5
8079,,,8,1,2,2,26,53,420,540,1,5
8080,,,8,1,2,1,58,95,420,540,4,5
8081,,,10,2,2,3,62,48,300,420,2,5
8082,,,15,1,2,1,11,58,420,540,1,5
8083,,,2,1,2,2,19,51,420,540,1,5
8084,,,8,2,2,1,58,35,0,300,2,5
8085,,,5,1,2,3,22,96,300,600,3,5
8086,,,4,1,2,3,37,66,300,600,4,5
8087,,,14,2,2,3,66,82,420,540,1,5
8088,,,8,2,2,3,29,100,300,420,2,5
8089,,,7,1,2,3,76,2,300,600,2,5
8090,,,4,2,2,3,30,18,180,300,2,5
8091,,,3,2,2,3,69,82,300,600,1,5
8092,,,14,1,2,1,4,64,300,600,2,5
8093,,,12,1,2,2,2,54,420,540,4,5
8094,,,12,2,2,3,84,51,300,600,3,5
8095,,,14,1,2,1,17,38,420,540,4,5
8096,,,6,1,2,2,67,52,300,600,2,5
8097,,,13,2,2,3,64,37,180,300,4,5
8098,,,10,1,2,2,42,32,420,540,1,5
8099,,,10,2,2,2,22,92,180,300,3,5
8100,,,10,2,2,2,93,95,300,600,2,5
8101,,,13,2,2,1,12,43,300,600,2,5
8102,,,2,1,2,3,67,78,420,540,2,5
8103,,,11,2,2,1,61,57,180,300,2,5
8104,,,9,2,2,2,60,79,300,600,4,5
8105,,,13,2,2,3,28,86,0,300,1,5
8106,,,3,1,2,3,71,7,300,600,2,5
8107,,,5,1,2,2,10,96,420,540,3,5
8108,,,10,1,2,1,91,74,420,540,4,5
8109,,,14,2,2,3,16,10,180,300,1,5
8110,,,11,2,2,3,47,53,0,300,4,5
8111,,,10,2,2,2,52,9,300,420,2,5
8112,,,15,2,2,2,20,49,60,180,3,5
8113,,,5,2,2,1,61,53,0,300,4,5
8114,,,13,2,2,3,57,40,420,540,2,5
8115,,,7,1,2,3,18,37,420,540,3,5
8116,,,11,1,2,2,52,43,300,600,3,5
8117,,,14,2,2,2,78,6,0,300,4,5
8118,,,9,1,2,3,50,12,300,600,1,5
8119,,,5,2,2,3,66,72,60,180,4,5
8120,,,12,1,2,1,51,60,300,600,4,5
8121,,,13,1,2,1,51,63,420,540,1,5
8122,,,8,1,2,2,73,9,420,540,2,5
8123,,,7,2,2,1,28,36,60,180,4,5
8124,,,9,2,2,2,89,11,300,600,1,5
8125,,,9,2,2,2,26,41,300,600,3,5
8126,,,3,2,2,3,19,29,0,300,2,5
8127,,,7,1,2,3,20,52,300,600,3,5
8128,,,8,1,2,3,98,43,300,600,3,5
8129,,,10,2,2,1,4,46,0,300,2,5
8130,,,3,1,2,1,54,36,300,600,1,5
8131,,,14,1,2,3,0,11,420,540,2,5
8132,,,11,2,2,3,89,9,0,300,1,5
8133,,,13,2,2,3,61,23,300,600,1,5
8134,,,8,1,2,1,84,77,300,600,2,5
8135,,,8,1,2,1,47,1,420,540,1,5
8136,,,16,2,2,3,9,72,0,300,3,5
8137,,,2,1,2,3,92,26,420,540,2,5
8138,,,12,2,2,1,24,41,420,540,2,5
8139,,,15,2,2,2,21,19,300,420,2,5
8140,,,7,1,2,1,67,37,300,600,3,5
8141,,,9,1,2,1,19,63,420,540,1,5
8142,,,1,1,2,1,93,67,420,540,2,5
8143,,,9,2,2,2,79,51,60,180,2,5
8144,,,12,2,2,2,93,7,300,420,3,5
8145,,,14,2,2,2,1,79,60,180,2,5
8146,,,12,2,2,2,62,19,180,300,3,5
8147,,,10,2,2,1,36,75,180,300,3,5
8148,,,8,1,2,2,35,53,300,600,3,5
8149,,,7,1,2,3,36,93,300,600,1,5
8150,,,14,2,2,3,12,30,180,300,3,5
8151,,,11,1,2,2,84,13,300,600,1,5
8152,,,4,2,2,3,77,49,420,540,2,5
8153,,,4,1,2,3,52,40,420,540,3,5
8154,,,6,2,2,3,96,3,300,600,1,5
8155,,,8,1,2,1,10,83,420,540,2,5
8156,,,14,1,2,2,10,31,300,600,3,5
8157,,,8,1,2,3,100,33,420,540,2,5
8158,,,1,1,2,1,77,46,420,540,1,5
8159,,,7,2,2,3,58,91,180,300,2,5
8160,,,12,2,2,3,89,42,420,540,1,5
8161,,,14,1,2,1,99,6,420,540,3,5
8162,,,11,1,2,3,49,46,300,600,2,5
8163,,,2,2,2,2,12,70,300,600,4,5
8164,,,16,2,2,2,62,7,180,300,2,5
8165,,,11,1,2,3,88,57,420,540,2,5
8166,,,10,2,2,1,76,62,180,300,2,5
8167,,,4,2,2,1,64,82,300,600,1,5
8168,,,10,2,2,2,50,87,60,180,3,5
8169,,,5,2,2,1,86,37,420,540,2,5
8170,,,5,1,2,3,70,34,420,540,1,5
8171,,,5,1,2,2,27,92,300,600,1,5
8172,,,7,2,2,1,26,12,420,540,2,5
8173,,,5,2,2,3,67,86,60,180,1,5
8174,,,6,1,2,1,55,26,300,600,2,5
8175,,,12,2,2,1,89,38,420,540,4,5
8176,,,8,1,2,1,93,45,420,540,2,5
8177,,,7,2,2,3,8,2,0,300,4,5
8178,,,8,2,2,1,5,11,420,540,4,5
8179,,,2,2,2,1,11,3,0,300,3,5
8180,,,13,1,2,1,36,62,420,540,4,5
8181,,,3,2,2,1,60,64,60,180,1,5
8182,,,1,1,2,1,87,95,300,600,3,5
8183,,,4,2,2,2,85,86,180,300,2,5
8184,,,13,2,2,1,75,65,0,300,2,5
8185,,,17,2,2,3,52,5,300,420,2,5
8186,,,14,1,2,2,43,95,300,600,1,5
8187,,,15,2,2,2,28,2,60,180,1,5
8188,,,12,2,2,3,43,24,420,540,2,5
8189,,,16,1,2,2,78,49,420,540,2,5
8190,,,5,2,2,1,77,32,420,540,1,5
8191,,,10,1,2,3,32,2,300,600,3,5
8192,,,8,2,2,1,94,0,60,180,3,5
8193,,,14,2,2,3,32,42,180,300,4,5
8194,,,10,2,2,3,66,72,180,300,3,5
8195,,,6,1,2,3,18,21,420,540,1,5
8196,,,14,1,2,1,66,6,300,600,1,5
8197,,,11,1,2,3,63,20,300,600,4,5
8198,,,2,2,2,2,82,20,180,300,2,5
8199,,,3,1,2,2,12,45,300,600,4,5
8200,,,3,2,2,1,86,85,60,180,1,5
8201,,,8,2,2,1,94,32,60,180,1,5
8202,,,14,2,2,3,40,35,300,600,3,5
8203,,,4,1,2,2,100,98,420,540,1,5
8204,,,14,2,2,1,92,21,0,300,3,5
8205,,,3,1,2,2,80,87,420,540,2,5
8206,,,12,2,2,3,68,36,0,300,2,5
8207,,,4,1,2,3,21,51,300,600,3,5
8208,,,4,1,2,1,49,97,300,600,3,5
8209,,,11,1,2,1,17,77,420,540,3,5
8210,,,9,1,2,2,12,5,300,600,2,5
8211,,,8,2,2,3,9,49,0,300,1,5
8212,,,16,2,2,1,0,95,180,300,4,5
8213,,,6,1,2,2,84,8,300,600,3,5
8214,,,11,1,2,2,26,29,420,540,1,5
8215,,,12,2,2,3,56,22,0,300,2,5
8216,,,12,2,2,1,82,9,0,300,2,5
8217,,,13,1,2,3,22,10,300,600,2,5
8218,,,6,1,2,2,92,88,300,600,4,5
8219,,,2,2,2,2,94,32,180,300,4,5
8220,,,4,1,2,3,44,66,300,600,3,5
8221,,,5,1,2,2,11,19,300,600,3,5
8222,,,16,2,2,1,48,78,0,300,4,5
8223,,,9,1,2,3,100,55,420,540,3,5
8224,,,6,2,2,2,31,59,180,300,2,5
8225,,,12,2,2,3,3,61,300,420,1,5
8226,,,6,2,2,3,72,91,0,300,1,5
8227,,,10,2,2,2,32,27,0,300,1,5
8228,,,6,1,2,2,56,12,300,600,1,5
8229,,,6,1,2,1,57,98,420,540,4,5
8230,,,5,2,2,3,27,24,60,180,1,5
8231,,,11,1,2,3,6,53,420,540,3,5
8232,,,6,2,2,1,51,12,420,540,3,5
8233,,,14,1,2,3,41,59,420,540,1,5
8234,,,11,2,2,2,19,60,180,300,2,5
8235,,,10,2,2,1,38,23,420,540,3,5
8236,,,12,2,2,2,47,61,180,300,3,5
8237,,,9,2,2,1,35,36,0,300,2,5
8238,,,10,2,2,1,62,41,0,300,2,5
8239,,,15,2,2,3,10,62,180,300,1,5
8240,,,11,1,2,3,79,7,420,540,4,5
8241,,,6,1,2,1,15,65,420,540,1,5
8242,,,4,1,2,3,3,0,300,600,1,5
8243,,,3,2,2,3,14,52,300,420,3,5
8244,,,12,2,2,1,36,34,60,180,4,5
8245,,,6,1,2,1,3,80,300,600,2,5
8246,,,4,1,2,1,39,74,420,540,4,5
8247,,,15,1,2,2,76,13,420,540,4,5
8248,,,9,2,2,3,47,6,420,540,1,5
8249,,,4,2,2,2,88,45,60,180,2,5
8250,,,10,2,2,1,62,19,300,600,4,5
8251,,,10,2,2,1,51,99,0,300,4,5
8252,,,12,2,2,3,86,47,60,180,2,5
8253,,,14,2,2,1,20,35,420,540,3,5
8254,,,5,2,2,2,11,89,420,540,3,5
8255,,,5,1,2,1,93,83,300,600,3,5
8256,,,7,1,2,2,9,96,420,540,2,5
8257,,,5,1,2,3,62,33,300,600,2,5
8258,,,5,1,2,3,70,39,300,600,2,5
8259,,,3,1,2,1,11,11,300,600,3,5
8260,,,10,1,2,2,54,71,300,600,4,5
8261,,,10,1,2,3,17,37,420,540,3,5
8262,,,2,2,2,2,34,7,300,420,3,5
8263,,,9,2,2,2,56,6,420,540,3,5
8264,,,2,2,2,1,82,54,180,300,2,5
8265,,,14,2,2,2,3,18,420,540,3,5
8266,,,13,1,2,2,80,90,300,600,4,5
8267,,,16,1,2,2,40,99,420,540,2,5
8268,,,13,2,2,1,88,41,180,300,4,5
8269,,,11,1,2,2,4,73,420,540,4,5
8270,,,10,1,2,2,64,38,420,540,3,5
8271,,,14,2,2,3,30,88,0,300,3,5
8272,,,6,1,2,3,98,80,300,600,1,5
8273,,,12,1,2,1,6,57,300,600,3,5
8274,,,12,2,2,3,71,91,60,180,3,5
8275,,,6,2,2,2,82,37,420,540,1,5
8276,,,7,2,2,3,3,14,180,300,3,5
8277,,,9,2,2,1,47,98,300,600,1,5
8278,,,4,2,2,3,48,83,420,540,2,5
8279,,,10,2,2,2,37,25,300,600,2,5
8280,,,10,2,2,2,92,66,0,300,2,5
8281,,,14,2,2,2,58,19,420,540,2,5
8282,,,2,1,2,1,89,49,420,540,1,5
8283,,,8,2,2,3,35,18,300,600,1,5
8284,,,13,1,2,1,53,68,300,600,4,5
8285,,,13,2,2,3,80,44,0,300,4,5
8286,,,13,2,2,3,12,81,180,300,3,5
8287,,,9,2,2,2,57,46,60,180,4,5
8288,,,10,1,2,2,37,95,300,600,2,5
8289,,,4,2,2,1,98,53,60,180,3,5
8290,,,7,2,2,1,61,89,300,420,1,5
8291,,,7,1,2,1,49,23,420,540,2,5
8292,,,9,2,2,1,56,89,420,540,1,5
8293,,,7,2,2,2,47,56,0,300,2,5
8294,,,4,1,2,2,79,47,300,600,3,5
8295,,,5,1,2,2,99,11,300,600,2,5
8296,,,14,1,2,1,15,74,300,600,2,5
8297,,,11,1,2,2,90,51,420,540,3,5
8298,,,11,2,2,2,88,86,60,180,1,5
8299,,,13,2,2,2,77,63,0,300,4,5
8300,,,6,1,2,3,30,45,420,540,3,5
8301,,,13,2,2,2,99,98,0,300,3,5
8302,,,15,1,2,3,95,98,300,600,3,5
8303,,,3,1,2,1,66,55,300,600,2,5
8304,,,5,1,2,1,27,62,300,600,4,5
8305,,,7,1,2,3,61,10,420,540,2,5
8306,,,7,2,2,3,15,43,180,300,2,5
8307,,,10,2,2,3,4,100,180,300,3,5
8308,,,5,2,2,3,96,95,300,600,3,5
8309,,,3,2,2,1,59,1,0,300,1,5
8310,,,3,2,2,2,40,46,180,300,1,5
8311,,,12,2,2,1,80,22,420,540,2,5
8312,,,13,1,2,2,45,10,420,540,1,5
8313,,,5,2,2,2,40,35,300,420,1,5
8314,,,11,1,2,3,3,78,420,540,2,5
8315,,,7,2,2,1,24,63,420,540,4,5
8316,,,11,2,2,1,87,8,180,300,1,5
8317,,,10,2,2,2,70,49,0,300,4,5
8318,,,14,2,2,1,24,71,420,540,4,5
8319,,,16,2,2,1,43,92,300,420,1,5
8320,,,8,2,2,1,35,0,60,180,4,5
8321,,,10,2,2,1,72,64,300,420,4,5
8322,,,11,1,2,2,11,28,300,600,2,5
8323,,,15,2,2,1,94,20,60,180,1,5
8324,,,10,2,2,3,5,47,300,600,4,5
8325,,,5,1,2,2,37,35,420,540,4,5
8326,,,14,1,2,1,9,57,420,540,3,5
8327,,,15,1,2,2,87,3,420,540,4,5
8328,,,13,1,2,2,72,56,300,600,4,5
8329,,,12,1,2,1,24,55,300,600,2,5
8330,,,16,2,2,3,37,8,60,180,4,5
8331,,,6,1,2,2,24,84,420,540,2,5
8332,,,7,1,2,3,94,76,300,600,4,5
8333,,,12,1,2,3,6,68,300,600,1,5
8334,,,6,1,2,1,49,11,420,540,1,5
8335,,,12,2,2,3,39,52,60,180,4,5
8336,,,10,1,2,2,38,52,300,600,2,5
8337,,,14,2,2,2,95,6,180,300,4,5
8338,,,3,2,2,2,96,1,300,600,4,5
8339,,,10,1,2,2,94,17,420,540,3,5
8340,,,7,2,2,2,83,100,60,180,3,5
8341,,,8,2,2,1,93,2,300,420,1,5
8342,,,15,1,2,2,79,38,420,540,4,5
8343,,,4,2,2,3,86,27,180,300,2,5
8344,,,15,1,2,3,70,0,300,600,2,5
8345,,,15,1,2,3,85,17,420,540,1,5
8346,,,3,2,2,3,66,96,300,420,4,5
8347,,,4,2,2,1,17,65,300,600,2,5
8348,,,12,2,2,2,3,89,180,300,2,5
8349,,,6,1,2,3,29,99,420,540,2,5
8350,,,14,2,2,3,34,3,60,180,2,5
8351,,,3,2,2,3,87,65,420,540,3,5
8352,,,2,1,2,2,39,34,420,540,1,5
8353,,,6,2,2,2,99,8,420,540,3,5
8354,,,14,2,2,2,50,30,300,420,4,5
8355,,,14,2,2,2,97,74,300,420,1,5
8356,,,14,2,2,1,96,75,0,300,3,5
8357,,,9,2,2,2,100,25,0,300,2,5
8358,,,13,1,2,3,96,87,420,540,3,5
8359,,,6,1,2,1,92,91,300,600,2,5
8360,,,8,2,2,2,52,22,0,300,1,5
8361,,,5,2,2,3,68,69,300,600,2,5
8362,,,3,1,2,3,92,96,300,600,3,5
8363,,,9,1,2,2,65,100,420,540,1,5
8364,,,15,2,2,1,17,0,0,300,4,5
8365,,,14,1,2,1,34,12,420,540,1,5
8366,,,10,1,2,2,97,15,300,600,1,5
8367,,,8,1,2,2,28,97,420,540,1,5
8368,,,14,1,2,1,38,63,300,600,1,5
8369,,,5,2,2,3,56,21,420,540,4,5
8370,,,15,1,2,3,94,70,420,540,2,5
8371,,,12,2,2,2,70,25,0,300,3,5
8372,,,5,1,2,2,78,10,420,540,1,5
8373,,,7,1,2,1,99,74,300,600,2,5
8374,,,13,2,2,1,48,54,420,540,3,5
8375,,,4,1,2,1,3,94,300,600,4,5
8376,,,3,2,2,2,17,82,180,300,3,5
8377,,,12,1,2,1,28,61,420,540,2,5
8378,,,13,2,2,1,63,39,420,540,1,5
8379,,,13,2,2,1,83,31,180,300,2,5
8380,,,8,2,2,2,59,29,180,300,1,5
8381,,,9,2,2,2,85,33,0,300,2,5
8382,,,6,2,2,1,3,55,60,180,4,5
8383,,,2,2,2,1,51,27,60,180,2,5
8384,,,15,1,2,1,15,5,300,600,1,5
8385,,,4,2,2,1,58,43,60,180,1,5
8386,,,12,2,2,1,58,32,0,300,1,5
8387,,,2,1,2,3,85,40,420,540,1,5
8388,,,10,1,2,2,77,64,420,540,3,5
8389,,,5,2,2,3,19,80,0,300,1,5
8390,,,9,1,2,3,96,30,420,540,2,5
8391,,,1,1,2,3,32,92,300,600,2,5
8392,,,12,1,2,1,9,51,420,540,3,5
8393,,,4,2,2,3,23,19,180,300,3,5
8394,,,13,2,2,1,57,18,420,540,2,5
8395,,,8,2,2,1,46,15,180,300,2,5
8396,,,14,2,2,2,76,57,420,540,2,5
8397,,,7,2,2,3,71,10,60,180,4,5
8398,,,2,1,2,2,6,1,300,600,3,5
8399,,,6,1,2,1,30,6,300,600,4,5
8400,,,4,2,2,2,97,4,420,540,4,5
8401,,,5,2,2,1,75,98,0,300,4,5
8402,,,6,1,2,2,43,66,300,600,4,5
8403,,,7,1,2,2,8,4,300,600,2,5
8404,,,16,1,2,1,83,20,420,540,3,5
8405,,,8,1,2,1,18,34,420,540,2,5
8406,,,16,2,2,2,83,54,60,180,1,5
8407,,,10,2,2,2,91,93,420,540,3,5
8408,,,6,1,2,2,72,27,300,600,4,5
8409,,,7,1,2,1,58,45,300,600,3,5
8410,,,4,1,2,1,57,2,300,600,1,5
8411,,0,1,2,2,2,52,75,420,540,1,5
8412,,0,1,2,2,3,47,79,300,420,2,5
8413,,0,1,2,2,1,5,88,420,540,3,5
8414,,0,1,2,2,1,23,71,420,540,3,5
8415,,0,1,2,2,3,3,75,60,180,4,5
8416,,0,1,2,2,3,87,48,300,420,4,5
8417,,0,1,2,2,3,3,43,300,600,4,5
8418,,0,1,2,2,3,8,36,420,540,4,5
8419,,0,1,2,2,1,42,9,0,300,1,5
8420,,0,1,2,2,3,54,51,420,540,2,5
8421,,0,1,2,2,2,58,73,300,600,3,5
8422,,0,1,2,2,2,15,48,300,600,3,5
8423,,0,1,2,2,3,73,54,60,180,4,5
8424,,0,1,2,2,3,60,96,420,540,4,5
8425,,0,1,2,2,1,75,61,300,600,4,5
8426,,0,1,2,2,3,6,19,0,300,2,5
8427,,0,1,2,2,1,86,78,300,600,2,5
8428,,0,1,2,2,1,7,75,420,540,4,5
8429,,0,1,2,2,3,19,3,420,540,3,5
8430,,0,1,2,2,1,99,26,60,180,3,5
8431,,0,1,2,2,2,2,55,420,540,4,5
8432,,0,1,2,2,3,0,97,0,300,2,5
8433,,0,1,2,2,1,7,68,300,600,4,5
8434,,0,1,2,2,2,58,77,300,600,4,5
8435,,0,1,2,2,3,27,89,420,540,4,5
8436,,0,1,2,2,3,69,48,60,180,4,5
8437,,0,1,2,2,2,95,3,300,600,1,5
8438,,0,1,2,2,2,50,10,420,540,2,5
8439,,0,1,2,2,1,60,90,180,300,2,5
8440,,0,1,2,2,2,71,93,300,600,4,5
8441,,0,1,2,2,3,82,80,420,540,1,5
8442,,0,1,2,2,1,0,84,420,540,1,5
8443,,0,1,2,2,1,5,22,180,300,2,5
8444,,0,1,2,2,2,73,38,300,600,4,5
8445,,0,1,2,2,1,33,92,180,300,1,5
8446,,0,1,2,2,3,23,95,60,180,4,5
8447,,0,1,2,2,1,58,9,300,420,1,5
8448,,0,1,2,2,3,81,82,300,600,1,5
8449,,0,1,2,2,2,35,86,420,540,4,5
8450,,0,1,2,2,1,3,88,60,180,2,5
8451,,0,1,2,2,3,5,54,420,540,2,5
8452,,0,1,2,2,1,32,83,300,420,3,5
8453,,0,1,2,2,2,51,61,180,300,2,5
8454,,0,1,2,2,2,56,7,300,600,2,5
8455,,0,1,2,2,1,58,39,300,600,4,5
8456,,0,1,2,2,3,20,8,300,600,3,5
8457,,0,1,2,2,1,99,25,300,420,4,5
8458,,0,1,2,2,3,33,58,420,540,1,5
8459,,0,1,2,2,2,96,15,420,540,4,5
8460,,0,1,2,2,3,63,88,0,300,4,5
8461,,0,1,2,2,1,60,2,420,540,4,5
8462,,0,1,2,2,2,50,27,180,300,4,5
8463,,0,1,2,2,1,67,47,60,180,1,5
8464,,0,1,2,2,1,5,31,420,540,2,5
8465,,0,1,2,2,3,85,29,60,180,3,5
8466,,0,1,2,2,2,57,33,180,300,1,5
8467,,0,1,2,2,1,92,26,420,540,1,5
8468,,0,1,2,2,1,84,25,180,300,3,5
8469,,0,1,2,2,3,84,90,300,600,3,5
8470,,0,1,2,2,1,40,36,300,600,4,5
8471,,0,1,2,2,2,6,90,300,420,4,5
8472,,0,1,2,2,1,26,28,420,540,4,5
8473,,0,1,2,2,2,26,15,420,540,4,5
8474,,0,1,2,2,1,34,98,420,540,4,5
8475,,0,1,2,2,3,66,3,180,300,4,5
8476,,0,1,2,2,2,14,86,300,600,1,5
8477,,0,1,2,2,3,36,47,420,540,2,5
8478,,0,1,2,2,3,84,37,300,600,1,5
8479,,0,1,2,2,1,6,88,420,540,2,5
8480,,0,1,2,2,2,31,37,60,180,2,5
8481,,0,1,2,2,3,68,87,300,420,2,5
8482,,0,1,2,2,1,1,79,300,600,3,5
8483,,0,1,2,2,2,19,52,420,540,2,5
8484,,0,1,2,2,1,64,79,60,180,1,5
8485,,0,1,2,2,3,6,76,300,600,1,5
8486,,0,1,2,2,1,8,75,300,420,2,5
8487,,0,1,2,2,2,0,8,300,600,3,5
8488,,0,1,2,2,1,3,1,300,600,3,5
8489,,0,1,2,2,2,67,59,180,300,3,5
8490,,0,1,2,2,1,38,67,420,540,3,5
8491,,0,1,2,2,2,2,57,420,540,1,5
8492,,0,1,2,2,3,43,62,420,540,4,5
8493,,0,1,2,2,1,43,66,300,600,1,5
8494,,0,1,2,2,3,2,69,300,600,3,5
8495,,0,1,2,2,1,29,52,300,600,2,5
8496,,0,1,2,2,1,37,66,420,540,1,5
8497,,0,1,2,2,2,69,70,300,420,4,5
8498,,0,1,2,2,3,0,24,420,540,2,5
8499,,0,1,2,2,1,28,41,0,300,4,5
8500,,0,1,2,2,2,74,78,420,540,3,5
8501,,0,1,2,2,1,95,2,420,540,1,5
8502,,0,1,2,2,1,33,19,300,600,4,5
8503,,0,1,2,2,3,36,47,300,420,4,5
8504,,0,1,2,2,2,20,40,420,540,1,5
8505,,0,1,2,2,1,19,53,0,300,1,5
8506,,0,1,2,2,3,19,47,420,540,4,5
8507,,0,1,2,2,3,90,91,420,540,4,5
8508,,0,1,2,2,3,48,18,180,300,2,5
8509,,0,1,2,2,2,33,96,180,300,3,5
8510,,0,1,2,2,1,11,71,300,600,2,5
8511,,0,1,2,2,2,85,72,420,540,1,5
8512,,0,1,2,2,3,51,1,300,600,3,5
8513,,0,1,2,2,3,3,90,300,600,3,5
8514,,0,1,2,2,1,40,54,60,180,3,5
8515,,0,1,2,2,1,95,7,300,600,2,5
8516,,0,1,2,2,1,35,91,180,300,4,5
8517,,0,1,2,2,2,66,92,420,540,3,5
8518,,0,1,2,2,3,39,87,180,300,1,5
8519,,0,1,2,2,2,1,63,420,540,1,5
8520,,0,1,2,2,1,96,100,300,600,4,5
8521,,0,1,2,2,1,100,29,0,300,2,5
8522,,0,1,2,2,1,76,39,60,180,3,5
8523,,0,1,2,2,3,61,78,60,180,1,5
8524,,0,1,2,2,3,2,98,420,540,4,5
8525,,0,1,2,2,1,31,28,60,180,2,5
8526,,0,1,2,2,1,64,21,420,540,2,5
8527,,0,1,2,2,1,56,56,0,300,1,5
8528,,0,1,2,2,2,86,43,420,540,4,5
8529,,0,1,2,2,1,25,79,180,300,2,5
8530,,0,1,2,2,1,63,42,300,420,3,5
8531,,0,1,2,2,3,40,99,420,540,1,5
8532,,0,1,2,2,2,35,26,420,540,2,5
8533,,0,1,2,2,2,10,92,420,540,1,5
8534,,0,1,2,2,1,80,11,0,300,1,5
8535,,0,1,2,2,2,43,76,420,540,3,5
8536,,0,1,2,2,3,6,58,420,540,1,5
8537,,0,1,2,2,1,67,40,300,600,3,5
8538,,0,1,2,2,2,92,83,180,300,2,5
8539,,0,1,2,2,2,80,63,420,540,3,5
8540,,0,1,2,2,1,98,49,60,180,3,5
8541,,0,1,2,2,1,4,36,300,600,4,5
8542,,0,1,2,2,3,78,29,180,300,4,5
8543,,0,1,2,2,3,10,98,420,540,4,5
8544,,0,1,2,2,3,63,27,180,300,2,5
8545,,0,1,2,2,2,21,86,60,180,3,5
8546,,0,1,2,2,3,20,14,60,180,4,5
8547,,0,1,2,2,1,18,17,300,600,1,5
8548,,0,1,2,2,1,79,40,420,540,4,5
8549,,0,1,2,2,3,70,1,420,540,3,5
8550,,0,1,2,2,3,82,17,180,300,3,5
8551,,0,1,2,2,1,0,68,420,540,4,5
8552,,0,1,2,2,2,56,73,300,600,1,5
8553,,0,1,2,2,2,39,23,420,540,1,5
8554,,0,1,2,2,3,87,1,420,540,1,5
8555,,0,1,2,2,2,56,93,300,420,4,5
8556,,0,1,2,2,2,80,88,420,540,2,5
8557,,0,1,2,2,1,84,3,300,600,2,5
8558,,0,1,2,2,1,78,15,420,540,2,5
8559,,0,1,2,2,1,74,61,300,600,2,5
8560,,0,1,2,2,1,45,59,420,540,1,5
8561,,0,1,2,2,3,99,99,0,300,1,5
8562,,0,1,2,2,2,26,90,420,540,2,5
8563,,0,1,2,2,2,22,39,180,300,3,5
8564,,0,1,2,2,2,74,28,0,300,2,5
8565,,0,1,2,2,1,6,37,0,300,4,5
8566,,0,1,2,2,1,100,73,420,540,4,5
8567,,0,1,2,2,2,59,56,420,540,3,5
8568,,0,1,2,2,2,18,58,300,600,1,5
8569,,0,1,2,2,3,17,12,300,420,1,5
8570,,0,1,2,2,1,32,71,420,540,1,5
8571,,0,1,2,2,2,39,41,300,600,4,5
8572,,0,1,2,2,2,90,25,420,540,1,5
8573,,0,1,2,2,2,98,49,300,600,1,5
8574,,0,1,2,2,1,52,44,420,540,4,5
8575,,0,1,2,2,2,66,43,300,420,3,5
8576,,0,1,2,2,1,84,44,300,600,2,5
8577,,0,1,2,2,1,84,29,60,180,2,5
8578,,0,1,2,2,3,15,7,300,600,1,5
8579,,0,1,2,2,1,89,56,60,180,4,5
8580,,0,1,2,2,1,15,90,300,600,1,5
8581,,0,1,2,2,1,88,67,300,600,4,5
8582,,0,1,2,2,3,23,32,420,540,4,5
8583,,0,1,2,2,2,83,44,300,600,3,5
8584,,0,1,2,2,2,87,26,300,420,4,5
8585,,0,1,2,2,2,85,10,0,300,2,5
8586,,0,1,2,2,2,92,40,420,540,1,5
8587,,0,1,2,2,1,27,89,420,540,4,5
8588,,0,1,2,2,3,94,85,420,540,1,5
8589,,0,1,2,2,3,78,68,420,540,2,5
8590,,0,1,2,2,1,54,96,420,540,1,5
8591,,0,1,2,2,1,50,49,300,600,1,5
8592,,0,1,2,2,3,69,58,180,300,3,5
8593,,0,1,2,2,2,25,99,420,540,2,5
8594,,0,1,2,2,1,44,50,0,300,3,5
8595,,0,1,2,2,2,12,49,0,300,4,5
8596,,0,1,2,2,2,51,85,420,540,2,5
8597,,0,1,2,2,1,93,53,300,420,1,5
8598,,0,1,2,2,1,40,80,300,600,1,5
8599,,0,1,2,2,3,56,13,300,600,4,5
8600,,0,1,2,2,1,79,98,180,300,4,5
8601,,0,1,2,2,2,37,10,420,540,1,5
8602,,0,1,2,2,1,46,45,300,600,1,5
8603,,0,1,2,2,3,1,63,300,600,1,5
8604,,0,1,2,2,1,41,84,300,600,4,5
8605,,0,1,2,2,1,87,27,180,300,1,5
8606,,0,1,2,2,1,99,91,420,540,2,5
8607,,0,1,2,2,2,66,56,180,300,2,5
8608,,0,1,2,2,2,10,83,180,300,1,5
8609,,0,1,2,2,1,62,51,180,300,1,5
8610,,0,1,2,2,1,97,99,300,420,3,5
8611,,0,1,2,2,3,93,18,420,540,1,5
8612,,0,1,2,2,3,54,55,300,600,2,5
8613,,0,1,2,2,2,25,17,300,600,1,5
8614,,0,1,2,2,2,23,87,420,540,3,5
8615,,0,1,2,2,1,44,58,420,540,3,5
8616,,0,1,2,2,3,67,59,300,600,4,5
8617,,0,1,2,2,1,36,41,60,180,4,5
8618,,0,1,2,2,2,36,86,300,600,1,5
8619,,0,1,2,2,2,54,54,420,540,4,5
8620,,0,1,2,2,2,92,83,420,540,4,5
8621,,0,1,2,2,2,43,31,420,540,3,5
8622,,0,1,2,2,2,92,84,300,420,1,5
8623,,0,1,2,2,1,81,70,300,600,2,5
8624,,0,1,2,2,2,30,28,420,540,1,5
8625,,0,1,2,2,2,7,30,420,540,1,5
8626,,0,1,2,2,3,61,11,300,420,3,5
8627,,0,1,2,2,1,40,4,0,300,3,5
8628,,0,1,2,2,1,24,7,0,300,2,5
8629,,0,1,2,2,3,8,18,300,600,4,5
8630,,0,1,2,2,1,1,36,0,300,3,5
8631,,0,1,2,2,3,26,60,420,540,3,5
8632,,0,1,2,2,1,9,86,420,540,2,5
8633,,0,1,2,2,3,66,2,300,600,1,5
8634,,0,1,2,2,3,52,68,300,420,2,5
8635,,0,1,2,2,2,81,67,420,540,4,5
8636,,0,1,2,2,2,50,91,180,300,1,5
8637,,0,1,2,2,1,35,32,420,540,1,5
8638,,0,1,2,2,3,96,61,300,600,3,5
8639,,0,1,2,2,2,41,29,420,540,4,5
8640,,0,1,2,2,3,65,17,180,300,3,5
8641,,0,1,2,2,3,84,51,420,540,2,5
8642,,0,1,2,2,1,68,1,420,540,4,5
8643,,0,1,2,2,2,26,23,60,180,1,5
8644,,0,1,2,2,3,92,88,300,420,4,5
8645,,0,1,2,2,3,77,19,300,600,3,5
8646,,0,1,2,2,2,85,29,300,600,3,5
8647,,0,1,2,2,1,26,56,180,300,3,5
8648,,0,1,2,2,3,47,37,420,540,4,5
8649,,0,1,2,2,3,73,2,420,540,4,5
8650,,0,1,2,2,3,34,42,420,540,3,5
8651,,0,1,2,2,1,70,48,0,300,3,5
8652,,0,1,2,2,1,37,25,0,300,2,5
8653,,0,1,2,2,2,5,43,420,540,4,5
8654,,0,1,2,2,3,79,80,300,600,4,5
8655,,0,1,2,2,3,87,82,420,540,2,5
8656,,0,1,2,2,3,5,5,420,540,1,5
8657,,0,1,2,2,3,25,94,300,420,1,5
8658,,0,1,2,2,2,66,23,60,180,4,5
8659,,0,1,2,2,3,48,15,420,540,2,5
8660,,0,1,2,2,1,38,12,0,300,3,5
8661,,0,1,2,2,1,63,90,420,540,2,5
8662,,0,1,2,2,3,9,0,420,540,2,5
8663,,0,1,2,2,3,46,49,0,300,1,5
8664,,0,1,2,2,3,49,48,180,300,4,5
8665,,0,1,2,2,2,10,81,420,540,4,5
8666,,0,1,2,2,3,25,14,420,540,2,5
8667,,0,1,2,2,1,100,26,300,600,2,5
8668,,0,1,2,2,2,18,20,60,180,3,5
8669,,0,1,2,2,2,38,34,300,600,4,5
8670,,0,1,2,2,2,10,40,300,600,1,5
8671,,0,1,2,2,1,96,20,0,300,2,5
8672,,0,1,2,2,3,75,98,60,180,4,5
8673,,0,1,2,2,2,33,34,420,540,1,5
8674,,0,1,2,2,2,67,68,420,540,1,5
8675,,0,1,2,2,2,19,2,300,600,2,5
8676,,0,1,2,2,3,18,71,180,300,2,5
8677,,0,1,2,2,1,15,59,300,600,4,5
8678,,0,1,2,2,1,100,35,420,540,3,5
8679,,0,1,2,2,2,33,57,60,180,2,5
8680,,0,1,2,2,1,7,4,300,600,2,5
8681,,0,1,2,2,3,16,100,180,300,4,5
8682,,0,1,2,2,3,20,66,420,540,3,5
8683,,0,1,2,2,2,93,5,300,600,4,5
8684,,0,1,2,2,3,71,61,0,300,1,5
8685,,0,1,2,2,1,17,7,420,540,1,5
8686,,0,1,2,2,1,89,32,0,300,1,5
8687,,0,1,2,2,1,29,29,300,600,4,5
8688,,0,1,2,2,2,52,69,60,180,3,5
8689,,0,1,2,2,1,57,42,420,540,4,5
8690,,0,1,2,2,1,9,22,0,300,1,5
